Arg_L2_SF04_NV.cnv
* Sea-Bird SBE 9 Data File:
* FileName = S:\CTD_Data\CTD\Data\Argentina 2014\Data\Arg_L2_SF04.hex
* Software Version Seasave V 7.21g
* Temperature SN = 5769
* Conductivity SN = 4244
* Number of Bytes Per Scan = 31
* Number of Voltage Words = 4
* Number of Scans Averaged by the Deck Unit = 24
* NMEA Latitude = 45 56.66 S
* NMEA Longitude = 065 33.73 W
* NMEA UTC (Time) = Feb 07 2014 01:01:23
* NMEA baud rate = 9600
** R/V Coriolis II
** MARES project, ARGENTINA 2014
** Chief scientist : Dr. Gustavo Ferreyra
** Co-Chief scientist : Dr. José Luis Esteves
# nquan = 13
# nvalues = 705                                   
# units = specified
# name 0 = depSM: Depth [salt water, m]
# name 1 = prDM: Pressure, Digiquartz [db]
# name 2 = t090C: Temperature [ITS-90, deg C]
# name 3 = c0mS/cm: Conductivity [mS/cm]
# name 4 = sal00: Salinity, Practical [PSU]
# name 5 = sbeox0Mm/Kg: Oxygen, SBE 43 [umol/Kg]
# name 6 = flECO-AFL: Fluorescence, WET Labs ECO-AFL/FL [mg/m^3]
# name 7 = ph: pH
# name 8 = CStarTr0: Beam Transmission, WET Labs C-Star [%]
# name 9 = par: PAR/Irradiance, Biospherical/Licor
# name 10 = upoly0: Upoly 0, Nitrate
# name 11 = sigma-é00: Density [sigma-theta, Kg/m^3]
# name 12 = flag:  0.000e+00
# span 0 =     -0.411,     84.733                 
# span 1 =     -0.415,     85.452                 
# span 2 =    10.1097,    14.3702                 
# span 3 =   0.454511,  39.846282                 
# span 4 =     0.2812,    33.2258                 
# span 5 =    170.974,    275.404                 
# span 6 =    -0.1396,     1.2524                 
# span 7 =      7.879,      8.225                 
# span 8 =    50.9177,    97.4743                 
# span 9 = 1.0000e-12, 3.9954e+00                 
# span 10 = -0.7303538,  4.3700735                
# span 11 =    -0.5278,    25.5155                
# span 12 = 0.0000e+00, 0.0000e+00                
# interval = seconds: 1
# start_time = Feb 07 2014 01:01:23 [NMEA time, header]
# bad_flag = -9.990e-29
*END*
[from data line 334]
     55.668     56.136    10.6583  36.871700    33.1244    192.609    -0.0150      8.004    86.6808 1.0000e-12  1.4886632    25.3764  0.000e+00
     55.774     56.243    10.6572  36.870889    33.1245    192.779    -0.0150      8.004    86.7067 1.0000e-12  2.8796889    25.3766  0.000e+00
     55.374     55.839    10.6584  36.871949    33.1247    192.257    -0.0150      8.004    86.5776 1.0000e-12  0.9256291    25.3766  0.000e+00
     54.642     55.101    10.6585  36.871759    33.1247    192.401    -0.0224      8.004    86.5001 1.0000e-12  0.7931504    25.3766  0.000e+00
     54.295     54.751    10.6589  36.872008    33.1247    192.806    -0.0297      8.004    86.5517 1.0000e-12  1.2899453    25.3765  0.000e+00
     54.701     55.161    10.6595  36.872821    33.1248    192.560    -0.0297      8.004    86.4743 1.0000e-12  1.9523385    25.3765  0.000e+00
     55.343     55.808    10.6623  36.875260    33.1245    192.311    -0.0150      8.004    86.5001 1.0000e-12  2.2172957    25.3758  0.000e+00
     55.542     56.009    10.6605  36.874074    33.1248    192.323    -0.0224      8.004    86.5259 1.0000e-12  1.9854581    25.3763  0.000e+00
     55.032     55.495    10.6599  36.873322    33.1249    192.314    -0.0297      8.004    86.6292 1.0000e-12  2.0185778    25.3765  0.000e+00
     54.409     54.867    10.6621  36.875069    33.1249    192.289    -0.0297      8.004    86.6034 1.0000e-12  2.0516974    25.3761  0.000e+00
     54.408     54.865    10.6633  36.876006    33.1247    192.700    -0.0150      8.008    86.7583 1.0000e-12  1.8198598    25.3758  0.000e+00
     54.891     55.352    10.6640  36.876820    33.1247    192.293    -0.0370      8.008    86.6550 1.0000e-12  2.4822530    25.3756  0.000e+00
     55.243     55.708    10.6629  36.876134    33.1248    192.468    -0.0150      8.008    86.6808 1.0000e-12  2.1510564    25.3759  0.000e+00
     55.311     55.777    10.6624  36.875822    33.1249    192.725    -0.0150      8.008    86.7325 1.0000e-12  1.7205009    25.3761  0.000e+00
     55.327     55.792    10.6627  36.876134    33.1250    192.887    -0.0224      8.008    86.6808 1.0000e-12  1.5880222    25.3761  0.000e+00
     55.195     55.659    10.6630  36.876259    33.1249    192.467    -0.0150      8.008    86.5776 1.0000e-12  1.4224239    25.3759  0.000e+00
     54.827     55.288    10.6634  36.876507    33.1250    192.203    -0.0150      8.008    86.7067 1.0000e-12  1.2568256    25.3759  0.000e+00
     54.530     54.988    10.6637  36.876569    33.1248    192.863    -0.0077      8.008    86.8616 1.0000e-12  1.1574667    25.3758  0.000e+00
     54.751     55.211    10.6642  36.877194    33.1250    192.867    -0.0077      8.008    86.8874 1.0000e-12  1.1905863    25.3758  0.000e+00
     55.343     55.808    10.6619  36.875447    33.1250    192.638    -0.0224      8.008    86.8100 1.0000e-12  1.9854581    25.3763  0.000e+00
     55.531     55.998    10.6593  36.873449    33.1253    192.653    -0.0224      8.008    86.5517 1.0000e-12  1.9192188    25.3769  0.000e+00
     55.096     55.559    10.6623  36.875696    33.1250    192.630    -0.0224      8.008    86.7067 1.0000e-12  1.8529795    25.3762  0.000e+00
     54.649     55.108    10.6635  36.876569    33.1250    192.198    -0.0297      8.008    86.8874 1.0000e-12  1.8529795    25.3759  0.000e+00
     54.676     55.135    10.6638  36.876944    33.1251    192.613    -0.0077      8.008    86.9132 1.0000e-12  2.1510564    25.3760  0.000e+00
     55.229     55.694    10.6623  36.875759    33.1250    192.887    -0.0077      8.008    86.7841 1.0000e-12  2.8134496    25.3762  0.000e+00
     55.647     56.115    10.6576  36.872075    33.1254    192.663    -0.0150      8.008    86.7067 1.0000e-12  1.8860991    25.3773  0.000e+00
     55.267     55.732    10.6619  36.875572    33.1252    192.636    -0.0224      8.008    86.5776 1.0000e-12  0.8262701    25.3764  0.000e+00
     54.619     55.078    10.6634  36.876569    33.1251    192.614    -0.0150      8.008    86.7583 1.0000e-12  1.4224239    25.3761  0.000e+00
     54.507     54.965    10.6642  36.877068    33.1249    192.608    -0.0224      8.008    86.8616 1.0000e-12  1.4555436    25.3758  0.000e+00
     55.061     55.524    10.6623  36.875821    33.1252    192.629    -0.0297      8.008    86.7325 1.0000e-12  1.5549026    25.3763  0.000e+00
     55.537     56.003    10.6576  36.871950    33.1253    192.661    -0.0224      8.008    86.6292 1.0000e-12  1.4224239    25.3772  0.000e+00
     55.191     55.655    10.6616  36.875509    33.1254    193.051    -0.0150      8.008    86.4743 1.0000e-12  0.3957145    25.3766  0.000e+00
     54.606     55.065    10.6634  36.876694    33.1252    193.029    -0.0150      8.008    86.6292 1.0000e-12  0.4288342    25.3761  0.000e+00
     54.571     55.030    10.6639  36.877069    33.1251    192.773    -0.0077      8.008    86.7325 1.0000e-12  0.3957145    25.3760  0.000e+00
     54.991     55.454    10.6624  36.876008    33.1253    192.790    -0.0224      8.008    86.6808 1.0000e-12  0.7931504    25.3763  0.000e+00
     55.428     55.894    10.6580  36.872324    33.1254    192.403    -0.0224      8.008    86.5517 1.0000e-12  1.6873812    25.3772  0.000e+00
     55.545     56.012    10.6559  36.870576    33.1255    192.415    -0.0150      8.008    86.4743 1.0000e-12  1.4886632    25.3777  0.000e+00
     55.149     55.612    10.6603  36.874260    33.1254    192.640    -0.0224      8.008    86.4226 1.0000e-12  1.4555436    25.3768  0.000e+00
     54.550     55.008    10.6633  36.876444    33.1251    192.613    -0.0297      8.008    86.6292 1.0000e-12  2.2835350    25.3761  0.000e+00
     54.434     54.891    10.6642  36.877256    33.1252    192.606    -0.0224      8.008    86.7325 1.0000e-12  3.7076803    25.3759  0.000e+00
     54.957     55.419    10.6636  36.876945    33.1251    192.622    -0.0224      8.008    86.7067 1.0000e-12  0.9256291    25.3760  0.000e+00
     55.415     55.881    10.6588  36.872949    33.1253    192.653    -0.0224      8.008    86.5776 1.0000e-12  0.9918684    25.3770  0.000e+00
     55.253     55.718    10.6611  36.875072    33.1254    192.639    -0.0150      8.008    86.4485 1.0000e-12  1.6873812    25.3767  0.000e+00
     54.819     55.279    10.6628  36.876195    33.1252    192.622    -0.0224      8.008    86.5517 1.0000e-12  2.7140906    25.3762  0.000e+00
     54.704     55.164    10.6638  36.877069    33.1252    192.615    -0.0077      8.008    86.6808 1.0000e-12  2.3497744    25.3761  0.000e+00
     54.967     55.429    10.6627  36.876196    33.1252    192.626     0.0069      8.008    86.6034 1.0000e-12  1.9523385    25.3762  0.000e+00
     55.187     55.651    10.6602  36.874135    33.1253    193.058    -0.0077      8.008    86.5517 1.0000e-12  1.8198598    25.3768  0.000e+00
     55.108     55.571    10.6607  36.874447    33.1252    193.054    -0.0224      8.008    86.3968 1.0000e-12  2.0516974    25.3766  0.000e+00
     55.055     55.518    10.6614  36.874884    33.1250    192.381    -0.0224      8.008    86.5259 1.0000e-12  2.6809709    25.3764  0.000e+00
     55.067     55.529    10.6612  36.874884    33.1252    192.382    -0.0150      8.008    86.5001 1.0000e-12  1.4224239    25.3765  0.000e+00
     54.926     55.388    10.6624  36.875946    33.1252    192.626    -0.0150      8.008    86.4743 1.0000e-12  1.7205009    25.3763  0.000e+00
     54.776     55.237    10.6641  36.877382    33.1252    193.031    -0.0224      8.008    86.6292 1.0000e-12  1.9192188    25.3760  0.000e+00
     54.844     55.305    10.6656  36.878694    33.1252    193.027    -0.0150      8.008    86.6808 1.0000e-12  1.6542615    25.3757  0.000e+00
     54.966     55.428    10.6638  36.877258    33.1252    192.368    -0.0077      8.008    86.6550 1.0000e-12  2.8796889    25.3761  0.000e+00
     54.950     55.412    10.6634  36.876945    33.1253    192.785    -0.0077      8.008    86.6292 1.0000e-12  1.4224239    25.3762  0.000e+00
     54.936     55.398    10.6637  36.877070    33.1252    193.037    -0.0150      8.008    86.6808 1.0000e-12  0.7600308    25.3761  0.000e+00
     55.052     55.515    10.6624  36.875946    33.1252    192.792    -0.0077      8.008    86.6292 1.0000e-12  1.0581077    25.3763  0.000e+00
     55.143     55.607    10.6614  36.875197    33.1253    192.799    -0.0224      8.008    86.4743 1.0000e-12  1.6211419    25.3766  0.000e+00
     54.943     55.405    10.6628  36.876383    33.1253    192.788    -0.0224      8.008    86.4485 1.0000e-12  2.2835350    25.3763  0.000e+00
     54.605     55.064    10.6654  36.878506    33.1252    192.353    -0.0297      8.008    86.6292 1.0000e-12  2.3166547    25.3758  0.000e+00
     54.659     55.118    10.6658  36.878818    33.1251    192.353    -0.0150      8.008    86.7067 1.0000e-12  1.9192188    25.3756  0.000e+00
     55.125     55.588    10.6628  36.876196    33.1251    192.630    -0.0150      8.008    86.6034 1.0000e-12  1.9192188    25.3761  0.000e+00
     55.296     55.761    10.6606  36.874698    33.1254    192.643    -0.0150      8.008    86.4743 1.0000e-12  1.8198598    25.3768  0.000e+00
     54.827     55.288    10.6648  36.878069    33.1253    192.614    -0.0224      8.008    86.3968 1.0000e-12  1.5217829    25.3759  0.000e+00
     54.285     54.741    10.6664  36.879254    33.1252    192.594    -0.0150      8.008    86.6808 1.0000e-12  1.1243470    25.3756  0.000e+00
     54.367     54.824    10.6666  36.879379    33.1251    193.011    -0.0077      8.008    86.6292 1.0000e-12  0.5944325    25.3755  0.000e+00
     54.964     55.427    10.6642  36.877382    33.1250    192.621    -0.0150      8.008    86.5259 1.0000e-12  1.4886632    25.3758  0.000e+00
     55.219     55.684    10.6614  36.875447    33.1255    192.801    -0.0224      8.008    86.4226 1.0000e-12  1.4555436    25.3767  0.000e+00
     54.847     55.308    10.6650  36.878257    33.1253    192.614    -0.0224      8.008    86.3968 1.0000e-12  1.4555436    25.3759  0.000e+00
     54.401     54.858    10.6658  36.878755    33.1252    192.347    -0.0297      8.008    86.6034 1.0000e-12  1.9192188    25.3757  0.000e+00
     54.284     54.740    10.6664  36.879129    33.1251    193.010    -0.0150      8.008    86.6034 1.0000e-12  2.8134496    25.3755  0.000e+00
     54.526     54.984    10.6665  36.879380    33.1252    193.016    -0.0150      8.008    86.6292 1.0000e-12  1.9854581    25.3756  0.000e+00
     54.856     55.317    10.6645  36.877819    33.1252    192.779    -0.0077      8.008    86.5776 1.0000e-12  1.6542615    25.3759  0.000e+00
     54.945     55.407    10.6630  36.876508    33.1253    192.788    -0.0150      8.008    86.4226 1.0000e-12  2.2172957    25.3762  0.000e+00
     54.732     55.192    10.6647  36.877944    33.1252    192.775    -0.0224      8.008    86.3968 1.0000e-12  3.0452872    25.3759  0.000e+00
     54.330     54.787    10.6660  36.879004    33.1253    192.760    -0.0224      8.008    86.5776 1.0000e-12  3.0784068    25.3757  0.000e+00
     54.073     54.527    10.6670  36.879503    33.1250    192.750    -0.0150      8.008    86.6292 1.0000e-12  2.9790479    25.3754  0.000e+00
     54.184     54.640    10.6671  36.879691    33.1251    192.752    -0.0004      8.008    86.5776 1.0000e-12  2.8134496    25.3754  0.000e+00
     54.533     54.991    10.6666  36.879505    33.1252    192.763     0.0069      8.008    86.5517 1.0000e-12  2.3828940    25.3756  0.000e+00
     54.820     55.281    10.6641  36.877444    33.1252    192.780    -0.0077      8.008    86.4485 1.0000e-12  1.8529795    25.3760  0.000e+00
     54.769     55.230    10.6641  36.877444    33.1253    192.363    -0.0224      8.008    86.3193 1.0000e-12  1.4555436    25.3761  0.000e+00
     54.422     54.880    10.6657  36.878630    33.1252    192.764    -0.0224      8.008    86.5001 1.0000e-12  1.2568256    25.3757  0.000e+00
     54.116     54.571    10.6669  36.879441    33.1250    192.589    -0.0224      8.008    86.6808 1.0000e-12  1.5880222    25.3754  0.000e+00
     54.162     54.617    10.6676  36.880253    33.1252    192.334    -0.0150      8.008    86.5776 1.0000e-12  3.0452872    25.3753  0.000e+00
     54.528     54.987    10.6663  36.879193    33.1252    192.602    -0.0004      8.008    86.5517 1.0000e-12  2.4491333    25.3756  0.000e+00
     54.762     55.222    10.6643  36.877569    33.1252    193.032    -0.0077      8.008    86.4743 1.0000e-12  1.6873812    25.3760  0.000e+00
     54.269     54.726    10.6673  36.880066    33.1252    192.591    -0.0150      8.008    86.3968 1.0000e-12  1.5549026    25.3754  0.000e+00
     53.321     53.769    10.6710  36.882937    33.1251    192.299    -0.0224      8.008    86.6292 1.0000e-12  2.0185778    25.3747  0.000e+00
     52.497     52.938    10.6734  36.884683    33.1250    192.522    -0.0077      8.008    86.7841 1.0000e-12  2.2835350    25.3742  0.000e+00
     52.149     52.587    10.6754  36.886369    33.1251    192.920    -0.0004      8.008    86.9132 1.0000e-12  2.4160137    25.3739  0.000e+00
     51.970     52.407    10.6810  36.891241    33.1250    192.892    -0.0004      8.008    86.8874 1.0000e-12  2.4160137    25.3728  0.000e+00
     51.396     51.827    10.6865  36.896238    33.1252    193.016    -0.0077      8.008    87.3522 1.0000e-12  2.7140906    25.3720  0.000e+00
     50.446     50.869    10.7082  36.915981    33.1257    193.314    -0.0224      8.013    87.4813 1.0000e-12  2.3828940    25.3686  0.000e+00
     49.489     49.905    10.7559  36.960049    33.1269    193.660    -0.0224      8.013    87.7654 1.0000e-12  1.8529795    25.3612  0.000e+00
     48.777     49.187    10.8002  36.998946    33.1258    194.027    -0.0077      8.017    88.7724 1.0000e-12  1.1243470    25.3526  0.000e+00
     48.346     48.752    10.8003  36.999069    33.1261    194.751    -0.0004      8.022    89.8053 1.0000e-12  1.1243470    25.3528  0.000e+00
     48.039     48.442    10.8620  37.058012    33.1290    195.617    -0.0004      8.026    92.3616 1.0000e-12  0.5944325    25.3442  0.000e+00
     47.486     47.884    10.9621  37.152322    33.1326    196.054    -0.0150      8.031    93.7560 1.0000e-12  1.0912274    25.3293  0.000e+00
     46.550     46.941    11.0989  37.278028    33.1341    197.290    -0.0150      8.040    92.2842 1.0000e-12  1.5217829    25.3061  0.000e+00
     45.626     46.009    11.3262  37.487559    33.1368    198.504     0.0143      8.053    92.3100 1.0000e-12  1.4224239    25.2674  0.000e+00
     44.952     45.328    11.4909  37.642432    33.1415    201.247    -0.0004      8.062    92.7231 1.0000e-12 -0.2666786    25.2411  0.000e+00
     44.244     44.615    11.7618  37.893059    33.1446    204.003     0.0143      8.075    93.8851 1.0000e-12 -0.5316359    25.1937  0.000e+00
     43.407     43.771    11.9731  38.091556    33.1496    206.976     0.0802      8.092    95.6668 1.0000e-12 -0.4985162    25.1582  0.000e+00
     42.844     43.203    12.1591  38.264853    33.1523    209.964     0.1168      8.106    95.3053 1.0000e-12 -0.6309949    25.1254  0.000e+00
     42.600     42.956    12.3315  38.428304    33.1572    211.928     0.1022      8.114    96.0800 1.0000e-12 -0.7303538    25.0964  0.000e+00
     42.181     42.534    12.4050  38.498121    33.1595    214.139     0.1241      8.124    97.1903 1.0000e-12 -0.4653966    25.0841  0.000e+00
     41.269     41.614    12.5338  38.621425    33.1642    215.143     0.1901      8.132    96.9063 1.0000e-12 -0.4653966    25.0630  0.000e+00
     40.258     40.595    12.6602  38.744313    33.1707    215.781     0.1828      8.141    96.3124 1.0000e-12 -0.4653966    25.0435  0.000e+00
     39.550     39.881    12.8722  38.944008    33.1747    216.678     0.2047      8.150    96.4415 1.0000e-12 -0.4653966    25.0053  0.000e+00
     39.097     39.424    13.0130  39.078880    33.1794    217.399     0.1754      8.158    96.8030 1.0000e-12 -0.4653966    24.9812  0.000e+00
