Arg_L2_SF14_moy.cnv
* Sea-Bird SBE 9 Data File:
* FileName = S:\CTD_Data\CTD\Data\Argentina 2014\Data\Arg_L2_SF14.hex
* Software Version Seasave V 7.21g
* Temperature SN = 5769
* Conductivity SN = 4244
* Number of Bytes Per Scan = 31
* Number of Voltage Words = 4
* Number of Scans Averaged by the Deck Unit = 24
* NMEA Latitude = 45 56.69 S
* NMEA Longitude = 065 33.61 W
* NMEA UTC (Time) = Feb 08 2014 04:01:49
* NMEA baud rate = 9600
** R/V Coriolis II
** MARES project, ARGENTINA 2014
** Chief scientist : Dr. Gustavo Ferreyra
** Co-Chief scientist : Dr. José Luis Esteves
# nquan = 13
# nvalues = 674                                   
# units = specified
# name 0 = depSM: Depth [salt water, m]
# name 1 = prDM: Pressure, Digiquartz [db]
# name 2 = t090C: Temperature [ITS-90, deg C]
# name 3 = c0mS/cm: Conductivity [mS/cm]
# name 4 = sal00: Salinity, Practical [PSU]
# name 5 = sbeox0Mm/Kg: Oxygen, SBE 43 [umol/Kg]
# name 6 = flECO-AFL: Fluorescence, WET Labs ECO-AFL/FL [mg/m^3]
# name 7 = ph: pH
# name 8 = CStarTr0: Beam Transmission, WET Labs C-Star [%]
# name 9 = par: PAR/Irradiance, Biospherical/Licor
# name 10 = upoly0: Upoly 0, Nitrate
# name 11 = sigma-é00: Density [sigma-theta, Kg/m^3]
# name 12 = flag:  0.000e+00
# span 0 =     -0.267,     83.795                 
# span 1 =     -0.269,     84.505                 
# span 2 =     9.8003,    13.9444                 
# span 3 =  16.133367,  39.939378                 
# span 4 =    12.2705,    33.2427                 
# span 5 =    153.355,    263.199                 
# span 6 =    -0.0370,     1.4575                 
# span 7 =      7.884,      8.225                 
# span 8 =    61.2723,    97.3969                 
# span 9 = 1.0000e-12, 4.5649e-01                 
# span 10 = -0.7303538,  3.4096034                
# span 11 =     8.7054,    25.6075                
# span 12 = 0.0000e+00, 0.0000e+00                
# interval = seconds: 1
# start_time = Feb 08 2014 04:01:49 [NMEA time, header]
# bad_flag = -9.990e-29
*END*
      1.572      1.585    13.8830  39.938346    33.2426    221.230     1.2670      8.211    94.4532 2.2284e-02 -0.5978752    24.8534  0.000e+00
      1.557      1.570    13.8828  39.938153    33.2425    220.880     1.3256      8.211    94.3241 3.9387e-02 -0.5647556    24.8535  0.000e+00
      1.689      1.703    13.8824  39.937508    33.2422    221.236     1.3110      8.211    94.3757 3.3423e-02 -0.6309949    24.8533  0.000e+00
      1.574      1.587    13.8828  39.938153    33.2425    222.832     1.1937      8.211    94.4790 3.5758e-02 -0.5316359    24.8535  0.000e+00
      1.834      1.850    13.8827  39.938347    33.2427    220.187     1.2890      8.211    94.4790 4.0630e-02 -0.4653966    24.8536  0.000e+00
      1.788      1.803    13.8830  39.938476    33.2426    219.735     1.1644      8.211    94.4790 3.4350e-02 -0.5978752    24.8535  0.000e+00
      1.381      1.392    13.8832  39.938539    33.2427    220.071     1.1718      8.215    94.3757 2.1888e-02 -0.4653966    24.8535  0.000e+00
      1.399      1.410    13.8835  39.938732    33.2426    221.272     1.2963      8.211    94.1950 1.1133e-02 -0.5647556    24.8533  0.000e+00
      1.647      1.660    13.8833  39.938733    33.2426    220.478     1.2304      8.211    94.1433 4.8745e-02 -0.6309949    24.8534  0.000e+00
      1.709      1.723    13.8831  39.938476    33.2425    221.083     1.2084      8.211    94.2983 4.5520e-02 -0.5978752    24.8534  0.000e+00
      1.549      1.562    13.8834  39.938798    33.2427    220.475     1.1937      8.211    94.3499 3.5996e-02 -0.5978752    24.8534  0.000e+00
      1.576      1.589    13.8839  39.939185    33.2426    221.776     1.2084      8.211    94.3499 4.1892e-02 -0.5647556    24.8532  0.000e+00
      1.618      1.632    13.8839  39.939378    33.2427    221.175     1.2597      8.211    94.3499 4.8472e-02 -0.5978752    24.8533  0.000e+00
      1.599      1.612    13.8837  39.938669    33.2422    220.678     1.3329      8.215    94.3499 4.8745e-02 -0.5978752    24.8530  0.000e+00
      1.790      1.805    13.8822  39.937379    33.2423    221.139     1.3183      8.211    94.4274 5.1236e-02 -0.6309949    24.8534  0.000e+00
      1.762      1.776    13.8820  39.937379    33.2424    221.089     1.2230      8.211    94.4274 3.1827e-02 -0.5978752    24.8535  0.000e+00
      1.535      1.548    13.8836  39.938797    33.2425    221.276     1.3549      8.211    94.4790 4.2146e-02 -0.4653966    24.8532  0.000e+00
      1.638      1.651    13.8833  39.938604    33.2425    219.678     1.2450      8.215    94.4274 4.2146e-02 -0.5978752    24.8533  0.000e+00
      1.405      1.417    13.8828  39.937958    33.2424    218.973     1.3110      8.211    94.4015 1.4227e-02 -0.5978752    24.8533  0.000e+00
      1.456      1.468    13.8826  39.937894    33.2426    220.126     1.3036      8.211    94.2983 8.5111e-03 -0.4653966    24.8535  0.000e+00
      2.119      2.137    13.8826  39.938026    33.2424    222.997     1.1571      8.211    94.3241 3.2964e-02 -0.5316359    24.8534  0.000e+00
      2.276      2.295    13.8820  39.936930    33.2418    220.352     1.1864      8.215    94.3757 2.9821e-02 -0.5316359    24.8530  0.000e+00
      2.531      2.552    13.8807  39.936157    33.2421    220.367     1.2230      8.211    94.4274 1.4574e-03 -0.5647556    24.8536  0.000e+00
      3.276      3.303    13.8801  39.935966    33.2421    221.089     1.1571      8.215    94.4015 2.0988e-04 -0.5647556    24.8537  0.000e+00
      3.927      3.959    13.8810  39.937452    33.2425    220.303     1.0912      8.215    94.3499 1.0000e-12 -0.4653966    24.8538  0.000e+00
      4.565      4.603    13.8809  39.937455    33.2423    220.371     1.0692      8.215    94.4790 1.0000e-12 -0.4653966    24.8538  0.000e+00
      5.248      5.292    13.8776  39.934620    33.2423    220.755     1.0472      8.215    94.3499 1.0000e-12 -0.4653966    24.8544  0.000e+00
      5.812      5.860    13.8673  39.923916    33.2410    221.020     1.0765      8.215    94.0142 1.0000e-12 -0.4653966    24.8556  0.000e+00
      6.411      6.464    13.8677  39.924886    33.2413    219.079     1.1498      8.215    94.4532 1.0000e-12 -0.4653966    24.8558  0.000e+00
      7.037      7.095    13.8663  39.923598    33.2411    219.805     1.1425      8.215    94.5048 1.0000e-12 -0.4653966    24.8559  0.000e+00
      7.610      7.673    13.8661  39.923730    33.2412    221.527     1.1205      8.215    94.5823 1.0000e-12 -0.4653966    24.8560  0.000e+00
      8.213      8.282    13.8647  39.922571    33.2410    221.149     1.1498      8.215    94.4790 1.0000e-12 -0.4653966    24.8562  0.000e+00
      8.911      8.985    13.8558  39.913933    33.2404    220.106     1.1205      8.215    94.5048 1.0000e-12 -0.4653966    24.8576  0.000e+00
      9.660      9.740    13.8518  39.910647    33.2406    219.793     1.0985      8.215    94.4532 1.0000e-12 -0.6641145    24.8585  0.000e+00
     10.281     10.367    13.8569  39.915679    33.2406    220.189     1.1205      8.215    94.4790 1.0000e-12 -0.4653966    24.8575  0.000e+00
     10.809     10.898    13.8504  39.909556    33.2403    220.786     1.1791      8.215    94.3757 1.0000e-12 -0.4653966    24.8586  0.000e+00
     11.481     11.576    13.8551  39.914459    33.2405    220.783     1.1791      8.215    94.1433 1.0000e-12 -0.4653966    24.8579  0.000e+00
     12.165     12.266    13.8568  39.916525    33.2407    222.352     1.1425      8.215    94.3241 1.0000e-12 -0.5978752    24.8577  0.000e+00
     12.674     12.779    13.8563  39.915882    33.2403    221.314     1.1791      8.215    94.3757 1.0000e-12 -0.4653966    24.8575  0.000e+00
     13.229     13.339    13.8543  39.914401    33.2405    220.685     1.2450      8.215    94.3757 1.0000e-12 -0.4653966    24.8581  0.000e+00
     13.937     14.053    13.8517  39.911953    33.2401    220.968     1.1571      8.215    94.4532 1.0000e-12 -0.5978752    24.8584  0.000e+00
     14.669     14.791    13.8318  39.892743    33.2392    219.822     1.1571      8.216    94.5307 1.0000e-12 -0.4653966    24.8618  0.000e+00
     15.291     15.418    13.8176  39.879852    33.2393    220.105     1.1644      8.216    94.4532 1.0000e-12 -0.4653966    24.8647  0.000e+00
     15.865     15.997    13.8127  39.875536    33.2393    221.101     1.1937      8.216    94.2983 1.0000e-12 -0.5978752    24.8658  0.000e+00
     16.511     16.649    13.8106  39.873282    33.2388    222.188     1.1718      8.216    94.4015 1.0000e-12 -0.4653966    24.8658  0.000e+00
     17.277     17.421    13.8082  39.871610    33.2390    221.665     1.1791      8.216    94.4274 1.0000e-12 -0.4653966    24.8665  0.000e+00
     17.988     18.138    13.8058  39.869163    33.2385    221.091     1.1864      8.216    94.2466 1.0000e-12 -0.5978752    24.8666  0.000e+00
     18.443     18.596    13.8057  39.869487    33.2387    220.953     1.2230      8.216    94.2724 1.0000e-12 -0.4653966    24.8668  0.000e+00
     18.815     18.972    13.7815  39.846675    33.2383    222.134     1.2597      8.216    94.2208 1.0000e-12 -0.4653966    24.8715  0.000e+00
     19.417     19.579    13.7738  39.839654    33.2382    220.974     1.2524      8.216    94.3757 1.0000e-12 -0.6309949    24.8730  0.000e+00
     20.217     20.386    13.7561  39.822841    33.2376    220.470     1.2377      8.216    94.2983 1.0000e-12 -0.4653966    24.8762  0.000e+00
     21.013     21.188    13.7410  39.809123    33.2377    221.727     1.2524      8.216    94.2724 1.0000e-12 -0.4653966    24.8794  0.000e+00
     21.551     21.730    13.7344  39.803135    33.2376    220.708     1.2304      8.216    94.2983 1.0000e-12 -0.6641145    24.8807  0.000e+00
     21.925     22.107    13.7314  39.800367    33.2375    223.012     1.2597      8.216    94.2724 1.0000e-12 -0.4653966    24.8812  0.000e+00
     22.501     22.688    13.7266  39.795989    33.2372    222.242     1.2743      8.216    94.3241 1.0000e-12 -0.4653966    24.8820  0.000e+00
     23.304     23.498    13.7190  39.788393    33.2365    221.940     1.2084      8.216    94.2724 1.0000e-12 -0.6641145    24.8830  0.000e+00
     24.155     24.356    13.6962  39.767919    33.2368    220.751     1.2377      8.211    94.4015 1.0000e-12 -0.4653966    24.8880  0.000e+00
     24.785     24.991    13.6886  39.760646    33.2365    219.836     1.2230      8.211    94.3241 1.0000e-12 -0.4653966    24.8893  0.000e+00
     25.156     25.365    13.6825  39.755111    33.2364    221.099     1.2084      8.212    94.2208 1.0000e-12 -0.6641145    24.8905  0.000e+00
     25.499     25.711    13.6628  39.736187    33.2357    221.404     1.1864      8.212    94.4790 1.0000e-12 -0.4653966    24.8940  0.000e+00
     26.015     26.232    13.6191  39.694166    33.2343    220.906     1.1571      8.212    94.5565 1.0000e-12 -0.4653966    24.9017  0.000e+00
     26.760     26.983    13.5829  39.660011    33.2335    220.735     1.0912      8.207    94.9438 1.0000e-12 -0.5978752    24.9086  0.000e+00
     27.629     27.860    13.5639  39.641943    33.2328    221.259     1.0179      8.207    95.3569 1.0000e-12 -0.4653966    24.9119  0.000e+00
     28.416     28.653    13.5333  39.611728    33.2308    221.630     0.9520      8.207    95.4861 1.0000e-12 -0.4653966    24.9166  0.000e+00
     28.982     29.224    13.4928  39.572717    33.2294    220.037     0.7981      8.208    95.9250 1.0000e-12 -0.5978752    24.9237  0.000e+00
     29.430     29.675    13.4765  39.556141    33.2278    219.406     0.6956      8.203    96.4673 1.0000e-12 -0.4653966    24.9258  0.000e+00
     29.989     30.239    13.4545  39.533915    33.2260    219.482     0.6223      8.203    96.5706 1.0000e-12 -0.4653966    24.9288  0.000e+00
     30.615     30.870    13.3928  39.474519    33.2238    219.114     0.6077      8.203    96.6997 1.0000e-12 -0.5316359    24.9396  0.000e+00
     31.186     31.446    13.3532  39.434985    33.2210    219.216     0.6370      8.199    96.9321 1.0000e-12 -0.4653966    24.9454  0.000e+00
     31.768     32.033    13.2917  39.375007    33.2180    218.329     0.5784      8.195    96.9321 1.0000e-12 -0.4653966    24.9554  0.000e+00
     32.453     32.724    13.1858  39.272135    33.2134    218.887     0.4685      8.195    97.0870 1.0000e-12 -0.4653966    24.9730  0.000e+00
     33.230     33.508    13.0834  39.172700    33.2088    218.243     0.3952      8.186    97.2678 1.0000e-12 -0.4653966    24.9899  0.000e+00
     33.961     34.244    13.0104  39.103099    33.2066    216.600     0.3439      8.186    97.2936 1.0000e-12 -0.4653966    25.0026  0.000e+00
     34.537     34.826    12.8502  38.946099    33.1982    217.153     0.3073      8.182    97.3452 1.0000e-12 -0.4653966    25.0276  0.000e+00
     35.012     35.304    12.7562  38.858541    33.1973    216.659     0.2780      8.178    97.3710 1.0000e-12 -0.4653966    25.0454  0.000e+00
     35.547     35.845    12.6063  38.712764    33.1900    215.606     0.2340      8.169    97.3969 1.0000e-12 -0.4653966    25.0688  0.000e+00
     36.270     36.573    12.3494  38.465823    33.1801    215.465     0.2047      8.161    97.3969 1.0000e-12 -0.4653966    25.1106  0.000e+00
     37.096     37.407    11.9191  38.059963    33.1697    215.155     0.1681      8.144    97.3194 1.0000e-12 -0.4653966    25.1838  0.000e+00
     37.843     38.159    11.7178  37.876494    33.1705    212.213     0.1095      8.126    97.2161 1.0000e-12 -0.4653966    25.2218  0.000e+00
     38.346     38.667    11.6604  37.819813    33.1662    209.320     0.0802      8.117    97.1128 1.0000e-12 -0.6641145    25.2291  0.000e+00
     38.787     39.111    11.5901  37.751058    33.1617    207.411     0.0802      8.113    97.0095 1.0000e-12 -0.5647556    25.2385  0.000e+00
     39.416     39.746    11.4802  37.646634    33.1576    206.459     0.0655      8.108    96.9579 1.0000e-12 -0.4653966    25.2554  0.000e+00
     40.181     40.517    11.3754  37.548429    33.1548    206.286     0.0582      8.099    96.8804 1.0000e-12 -0.4653966    25.2724  0.000e+00
     40.925     41.267    11.2745  37.454915    33.1532    206.021     0.0582      8.090    96.8030 1.0000e-12 -0.4653966    25.2893  0.000e+00
     41.531     41.879    11.2600  37.439266    33.1505    205.709     0.0655      8.086    96.9579 1.0000e-12 -0.4653966    25.2899  0.000e+00
     42.137     42.489    11.2442  37.421924    33.1474    205.966     0.0729      8.086    97.1645 1.0000e-12 -0.4653966    25.2903  0.000e+00
     42.824     43.182    11.1329  37.313784    33.1405    205.760     0.0802      8.082    97.2161 1.0000e-12 -0.4653966    25.3049  0.000e+00
     43.481     43.846    10.8927  37.087544    33.1327    206.445     0.0875      8.073    97.1903 1.0000e-12 -0.4653966    25.3415  0.000e+00
     44.040     44.409    10.7344  36.947088    33.1358    206.184     0.0582      8.064    96.8546 1.0000e-12 -0.4653966    25.3718  0.000e+00
     44.618     44.992    10.6345  36.856234    33.1353    204.748     0.0948      8.055    96.5447 1.0000e-12 -0.4653966    25.3888  0.000e+00
     45.253     45.633    10.5968  36.821891    33.1349    203.123     0.0362      8.051    96.1058 1.0000e-12 -0.5647556    25.3951  0.000e+00
     45.856     46.240    10.5886  36.812965    33.1332    202.455     0.0289      8.046    95.5635 1.0000e-12 -0.4985162    25.3951  0.000e+00
     46.413     46.802    10.5763  36.801044    33.1322    202.057     0.0216      8.041    95.2020 1.0000e-12 -0.4653966    25.3965  0.000e+00
     47.115     47.510    10.5389  36.770279    33.1351    201.257     0.0143      8.037    94.4532 1.0000e-12 -0.5647556    25.4052  0.000e+00
     47.875     48.276    10.5168  36.751814    33.1363    199.975    -0.0004      8.028    91.3288 1.0000e-12 -0.4985162    25.4100  0.000e+00
     48.602     49.010    10.5073  36.743208    33.1359    197.803    -0.0077      8.023    88.5658 1.0000e-12 -0.4653966    25.4114  0.000e+00
     49.244     49.657    10.5052  36.740715    33.1351    194.597     0.0069      8.018    86.9907 1.0000e-12 -0.5978752    25.4111  0.000e+00
     49.788     50.205    10.5031  36.738284    33.1343    193.155     0.0143      8.018    86.2935 1.0000e-12 -0.3329179    25.4109  0.000e+00
     50.271     50.693    10.4980  36.733483    33.1339    192.489    -0.0077      8.018    86.2935 1.0000e-12  1.0249880    25.4115  0.000e+00
     50.833     51.260    10.4960  36.731613    33.1336    192.301    -0.0150      8.014    86.1902 1.0000e-12 -0.4322769    25.4115  0.000e+00
     51.481     51.914    10.4942  36.729620    33.1329    192.534    -0.0004      8.014    85.9578 1.0000e-12 -0.6309949    25.4114  0.000e+00
     52.137     52.575    10.4840  36.721078    33.1334    192.452    -0.0150      8.014    85.5447 1.0000e-12 -0.2004393    25.4135  0.000e+00
     52.810     53.254    10.4805  36.718024    33.1332    192.088    -0.0077      8.009    84.7184 1.0000e-12  0.8593897    25.4140  0.000e+00
     53.504     53.954    10.4722  36.710980    33.1334    191.067    -0.0150      8.009    84.3569 1.0000e-12 -0.5316359    25.4155  0.000e+00
     54.207     54.663    10.4659  36.706119    33.1339    190.457    -0.0224      8.004    84.3569 1.0000e-12 -0.6972342    25.4171  0.000e+00
     54.820     55.281    10.4649  36.705310    33.1338    190.081    -0.0224      8.004    84.4860 1.0000e-12 -0.6972342    25.4171  0.000e+00
     55.329     55.794    10.4646  36.705063    33.1336    189.862    -0.0150      8.004    84.5118 1.0000e-12 -0.6972342    25.4170  0.000e+00
     55.946     56.416    10.4651  36.705564    33.1334    189.643    -0.0224      8.004    84.5893 1.0000e-12 -0.5316359    25.4168  0.000e+00
     56.699     57.176    10.4652  36.705816    33.1331    189.171    -0.0224      8.000    84.7184 1.0000e-12 -0.4322769    25.4166  0.000e+00
     57.385     57.867    10.4637  36.704883    33.1333    189.124    -0.0150      8.000    85.1057 1.0000e-12 -0.0348410    25.4170  0.000e+00
     57.819     58.306    10.4619  36.703513    33.1333    188.653    -0.0224      8.000    85.2348 1.0000e-12  0.4288342    25.4174  0.000e+00
