Arg_Leg3_G13_NV.cnv
* Sea-Bird SBE 9 Data File:
* FileName = S:\CTD_Data\CTD\Data\Argentina 2014\Data\Leg3\Arg_Leg3_G13.hex
* Software Version Seasave V 7.21g
* Temperature SN = 5769
* Conductivity SN = 4244
* Number of Bytes Per Scan = 31
* Number of Voltage Words = 4
* Number of Scans Averaged by the Deck Unit = 24
* NMEA Latitude = 46 15.99 S
* NMEA Longitude = 065 25.19 W
* NMEA UTC (Time) = Feb 12 2014 09:47:43
* NMEA baud rate = 9600
** R/V Coriolis II
** MARES project, ARGENTINA 2014
** Chief scientist : Dr. Gustavo Ferreyra
** Co-Chief scientist : Dr. José Luis Esteves
# nquan = 13
# nvalues = 489                                   
# units = specified
# name 0 = depSM: Depth [salt water, m]
# name 1 = prDM: Pressure, Digiquartz [db]
# name 2 = t090C: Temperature [ITS-90, deg C]
# name 3 = c0mS/cm: Conductivity [mS/cm]
# name 4 = sal00: Salinity, Practical [PSU]
# name 5 = sbeox0Mm/Kg: Oxygen, SBE 43 [umol/Kg]
# name 6 = flECO-AFL: Fluorescence, WET Labs ECO-AFL/FL [mg/m^3]
# name 7 = ph: pH
# name 8 = CStarTr0: Beam Transmission, WET Labs C-Star [%]
# name 9 = par: PAR/Irradiance, Biospherical/Licor
# name 10 = upoly0: Upoly 0, Nitrate
# name 11 = sigma-é00: Density [sigma-theta, Kg/m^3]
# name 12 = flag:  0.000e+00
# span 0 =     -0.121,     79.054                 
# span 1 =     -0.122,     79.725                 
# span 2 =    10.8639,    12.6904                 
# span 3 =   2.920743,  38.704419                 
# span 4 =     2.0329,    33.1983                 
# span 5 =    204.263,    285.419                 
# span 6 =    -0.1176,     2.7322                 
# span 7 =      7.595,      8.151                 
# span 8 =    63.0540,    93.3687                 
# span 9 = 1.0000e-12, 2.7309e+01                 
# span 10 = -0.7634735,  1.9523385                
# span 11 =     1.0070,    25.3983                
# span 12 = 0.0000e+00, 0.0000e+00                
# interval = seconds: 1
# start_time = Feb 12 2014 09:47:43 [NMEA time, header]
# bad_flag = -9.990e-29
*END*
[from data line 445]
      1.976      1.993    12.6673  38.682887    33.1218    232.116     2.3586      8.150    86.1128 2.2485e+01 -0.5316359    25.0033  0.000e+00
      2.169      2.187    12.6689  38.684479    33.1218    231.433     2.1828      8.150    86.0611 2.0546e+01 -0.5647556    25.0030  0.000e+00
      2.219      2.237    12.6690  38.684479    33.1217    230.783     2.2633      8.150    86.0611 2.0145e+01 -0.6309949    25.0029  0.000e+00
      2.074      2.091    12.6679  38.683460    33.1218    231.064     2.3219      8.150    86.0611 2.0259e+01 -0.6309949    25.0031  0.000e+00
      2.116      2.133    12.6682  38.683779    33.1218    231.807     2.2853      8.150    86.0353 2.2612e+01 -0.4985162    25.0031  0.000e+00
      2.196      2.214    12.6689  38.684479    33.1218    232.023     2.2780      8.150    86.0869 2.0721e+01 -0.5316359    25.0030  0.000e+00
      2.234      2.253    12.6683  38.683906    33.1218    233.079     2.2853      8.150    86.0095 2.0373e+01 -0.5647556    25.0031  0.000e+00
      1.893      1.909    12.6667  38.682250    33.1217    230.847     2.1608      8.150    86.0353 2.3128e+01 -0.5978752    25.0034  0.000e+00
      1.192      1.202    12.6631  38.678745    33.1219    230.347     2.0582      8.150    86.0353 2.7079e+01 -0.4985162    25.0041  0.000e+00
      0.771      0.777    12.6623  38.677916    33.1220    232.013     2.1681      8.150    86.1128 2.4955e+01 -0.4985162    25.0044  0.000e+00
      0.700      0.706    12.6630  38.678552    33.1219    230.676     2.1095      8.150    85.9837 2.4676e+01 -0.5316359    25.0042  0.000e+00
      0.700      0.706    12.6630  38.678552    33.1219    230.087     2.0289      8.150    86.0353 2.3855e+01 -0.5647556    25.0042  0.000e+00
      0.197      0.199    12.6621  38.677213    33.1217    231.843     2.1608      8.150    86.0353 2.6852e+01 -0.5978752    25.0042  0.000e+00
     -0.101     -0.102    12.6599  33.499139    28.2362    279.384     2.1168      8.146    75.2935 2.6551e+01 -0.5647556    21.2229  0.000e+00
     -0.109     -0.109    12.6544  31.061321    25.9768    240.221     1.3036      8.141    83.3240 2.6551e+01 -0.5647556    19.4774  0.000e+00
     -0.107     -0.108    12.4823   5.266597     3.8186    246.329     0.5930      8.147    75.2418 2.7309e+01 -0.4653966     2.4080  0.000e+00
     -0.107     -0.108    12.4544   3.629802     2.5711    268.398     0.1095      8.147    72.3756 2.7156e+01 -0.4653966     1.4455  0.000e+00
     -0.110     -0.111    12.4304   6.302707     4.6330    259.614    -0.1176      8.142    73.4601 2.7156e+01 -0.4985162     3.0447  0.000e+00
     -0.109     -0.110    12.4133  17.294129    13.7674    237.497    -0.1103      8.133    76.0939 2.7156e+01 -0.4653966    10.0962  0.000e+00
     -0.107     -0.108    12.4034  18.320395    14.6626    231.057    -0.0956      8.124    78.1080 2.7003e+01 -0.4653966    10.7881  0.000e+00
     -0.121     -0.122    12.3903  22.641516    18.4816    221.599    -0.0956      8.114    78.8310 2.6927e+01 -0.4653966    13.7359  0.000e+00
     -0.120     -0.121    12.3851  21.655851    17.6061    221.353    -0.0956      8.110    75.2418 2.6032e+01  1.2237060    13.0613  0.000e+00
     -0.116     -0.117    12.3747  19.957274    16.1083    222.088    -0.1030      8.100    65.2488 2.5309e+01  0.7600308    11.9075  0.000e+00
     -0.102     -0.102    12.3835  15.973918    12.6390    228.650    -0.0883      8.030    63.6479 2.4262e+01 -0.4653966     9.2305  0.000e+00
     -0.109     -0.110    12.3950  27.881280    23.2203    221.720    -0.0883      7.913    63.8286 2.2485e+01 -0.4653966    17.3934  0.000e+00
     -0.100     -0.101    12.3937  36.558263    31.3316    215.031    -0.0956      7.853    63.7511 2.1737e+01 -0.4653966    23.6684  0.000e+00
     -0.102     -0.102    12.4149  27.594147    22.9452    224.905    -0.0956      7.815    63.7253 2.2046e+01 -0.4653966    17.1775  0.000e+00
     -0.107     -0.108    12.6361  14.360476    11.1850    244.424    -0.0810      7.773    63.4671 2.3258e+01 -0.4653966     8.0722  0.000e+00
     -0.113     -0.114    12.6435   5.146616     3.7100    264.849    -0.0810      7.731    63.0540 2.3655e+01 -0.4653966     2.3030  0.000e+00
     -0.110     -0.111    12.6300  20.692958    16.6445    244.353    -0.0883      7.684    63.2864 2.2233e+01 -0.4653966    12.2807  0.000e+00
     -0.109     -0.110    12.6206  21.593945    17.4420    241.646    -0.0883      7.642    63.4155 2.1193e+01 -0.4653966    12.8970  0.000e+00
     -0.107     -0.108    12.6205  32.403982    27.2449    224.244    -0.0956      7.609    63.4671 1.9366e+01 -0.4653966    20.4636  0.000e+00
     -0.107     -0.108    12.6261  38.665118    33.1420    214.929    -0.0883      7.595    63.5188 1.7695e+01 -0.4653966    25.0269  0.000e+00
     -0.104     -0.105    12.6178  38.201062    32.7064    216.464    -0.0883      7.619    63.6220 1.8827e+01 -0.4653966    24.6909  0.000e+00
     -0.113     -0.114    12.6069  32.093033    26.9656    227.077    -0.0956      7.665    63.6737 2.1074e+01 -0.4653966    20.2502  0.000e+00
     -0.095     -0.096    12.6135  14.863201    11.6172    253.589    -0.0956      7.689    63.7511 2.0088e+01 -0.4653966     8.4086  0.000e+00
     -0.106     -0.107    12.6369   6.482508     4.7487    266.638    -0.0810      7.698    63.9061 2.0032e+01 -0.4653966     3.1068  0.000e+00
     -0.106     -0.107    12.6346   3.551417     2.5003    275.346    -0.0810      7.698    63.9319 2.0202e+01 -0.4653966     1.3677  0.000e+00
     -0.106     -0.107    12.6338   3.374403     2.3683    282.566    -0.0810      7.698    63.9319 1.9975e+01 -0.4653966     1.2655  0.000e+00
     -0.105     -0.106    12.6327   3.318100     2.3265    285.419    -0.0810      7.693    63.4671 1.9530e+01 -0.4653966     1.2332  0.000e+00
     -0.105     -0.106    12.6306   3.188469     2.2303    284.921    -0.0883      7.693    76.5587 1.9420e+01 -0.4985162     1.1590  0.000e+00
     -0.105     -0.106    12.6270   3.048847     2.1272    284.872    -0.0956      7.693    82.1104 1.9863e+01 -0.4653966     1.0795  0.000e+00
     -0.106     -0.107    12.6224   2.920743     2.0329    284.969    -0.0956      7.689    82.3428 2.0088e+01 -0.4653966     1.0070  0.000e+00
     -0.105     -0.106    12.6167   3.210574     2.2475    284.071    -0.0956      7.689    82.3428 1.9975e+01 -0.4653966     1.1741  0.000e+00
