Arg_L2_SF10_NV.cnv
* Sea-Bird SBE 9 Data File:
* FileName = S:\CTD_Data\CTD\Data\Argentina 2014\Data\Arg_L2_SF10.hex
* Software Version Seasave V 7.21g
* Temperature SN = 5769
* Conductivity SN = 4244
* Number of Bytes Per Scan = 31
* Number of Voltage Words = 4
* Number of Scans Averaged by the Deck Unit = 24
* NMEA Latitude = 45 56.73 S
* NMEA Longitude = 065 33.12 W
* NMEA UTC (Time) = Feb 08 2014 20:00:52
* NMEA baud rate = 9600
** R/V Coriolis II
** MARES project, ARGENTINA 2014
** Chief scientist : Dr. Gustavo Ferreyra
** Co-Chief scientist : Dr. José Luis Esteves
# nquan = 13
# nvalues = 643                                   
# units = specified
# name 0 = depSM: Depth [salt water, m]
# name 1 = prDM: Pressure, Digiquartz [db]
# name 2 = t090C: Temperature [ITS-90, deg C]
# name 3 = c0mS/cm: Conductivity [mS/cm]
# name 4 = sal00: Salinity, Practical [PSU]
# name 5 = sbeox0Mm/Kg: Oxygen, SBE 43 [umol/Kg]
# name 6 = flECO-AFL: Fluorescence, WET Labs ECO-AFL/FL [mg/m^3]
# name 7 = ph: pH
# name 8 = CStarTr0: Beam Transmission, WET Labs C-Star [%]
# name 9 = par: PAR/Irradiance, Biospherical/Licor
# name 10 = upoly0: Upoly 0, Nitrate
# name 11 = sigma-é00: Density [sigma-theta, Kg/m^3]
# name 12 = flag:  0.000e+00
# span 0 =     -0.289,     80.562                 
# span 1 =     -0.291,     81.245                 
# span 2 =     9.0689,    14.2229                 
# span 3 =   1.885814,  40.261960                 
# span 4 =     1.2313,    33.3313                 
# span 5 =    131.514,    270.925                 
# span 6 =    -0.3447,    19.1498                 
# span 7 =      7.782,      8.253                 
# span 8 =    37.3097,    97.2936                 
# span 9 = 2.7370e-03, 1.3470e+03                 
# span 10 = -0.7634735,  4.4363128                
# span 11 =     0.1789,    25.8005                
# span 12 = 0.0000e+00, 0.0000e+00                
# interval = seconds: 1
# start_time = Feb 08 2014 20:00:52 [NMEA time, header]
# bad_flag = -9.990e-29
*END*
[from data line 445]
     19.866     20.031    13.7040  39.773569    33.2371    221.422     1.4502      8.216    94.0142 6.3006e+01 -0.7634735    24.8864  0.000e+00
     19.925     20.091    13.7040  39.773698    33.2372    221.372     1.4062      8.216    94.0659 6.3361e+01 -0.7634735    24.8865  0.000e+00
     20.097     20.264    13.7040  39.773827    33.2373    221.580     1.4062      8.221    94.0917 5.8726e+01 -0.7634735    24.8866  0.000e+00
     20.108     20.276    13.7041  39.774085    33.2374    220.666     1.3915      8.221    94.0659 5.6141e+01 -0.7634735    24.8867  0.000e+00
     19.909     20.075    13.7035  39.773633    33.2375    221.018     1.4208      8.221    93.9884 5.9726e+01 -0.7634735    24.8869  0.000e+00
     19.763     19.927    13.7035  39.773504    33.2375    221.776     1.4428      8.221    94.1175 6.4079e+01 -0.7634735    24.8868  0.000e+00
     19.856     20.021    13.7037  39.773826    33.2376    221.219     1.4941      8.221    94.2466 5.8892e+01 -0.7634735    24.8869  0.000e+00
     20.004     20.170    13.7037  39.773827    33.2375    221.020     1.4575      8.221    94.1433 6.0232e+01 -0.6641145    24.8868  0.000e+00
     19.989     20.155    13.7037  39.774020    33.2377    220.868     1.4282      8.221    94.0400 6.0063e+01 -0.4985162    24.8870  0.000e+00
     19.970     20.136    13.7035  39.773827    33.2377    220.868     1.3915      8.221    94.0400 5.9224e+01 -0.5647556    24.8870  0.000e+00
     20.049     20.216    13.7037  39.774149    33.2378    221.073     1.3842      8.221    94.0659 6.0063e+01 -0.5978752    24.8871  0.000e+00
     20.135     20.303    13.7035  39.774085    33.2379    221.431     1.4135      8.221    94.1433 5.5513e+01 -0.7634735    24.8871  0.000e+00
     20.152     20.320    13.7037  39.774214    33.2378    221.076     1.4208      8.221    94.1950 5.6936e+01 -0.7634735    24.8871  0.000e+00
     20.134     20.301    13.7036  39.773956    33.2377    221.227     1.3915      8.221    94.1175 6.1086e+01 -0.7634735    24.8870  0.000e+00
     19.984     20.151    13.7031  39.773698    33.2380    221.784     1.3549      8.221    94.1175 6.2476e+01 -0.7634735    24.8873  0.000e+00
     19.736     19.900    13.7027  39.773311    33.2380    221.930     1.4062      8.221    94.1950 5.9558e+01 -0.7634735    24.8874  0.000e+00
     19.694     19.857    13.7027  39.773439    33.2381    220.660     1.3989      8.221    94.0917 6.3899e+01 -0.7634735    24.8875  0.000e+00
     20.001     20.168    13.7031  39.773827    33.2380    220.818     1.5014      8.221    94.1175 6.1086e+01 -0.7634735    24.8874  0.000e+00
     20.221     20.390    13.7032  39.773956    33.2380    222.145     1.4428      8.221    94.1175 5.5826e+01 -0.5647556    24.8874  0.000e+00
     20.052     20.219    13.7022  39.772990    33.2381    221.586     1.3915      8.221    94.2208 5.7581e+01 -0.6309949    24.8876  0.000e+00
     19.840     20.005    13.7008  39.771894    33.2383    220.114     1.4648      8.221    94.0400 6.2652e+01 -0.7303538    24.8880  0.000e+00
     19.972     20.138    13.7028  39.773698    33.2382    221.022     1.4721      8.221    93.9626 6.2126e+01 -0.7634735    24.8875  0.000e+00
     20.216     20.384    13.7030  39.773892    33.2381    221.994     1.4208      8.221    94.0400 5.6776e+01 -0.7634735    24.8874  0.000e+00
     20.180     20.348    13.7026  39.773699    33.2383    223.007     1.3915      8.221    94.0400 5.6458e+01 -0.7634735    24.8876  0.000e+00
     19.921     20.087    13.7011  39.772152    33.2383    221.739     1.4062      8.221    94.0142 6.1951e+01 -0.7634735    24.8880  0.000e+00
     19.763     19.927    13.7020  39.772860    33.2382    220.561     1.4575      8.221    94.0917 6.1777e+01 -0.7634735    24.8877  0.000e+00
     19.833     19.998    13.7030  39.773891    33.2383    220.814     1.4575      8.221    94.0659 6.1604e+01 -0.7634735    24.8876  0.000e+00
     19.962     20.128    13.7026  39.773633    33.2383    221.023     1.4502      8.221    94.0917 5.9894e+01 -0.7634735    24.8877  0.000e+00
     20.087     20.254    13.7026  39.773763    33.2384    221.585     1.3989      8.225    93.8851 5.6299e+01 -0.7634735    24.8878  0.000e+00
     20.165     20.333    13.7025  39.773827    33.2385    220.167     1.3989      8.221    94.1692 6.0402e+01 -0.7634735    24.8878  0.000e+00
     20.059     20.226    13.7024  39.773634    33.2384    221.381     1.4428      8.225    94.0917 5.9726e+01 -0.7634735    24.8878  0.000e+00
     19.856     20.021    13.7024  39.773440    33.2384    222.900     1.4282      8.225    94.0142 6.1604e+01 -0.7303538    24.8878  0.000e+00
     19.836     20.001    13.7027  39.773826    33.2384    222.083     1.4428      8.221    93.9884 5.7581e+01 -0.5316359    24.8878  0.000e+00
     20.084     20.252    13.7027  39.773892    33.2384    220.263     1.4282      8.225    93.9368 6.0063e+01 -0.6641145    24.8878  0.000e+00
     20.309     20.478    13.7027  39.773957    33.2384    219.915     1.4062      8.225    94.0142 5.9391e+01 -0.5316359    24.8878  0.000e+00
     20.227     20.395    13.7025  39.773828    33.2385    221.438     1.3989      8.225    94.0400 5.5669e+01 -0.7634735    24.8879  0.000e+00
     19.842     20.007    13.7010  39.772410    33.2386    221.992     1.4135      8.225    94.1692 6.0063e+01 -0.7634735    24.8882  0.000e+00
     19.582     19.745    13.7030  39.774018    33.2385    221.924     1.4135      8.225    94.0917 6.7407e+01 -0.7634735    24.8877  0.000e+00
     19.763     19.927    13.7036  39.774727    33.2386    221.722     1.4282      8.225    94.1175 6.1777e+01 -0.7634735    24.8877  0.000e+00
     20.128     20.296    13.7024  39.773699    33.2384    221.889     1.3696      8.225    94.2208 5.6776e+01 -0.6641145    24.8878  0.000e+00
     20.227     20.395    13.7022  39.773570    33.2385    221.538     1.3915      8.225    94.2466 5.6617e+01 -0.5316359    24.8879  0.000e+00
     20.012     20.179    13.7023  39.773569    33.2385    220.618     1.4575      8.225    94.1175 6.0232e+01 -0.7634735    24.8879  0.000e+00
     19.838     20.003    13.7025  39.773697    33.2385    222.236     1.4428      8.225    94.0142 5.9558e+01 -0.7634735    24.8878  0.000e+00
     19.890     20.055    13.7026  39.773762    33.2385    222.289     1.4282      8.225    94.0142 6.0402e+01 -0.7634735    24.8878  0.000e+00
     20.106     20.273    13.7023  39.773763    33.2386    221.482     1.4795      8.225    94.1692 5.9058e+01 -0.7634735    24.8880  0.000e+00
     20.265     20.434    13.7018  39.773313    33.2386    220.982     1.4575      8.225    93.9884 5.8397e+01 -0.7634735    24.8881  0.000e+00
     20.127     20.294    13.7017  39.773183    33.2386    219.914     1.4208      8.225    94.2724 5.5826e+01 -0.7634735    24.8881  0.000e+00
     19.812     19.977    13.7019  39.773182    33.2385    221.376     1.4355      8.225    94.1692 6.2301e+01 -0.7634735    24.8880  0.000e+00
     19.688     19.852    13.7023  39.773504    33.2386    222.692     1.4502      8.225    94.0142 6.4259e+01 -0.7634735    24.8879  0.000e+00
     19.898     20.064    13.7022  39.773440    33.2385    220.668     1.5014      8.225    94.1692 5.8892e+01 -0.7634735    24.8880  0.000e+00
     20.156     20.324    13.7019  39.773377    33.2386    220.624     1.6040      8.225    94.0400 5.6936e+01 -0.7634735    24.8880  0.000e+00
     20.138     20.306    13.7016  39.772990    33.2385    221.794     1.4208      8.225    94.1175 6.0232e+01 -0.7634735    24.8880  0.000e+00
     19.933     20.099    13.7020  39.773376    33.2386    221.228     1.4282      8.225    94.1950 5.7097e+01 -0.7634735    24.8881  0.000e+00
     19.852     20.017    13.7023  39.773504    33.2385    221.021     1.4282      8.225    94.1175 5.9894e+01 -0.6309949    24.8879  0.000e+00
     20.024     20.190    13.7025  39.773956    33.2386    221.583     1.4062      8.225    94.1433 6.2126e+01 -0.7303538    24.8880  0.000e+00
     20.207     20.375    13.7017  39.773248    33.2387    222.302     1.4502      8.225    94.1175 5.4891e+01 -0.7634735    24.8882  0.000e+00
     20.159     20.327    13.7019  39.773506    33.2387    221.386     1.4575      8.225    94.0400 5.6776e+01 -0.7634735    24.8881  0.000e+00
     19.929     20.095    13.7023  39.773633    33.2385    221.326     1.4208      8.225    94.0917 6.0743e+01 -0.5978752    24.8879  0.000e+00
     19.733     19.897    13.7029  39.774083    33.2386    221.015     1.4208      8.225    94.1175 6.2126e+01 -0.7303538    24.8878  0.000e+00
     19.773     19.937    13.7029  39.774148    33.2386    221.877     1.4502      8.225    94.0659 6.1604e+01 -0.7634735    24.8879  0.000e+00
     20.045     20.212    13.7023  39.773763    33.2386    222.295     1.4575      8.225    94.1950 5.9894e+01 -0.7634735    24.8880  0.000e+00
     20.276     20.445    13.7014  39.773055    33.2387    220.629     1.4575      8.225    94.1692 5.6776e+01 -0.7634735    24.8882  0.000e+00
     20.189     20.357    13.7016  39.773119    33.2386    220.271     1.3915      8.225    94.1950 5.8069e+01 -0.7634735    24.8881  0.000e+00
     19.888     20.054    13.7020  39.773311    33.2386    222.292     1.4502      8.225    94.2724 5.9558e+01 -0.7634735    24.8880  0.000e+00
     19.809     19.974    13.7023  39.773504    33.2386    220.717     1.3842      8.225    94.1692 6.1951e+01 -0.7634735    24.8879  0.000e+00
     20.066     20.233    13.7019  39.773376    33.2387    222.041     1.5088      8.225    94.0659 6.0572e+01 -0.7634735    24.8881  0.000e+00
     20.281     20.449    13.7013  39.772862    33.2386    222.359     1.4135      8.225    93.9626 5.6458e+01 -0.7634735    24.8882  0.000e+00
     20.128     20.296    13.7014  39.772861    33.2385    220.422     1.3989      8.225    94.0659 5.4124e+01 -0.7634735    24.8881  0.000e+00
     19.743     19.907    13.7020  39.773375    33.2387    221.880     1.4208      8.225    94.1692 5.9894e+01 -0.6309949    24.8881  0.000e+00
     19.627     19.791    13.7023  39.773246    33.2384    221.219     1.4648      8.225    94.0142 6.3899e+01 -0.5316359    24.8878  0.000e+00
     20.021     20.188    13.7018  39.773247    33.2386    221.331     1.4428      8.225    94.1433 5.9058e+01 -0.6972342    24.8881  0.000e+00
     20.379     20.549    13.7011  39.772734    33.2386    221.245     1.3989      8.225    94.2208 5.3669e+01 -0.5978752    24.8882  0.000e+00
     20.159     20.327    13.7014  39.772926    33.2386    221.540     1.4208      8.225    94.0142 5.6141e+01 -0.6972342    24.8882  0.000e+00
     19.665     19.829    13.7015  39.772860    33.2386    221.578     1.4062      8.225    94.0400 6.4986e+01 -0.6309949    24.8881  0.000e+00
     19.417     19.579    13.7021  39.773181    33.2385    221.516     1.4282      8.225    94.1433 6.2476e+01 -0.7634735    24.8880  0.000e+00
     19.352     19.513    13.7021  39.773116    33.2385    221.363     1.4208      8.225    94.0659 6.1430e+01 -0.7634735    24.8880  0.000e+00
     19.071     19.230    13.7033  39.774403    33.2388    222.920     1.4282      8.225    93.9626 6.8362e+01 -0.7634735    24.8879  0.000e+00
     18.226     18.378    13.7070  39.777619    33.2389    221.663     1.3915      8.225    94.0659 7.2932e+01 -0.7634735    24.8872  0.000e+00
     17.079     17.221    13.7108  39.780126    33.2384    220.243     1.3403      8.225    94.0142 8.5858e+01 -0.7634735    24.8860  0.000e+00
     16.123     16.257    13.7154  39.783986    33.2384    222.427     1.3622      8.225    94.0659 1.0051e+02 -0.7303538    24.8850  0.000e+00
     15.591     15.720    13.7159  39.784113    33.2383    222.613     1.3036      8.225    94.0917 9.9382e+01 -0.6309949    24.8848  0.000e+00
     15.255     15.382    13.7092  39.778187    33.2387    222.530     1.2304      8.225    94.1433 1.0543e+02 -0.7303538    24.8865  0.000e+00
     14.696     14.819    13.7265  39.794413    33.2391    222.434     1.2524      8.225    94.0917 1.1153e+02 -0.5978752    24.8832  0.000e+00
     13.816     13.931    13.7345  39.801430    33.2390    221.613     1.2817      8.225    94.0917 1.1765e+02 -0.5978752    24.8815  0.000e+00
     12.890     12.997    13.7468  39.812828    33.2394    221.177     1.2377      8.225    94.0400 1.5069e+02 -0.7303538    24.8793  0.000e+00
     12.070     12.171    13.7630  39.827577    33.2394    221.283     1.2743      8.225    93.9884 1.4528e+02 -0.5978752    24.8759  0.000e+00
     11.475     11.571    13.7750  39.838334    33.2392    221.767     1.2963      8.225    94.0142 1.9246e+02 -0.5647556    24.8733  0.000e+00
     11.103     11.195    13.7702  39.833694    33.2392    221.072     1.1571      8.225    93.8593 1.7639e+02 -0.4985162    24.8743  0.000e+00
     10.466     10.553    13.8024  39.865976    33.2416    221.408     1.1132      8.225    93.8851 1.9519e+02 -0.5647556    24.8695  0.000e+00
      9.404      9.482    13.8447  39.904392    33.2410    222.644     0.9227      8.225    93.8593 2.2912e+02 -0.5978752    24.8603  0.000e+00
      8.457      8.527    13.8908  39.947790    33.2418    222.353     0.9666      8.225    93.8851 2.0706e+02 -0.5647556    24.8514  0.000e+00
      7.934      8.000    13.8929  39.949852    33.2420    221.026     0.9227      8.225    93.9368 2.9427e+02 -0.4985162    24.8512  0.000e+00
      7.543      7.606    13.9214  39.978754    33.2444    221.383     0.8567      8.224    93.9368 2.4719e+02 -0.5647556    24.8471  0.000e+00
      6.919      6.976    14.1397  40.190230    33.2517    221.455     0.6956      8.224    93.8076 3.3491e+02 -0.5647556    24.8074  0.000e+00
      6.169      6.220    14.1675  40.202124    33.2389    222.664     0.5637      8.223    93.8335 2.9017e+02 -0.5316359    24.7917  0.000e+00
      5.751      5.798    14.1460  40.186668    33.2434    222.005     0.5784      8.223    93.8851 3.2198e+02 -0.5647556    24.7997  0.000e+00
      5.582      5.628    14.1498  40.185244    33.2389    219.621     0.6077      8.223    93.9368 3.5131e+02 -0.4985162    24.7954  0.000e+00
      5.231      5.274    14.1406  40.183434    33.2453    219.839     0.4611      8.224    93.7818 4.4365e+02 -0.5316359    24.8022  0.000e+00
      4.746      4.785    14.1612  40.200179    33.2432    220.869     0.3513      8.223    93.8851 3.7583e+02 -0.5978752    24.7963  0.000e+00
      4.278      4.314    14.1696  40.208973    33.2442    220.816     0.4025      8.223    93.9884 4.9926e+02 -0.4985162    24.7953  0.000e+00
      3.775      3.806    14.1733  40.210846    33.2429    221.628     0.4831      8.223    93.8593 4.9507e+02 -0.5978752    24.7935  0.000e+00
      3.355      3.383    14.1619  40.199915    33.2428    220.631     0.5271      8.223    93.8076 5.4016e+02 -0.5978752    24.7958  0.000e+00
      3.041      3.066    14.1168  40.156918    33.2422    220.236     0.4538      8.224    93.9368 7.9398e+02 -0.6309949    24.8048  0.000e+00
      2.706      2.728    14.0910  40.135976    33.2452    220.929     0.3806      8.224    93.7818 5.3412e+02 -0.6309949    24.8124  0.000e+00
      2.332      2.352    14.1057  40.151422    33.2470    220.849     0.3513      8.224    93.8593 7.8953e+02 -0.5647556    24.8107  0.000e+00
      1.835      1.850    14.1614  40.199780    33.2438    220.935     0.3732      8.223    93.8593 6.0276e+02 -0.6972342    24.7966  0.000e+00
      1.296      1.306    14.0795  40.121495    33.2424    221.293     0.3952      8.224    93.8335 9.2937e+02 -0.5978752    24.8126  0.000e+00
      0.965      0.972    14.1307  40.169839    33.2429    221.200     0.4099      8.224    93.8851 1.1411e+03 -0.4985162    24.8024  0.000e+00
      1.265      1.275    14.0907  40.131317    33.2418    221.392     0.3952      8.224    93.7302 9.5588e+02 -0.4985162    24.8098  0.000e+00
      1.570      1.583    14.1055  40.150579    33.2466    221.129     0.3146      8.224    93.8076 8.5180e+02 -0.4985162    24.8105  0.000e+00
