Arg_L2_SF08_NV.cnv
* Sea-Bird SBE 9 Data File:
* FileName = S:\CTD_Data\CTD\Data\Argentina 2014\Data\Arg_L2_SF08.hex
* Software Version Seasave V 7.21g
* Temperature SN = 5769
* Conductivity SN = 4244
* Number of Bytes Per Scan = 31
* Number of Voltage Words = 4
* Number of Scans Averaged by the Deck Unit = 24
* NMEA Latitude = 45 56.92 S
* NMEA Longitude = 065 34.93 W
* NMEA UTC (Time) = Feb 07 2014 15:04:38
* NMEA baud rate = 9600
** R/V Coriolis II
** MARES project, ARGENTINA 2014
** Chief scientist : Dr. Gustavo Ferreyra
** Co-Chief scientist : Dr. José Luis Esteves
# nquan = 13
# nvalues = 469                                   
# units = specified
# name 0 = depSM: Depth [salt water, m]
# name 1 = prDM: Pressure, Digiquartz [db]
# name 2 = t090C: Temperature [ITS-90, deg C]
# name 3 = c0mS/cm: Conductivity [mS/cm]
# name 4 = sal00: Salinity, Practical [PSU]
# name 5 = sbeox0Mm/Kg: Oxygen, SBE 43 [umol/Kg]
# name 6 = flECO-AFL: Fluorescence, WET Labs ECO-AFL/FL [mg/m^3]
# name 7 = ph: pH
# name 8 = CStarTr0: Beam Transmission, WET Labs C-Star [%]
# name 9 = par: PAR/Irradiance, Biospherical/Licor
# name 10 = upoly0: Upoly 0, Nitrate
# name 11 = sigma-é00: Density [sigma-theta, Kg/m^3]
# name 12 = flag:  0.000e+00
# span 0 =     -0.316,     87.397                 
# span 1 =     -0.319,     88.139                 
# span 2 =     9.3872,    13.8481                 
# span 3 =   6.187211,  39.891406                 
# span 4 =     4.3799,    33.2961                 
# span 5 =    135.575,    267.072                 
# span 6 =    -0.1323,    29.3842                 
# span 7 =      7.800,      8.217                 
# span 8 =     9.4997,    97.5002                 
# span 9 = 1.0000e-12, 2.0023e+03                 
# span 10 = -0.7634735,  3.0121675                
# span 11 =     2.6558,    25.7231                
# span 12 = 0.0000e+00, 0.0000e+00                
# interval = seconds: 1
# start_time = Feb 07 2014 15:04:38 [NMEA time, header]
# bad_flag = -9.990e-29
*END*
[from data line 112]
     71.986     72.595     9.9075  36.291152    33.2175    162.111    -0.0004      7.907    65.3263 1.8040e-02  1.5217829    25.5770  0.000e+00
     72.561     73.174     9.8977  36.284265    33.2192    161.493    -0.0004      7.907    65.3779 1.2489e-02  0.9918684    25.5800  0.000e+00
     73.226     73.845     9.8839  36.274274    33.2215    160.457    -0.0004      7.903    65.0939 9.1555e-03  1.2568256    25.5841  0.000e+00
     73.835     74.459     9.8667  36.261989    33.2245    159.863     0.0069      7.898    64.8873 6.0045e-03  1.6211419    25.5893  0.000e+00
     74.317     74.945     9.8513  36.250573    33.2269    159.096    -0.0150      7.898    64.9131 1.8804e-03  1.8198598    25.5937  0.000e+00
     74.877     75.511     9.8253  36.231653    33.2313    158.529     0.0069      7.893    65.1455 3.3161e-03  0.3625949    25.6015  0.000e+00
     75.734     76.375     9.7853  36.203125    33.2387    157.410    -0.0077      7.889    64.1385 7.3199e-05  0.1969966    25.6139  0.000e+00
     76.699     77.348     9.7525  36.179443    33.2443    155.996     0.0069      7.884    63.4671 1.0000e-12  0.4619538    25.6238  0.000e+00
     77.488     78.144     9.7183  36.154339    33.2499    154.685     0.0069      7.880    62.9249 1.0000e-12  0.8925094    25.6337  0.000e+00
     77.918     78.577     9.6944  36.139343    33.2564    152.890     0.0069      7.870    62.8732 1.0000e-12  0.7600308    25.6428  0.000e+00
     78.173     78.835     9.6771  36.122985    33.2556    150.909     0.0216      7.870    63.0023 1.0000e-12  1.7867402    25.6450  0.000e+00
     78.579     79.244     9.6645  36.114870    33.2587    149.622     0.0216      7.866    64.0868 1.0000e-12  1.7205009    25.6495  0.000e+00
     79.338     80.010     9.6191  36.081609    33.2663    148.713     0.0069      7.861    63.4929 1.0000e-12  0.9587487    25.6629  0.000e+00
     80.318     80.998     9.5720  36.047433    33.2744    147.979     0.0069      7.856    62.2535 1.0000e-12  0.7600308    25.6769  0.000e+00
     81.160     81.847     9.5496  36.031093    33.2781    146.726    -0.0077      7.847    62.1244 1.0000e-12  2.9790479    25.6834  0.000e+00
     81.637     82.328     9.5425  36.025276    33.2785    144.703    -0.0004      7.847    62.7183 1.0000e-12  2.1179368    25.6849  0.000e+00
     82.088     82.784     9.5262  36.012838    33.2806    142.980     0.0289      7.842    62.8216 1.0000e-12  0.2632359    25.6892  0.000e+00
     82.696     83.397     9.5137  36.003496    33.2823    142.410     0.0069      7.842    63.2089 1.0000e-12  2.1179368    25.6926  0.000e+00
     83.542     84.250     9.5020  35.994774    33.2838    141.842    -0.0004      7.838    62.7699 1.0000e-12  1.6542615    25.6957  0.000e+00
     84.482     85.198     9.4803  35.978259    33.2866    141.196    -0.0004      7.838    62.1760 1.0000e-12  1.8198598    25.7014  0.000e+00
     85.102     85.824     9.4435  35.950366    33.2918    141.032    -0.0004      7.833    61.8920 1.0000e-12  2.1179368    25.7114  0.000e+00
     85.331     86.055     9.4374  35.948821    33.2957    140.492    -0.0004      7.833    61.7629 1.0000e-12  2.1179368    25.7154  0.000e+00
     85.389     86.113     9.4339  35.943131    33.2930    139.670     0.0143      7.829    60.4976 1.0000e-12 -0.0679607    25.7140  0.000e+00
     85.068     85.790     9.5042  35.995522    33.2818    138.627     0.0289      7.828    59.7488 1.0000e-12  0.7600308    25.6938  0.000e+00
     84.970     85.691     9.4655  35.964342    33.2858    138.791     0.0289      7.828    61.1690 1.0000e-12  1.1905863    25.7031  0.000e+00
     85.325     86.049     9.4203  35.931506    33.2937    139.427     0.0289      7.824    59.8779 1.0000e-12  0.7931504    25.7167  0.000e+00
     85.807     86.535     9.4186  35.930271    33.2938    139.830     0.0216      7.824    57.8380 1.0000e-12  2.1841761    25.7171  0.000e+00
     86.003     86.732     9.4161  35.928108    33.2938    139.061     0.0289      7.824    58.6126 1.0000e-12  1.2568256    25.7175  0.000e+00
     85.940     86.669     9.4098  35.922358    33.2938    138.020     0.0069      7.819    56.8567 1.0000e-12  1.4224239    25.7185  0.000e+00
     85.828     86.556     9.3969  35.912899    33.2961    137.552     0.0143      7.819    55.4107 1.0000e-12  2.6147316    25.7223  0.000e+00
     85.666     86.393     9.3989  35.914196    33.2957    137.042     0.0216      7.819    54.7652 1.0000e-12 -0.2997983    25.7217  0.000e+00
     85.531     86.257     9.3959  35.906221    33.2903    136.997     0.0289      7.819    54.4295 1.0000e-12  0.3625949    25.7179  0.000e+00
     85.550     86.275     9.3938  35.909374    33.2955    136.497     0.0436      7.814    53.9905 1.0000e-12  0.7600308    25.7224  0.000e+00
     85.743     86.470     9.3936  35.909251    33.2955    136.612     0.0436      7.814    53.6290 1.0000e-12  0.9256291    25.7224  0.000e+00
     85.990     86.719     9.3986  35.913084    33.2946    136.546     0.0289      7.814    54.5586 1.0000e-12  0.6606718    25.7209  0.000e+00
     86.082     86.813     9.4009  35.914816    33.2943    136.373     0.0216      7.814    55.0750 1.0000e-12  0.6937915    25.7203  0.000e+00
     86.093     86.824     9.4005  35.914383    33.2941    136.932     0.0216      7.814    55.5657 1.0000e-12  1.3230650    25.7202  0.000e+00
     85.959     86.688     9.4049  35.917721    33.2936    136.750     0.0216      7.814    55.1525 1.0000e-12  1.4224239    25.7191  0.000e+00
     85.670     86.397     9.4073  35.919142    33.2929    136.738     0.0216      7.814    54.2487 1.0000e-12 -0.6309949    25.7182  0.000e+00
     85.588     86.314     9.4100  35.921181    33.2926    137.007     0.0289      7.814    54.2487 1.0000e-12  0.6606718    25.7175  0.000e+00
     85.926     86.655     9.4073  35.919452    33.2931    137.021     0.0289      7.814    54.1713 1.0000e-12  0.7600308    25.7183  0.000e+00
     86.331     87.063     9.4110  35.922544    33.2927    137.017     0.0216      7.814    53.6032 1.0000e-12  0.5613128    25.7174  0.000e+00
     86.409     87.142     9.4063  35.918711    33.2931    136.586     0.0289      7.814    54.8943 1.0000e-12  0.1307573    25.7185  0.000e+00
     86.201     86.933     9.4070  35.918958    33.2928    136.581     0.0289      7.810    54.5586 1.0000e-12  0.5613128    25.7181  0.000e+00
     85.801     86.529     9.4060  35.918215    33.2931    136.855     0.0143      7.810    54.5070 1.0000e-12  1.2568256    25.7185  0.000e+00
     85.493     86.218     9.4106  35.921057    33.2919    136.837     0.0289      7.810    54.5844 1.0000e-12  1.6873812    25.7168  0.000e+00
     85.782     86.510     9.4064  35.918833    33.2934    136.854     0.0289      7.810    53.2675 1.0000e-12  1.7536205    25.7187  0.000e+00
     86.601     87.335     9.4267  35.934416    33.2902    136.808     0.0143      7.810    51.7699 1.0000e-12  0.8262701    25.7129  0.000e+00
     87.062     87.801     9.4209  35.930152    33.2910    136.834     0.0069      7.810    52.0539 1.0000e-12  0.6937915    25.7145  0.000e+00
     86.461     87.195     9.4363  35.942269    33.2895    136.777     0.0143      7.810    56.3661 1.0000e-12  0.6275521    25.7108  0.000e+00
     85.508     86.234     9.4466  35.949686    33.2880    136.730     0.0143      7.814    54.4037 1.0000e-12  0.6275521    25.7079  0.000e+00
     85.018     85.740     9.4494  35.951478    33.2875    137.158     0.0216      7.814    52.1572 1.0000e-12  0.3294752    25.7071  0.000e+00
     85.342     86.066     9.4491  35.951232    33.2873    137.610     0.0143      7.814    52.3121 1.0000e-12  0.8262701    25.7070  0.000e+00
     86.234     86.966     9.4526  35.954389    33.2869    137.783     0.0143      7.814    52.1314 1.0000e-12  1.7536205    25.7061  0.000e+00
     87.176     87.916     9.4181  35.928359    33.2918    138.071     0.0143      7.814    52.9835 1.0000e-12  2.4822530    25.7156  0.000e+00
     87.237     87.977     9.4224  35.932316    33.2918    137.780     0.0143      7.810    56.2628 1.0000e-12  1.8860991    25.7149  0.000e+00
     86.424     87.158     9.4396  35.944619    33.2888    137.437     0.0143      7.810    56.3145 1.0000e-12  0.2301162    25.7098  0.000e+00
     85.589     86.315     9.4521  35.953212    33.2865    136.941     0.0216      7.810    54.7135 1.0000e-12  0.4288342    25.7059  0.000e+00
     85.396     86.121     9.4397  35.943997    33.2886    137.419     0.0216      7.810    54.3520 1.0000e-12  1.0912274    25.7096  0.000e+00
     85.949     86.678     9.4389  35.943566    33.2886    137.709     0.0143      7.810    53.9647 1.0000e-12  1.7205009    25.7097  0.000e+00
     86.738     87.474     9.4210  35.930336    33.2913    137.498    -0.0004      7.810    53.8872 1.0000e-12  1.8529795    25.7147  0.000e+00
     87.075     87.814     9.4112  35.922732    33.2924    137.534     0.0069      7.810    54.8426 1.0000e-12  1.7536205    25.7171  0.000e+00
     86.657     87.393     9.4176  35.927368    33.2914    137.508     0.0143      7.810    55.1783 1.0000e-12  1.6211419    25.7153  0.000e+00
     85.995     86.725     9.4240  35.932250    33.2908    136.585     0.0143      7.810    54.8943 1.0000e-12  1.5880222    25.7138  0.000e+00
     85.723     86.450     9.4260  35.933300    33.2901    136.575     0.0143      7.805    54.1713 1.0000e-12  1.5880222    25.7130  0.000e+00
     86.041     86.771     9.4166  35.926067    33.2913    136.719     0.0069      7.805    53.4741 1.0000e-12  1.7867402    25.7154  0.000e+00
     86.774     87.510     9.3897  35.905855    33.2951    136.812     0.0143      7.805    53.0609 1.0000e-12  1.7536205    25.7228  0.000e+00
     87.397     88.139     9.3888  35.905362    33.2952    137.105     0.0216      7.805    52.1830 1.0000e-12  1.5880222    25.7230  0.000e+00
     86.994     87.732     9.3903  35.906288    33.2949    136.200     0.0216      7.805    51.3051 1.0000e-12  0.7269111    25.7225  0.000e+00
     85.988     86.718     9.3992  35.912342    33.2934    135.710     0.0216      7.805    51.8990 1.0000e-12  0.9587487    25.7198  0.000e+00
     85.493     86.218     9.3990  35.912032    33.2934    135.813     0.0216      7.805    51.6149 1.0000e-12  1.0249880    25.7199  0.000e+00
     85.879     86.608     9.3995  35.912775    33.2935    135.651     0.0143      7.805    50.0140 1.0000e-12  0.9918684    25.7199  0.000e+00
     86.629     87.364     9.3921  35.907152    33.2943    135.965     0.0069      7.805    49.1877 1.0000e-12  1.2237060    25.7217  0.000e+00
     87.034     87.772     9.3872  35.903754    33.2951    136.265     0.0143      7.800    50.2722 1.0000e-12  0.9587487    25.7231  0.000e+00
     86.872     87.609     9.3928  35.908019    33.2945    136.246     0.0436      7.800    52.7769 1.0000e-12  0.9587487    25.7217  0.000e+00
     86.549     87.284     9.3980  35.911541    33.2934    135.779     0.0362      7.800    51.1501 1.0000e-12  1.1574667    25.7200  0.000e+00
     86.441     87.175     9.3963  35.910119    33.2936    135.782     0.0289      7.800    51.4342 1.0000e-12  1.8860991    25.7204  0.000e+00
     86.541     87.275     9.3935  35.908141    33.2940    136.071     0.0436      7.800    51.8215 1.0000e-12  1.4886632    25.7213  0.000e+00
     86.649     87.384     9.3928  35.907585    33.2941    136.075     0.0436      7.800    53.0609 1.0000e-12  1.3893043    25.7214  0.000e+00
     86.635     87.370     9.3927  35.907523    33.2941    136.076     0.0216      7.800    54.1196 1.0000e-12  1.2899453    25.7215  0.000e+00
     86.591     87.325     9.3924  35.907214    33.2941    136.076     0.0216      7.800    54.3262 1.0000e-12  0.9918684    25.7215  0.000e+00
     86.694     87.430     9.3928  35.907647    33.2942    136.076     0.0289      7.800    54.9459 1.0000e-12  1.9192188    25.7215  0.000e+00
     86.863     87.600     9.3925  35.907400    33.2941    136.080     0.0289      7.800    55.3849 1.0000e-12  1.3230650    25.7215  0.000e+00
     86.429     87.162     9.3990  35.912468    33.2935    135.607     0.0216      7.800    55.0750 1.0000e-12  0.8925094    25.7200  0.000e+00
     85.447     86.172     9.4043  35.915988    33.2926    135.575     0.0216      7.800    53.4225 1.0000e-12  0.7600308    25.7184  0.000e+00
     84.216     84.930     9.4095  35.919755    33.2922    135.816     0.0289      7.800    51.8215 1.0000e-12  0.4288342    25.7172  0.000e+00
     83.349     84.055     9.4177  35.925316    33.2907    136.223     0.0362      7.805    51.3051 1.0000e-12  2.0516974    25.7147  0.000e+00
     83.146     83.850     9.4153  35.923646    33.2913    136.672     0.0289      7.805    51.0985 1.0000e-12  2.0848171    25.7156  0.000e+00
     83.225     83.931     9.4134  35.922100    33.2915    136.847     0.0143      7.805    51.3825 1.0000e-12  0.8262701    25.7160  0.000e+00
     82.674     83.375     9.4184  35.926859    33.2920    136.543     0.0216      7.805    51.4600 1.0000e-12  1.7536205    25.7156  0.000e+00
     81.384     82.073     9.4839  35.976763    33.2831    136.049     0.0289      7.805    52.0023 1.0000e-12  1.6542615    25.6980  0.000e+00
     80.211     80.891     9.5335  36.013264    33.2751    136.326     0.0289      7.809    55.9530 1.0000e-12  1.9854581    25.6837  0.000e+00
     79.530     80.204     9.5284  36.006949    33.2736    138.102     0.0289      7.814    57.7347 1.0000e-12  2.5153726    25.6834  0.000e+00
     79.215     79.886     9.5043  35.990737    33.2795    139.664     0.0143      7.819    56.7018 1.0000e-12  2.5153726    25.6919  0.000e+00
     78.935     79.604     9.4963  35.983435    33.2796    140.353     0.0069      7.814    57.2699 1.0000e-12  3.0121675    25.6932  0.000e+00
     78.422     79.086     9.4904  35.982754    33.2845    140.139     0.0289      7.809    57.6056 1.0000e-12  1.5549026    25.6980  0.000e+00
     77.515     78.171     9.6189  36.074789    33.2603    138.635     0.0216      7.814    59.2582 1.0000e-12  0.5613128    25.6582  0.000e+00
     76.424     77.070     9.6667  36.111020    33.2537    139.243     0.0069      7.823    58.8967 1.0381e-03  1.4224239    25.6452  0.000e+00
     75.533     76.172     9.7079  36.139147    33.2448    141.735     0.0216      7.832    59.8004 3.0257e-03 -0.3660376    25.6314  0.000e+00
     74.943     75.576     9.6463  36.093298    33.2552    145.054     0.0216      7.837    60.1877 2.3069e-03  0.2963556    25.6496  0.000e+00
     74.472     75.101     9.6082  36.067781    33.2644    147.487     0.0216      7.837    60.6525 5.2440e-03  0.9587487    25.6631  0.000e+00
     73.989     74.615     9.7059  36.141435    33.2498    146.889     0.0216      7.842    61.6596 5.6990e-03  1.1574667    25.6356  0.000e+00
     73.527     74.148     9.8064  36.212481    33.2297    144.992     0.0143      7.846    62.7957 8.6715e-03  1.9523385    25.6034  0.000e+00
     72.901     73.517     9.8212  36.221100    33.2252    146.200     0.0069      7.856    62.9249 1.0632e-02  1.9523385    25.5974  0.000e+00
     71.862     72.469     9.8431  36.240141    33.2249    150.351    -0.0150      7.860    62.5117 1.8040e-02  1.3893043    25.5935  0.000e+00
     70.829     71.427     9.8792  36.263529    33.2159    153.373     0.0069      7.865    62.6150 3.0706e-02  0.2632359    25.5805  0.000e+00
     70.201     70.794     9.8687  36.257632    33.2199    154.781     0.0143      7.865    63.0023 3.8649e-02  1.0249880    25.5853  0.000e+00
     69.767     70.356     9.8330  36.229215    33.2240    156.288     0.0069      7.865    62.3051 4.3429e-02  1.0581077    25.5945  0.000e+00
     69.174     69.758     9.8600  36.254650    33.2253    156.525     0.0143      7.870    62.7183 5.0121e-02  1.3230650    25.5910  0.000e+00
     68.423     69.000     9.9422  36.309701    33.2060    155.283     0.0216      7.874    63.4671 6.0011e-02  1.5217829    25.5623  0.000e+00
