Arg_L2_F8_NV.cnv
* Sea-Bird SBE 9 Data File:
* FileName = S:\CTD_Data\CTD\Data\Argentina 2014\Data\Arg_L2_F8.hex
* Software Version Seasave V 7.21g
* Temperature SN = 5769
* Conductivity SN = 4244
* Number of Bytes Per Scan = 31
* Number of Voltage Words = 4
* Number of Scans Averaged by the Deck Unit = 24
* NMEA Latitude = 46 32.44 S
* NMEA Longitude = 065 54.15 W
* NMEA UTC (Time) = Feb 08 2014 18:52:58
* NMEA baud rate = 9600
** R/V Coriolis II
** MARES project, ARGENTINA 2014
** Chief scientist : Dr. Gustavo Ferreyra
** Co-Chief scientist : Dr. José Luis Esteves
# nquan = 13
# nvalues = 589                                   
# units = specified
# name 0 = depSM: Depth [salt water, m]
# name 1 = prDM: Pressure, Digiquartz [db]
# name 2 = t090C: Temperature [ITS-90, deg C]
# name 3 = c0mS/cm: Conductivity [mS/cm]
# name 4 = sal00: Salinity, Practical [PSU]
# name 5 = sbeox0Mm/Kg: Oxygen, SBE 43 [umol/Kg]
# name 6 = flECO-AFL: Fluorescence, WET Labs ECO-AFL/FL [mg/m^3]
# name 7 = ph: pH
# name 8 = CStarTr0: Beam Transmission, WET Labs C-Star [%]
# name 9 = par: PAR/Irradiance, Biospherical/Licor
# name 10 = upoly0: Upoly 0, Nitrate
# name 11 = sigma-é00: Density [sigma-theta, Kg/m^3]
# name 12 = flag:  0.000e+00
# span 0 =     -0.268,     84.030                 
# span 1 =     -0.270,     84.747                 
# span 2 =    10.3490,    14.8690                 
# span 3 =   3.750996,  41.052146                 
# span 4 =     2.5291,    33.4189                 
# span 5 =    173.405,    267.664                 
# span 6 =    -0.1176,     3.2084                 
# span 7 =      7.967,      8.264                 
# span 8 =    54.7652,    97.8875                 
# span 9 = 1.0000e-12, 1.7644e+03                 
# span 10 = -0.7634735,  1.1243470                
# span 11 =     1.1391,    25.4979                
# span 12 = 0.0000e+00, 0.0000e+00                
# interval = seconds: 1
# start_time = Feb 08 2014 18:52:58 [NMEA time, header]
# bad_flag = -9.990e-29
*END*
      1.427      1.439    14.8635  41.049852    33.4184    217.775     0.4904      8.248    89.2888 1.2346e+03 -0.6309949    24.7823  0.000e+00
      1.368      1.380    14.8631  41.049591    33.4185    218.443     0.5051      8.244    89.2888 1.2139e+03 -0.6309949    24.7825  0.000e+00
      1.275      1.286    14.8635  41.049656    33.4183    217.771     0.5271      8.244    89.2372 1.5591e+03 -0.6309949    24.7823  0.000e+00
      1.320      1.331    14.8636  41.050112    33.4186    218.400     0.5564      8.248    89.3147 1.3023e+03 -0.6309949    24.7825  0.000e+00
      1.828      1.843    14.8637  41.050310    33.4185    219.456     0.5637      8.248    89.3405 1.1605e+03 -0.6309949    24.7824  0.000e+00
      1.794      1.809    14.8637  41.050310    33.4185    219.563     0.5198      8.248    89.2372 1.2415e+03 -0.5978752    24.7824  0.000e+00
      1.236      1.246    14.8631  41.049460    33.4185    219.845     0.5344      8.248    89.0564 1.4289e+03 -0.5978752    24.7825  0.000e+00
      1.250      1.260    14.8628  41.049134    33.4184    220.141     0.5710      8.248    88.5658 1.4905e+03 -0.6309949    24.7825  0.000e+00
      1.580      1.593    14.8632  41.049853    33.4186    216.431     0.6003      8.248    88.8499 9.9146e+02 -0.6309949    24.7825  0.000e+00
      1.625      1.638    14.8631  41.049592    33.4185    216.727     0.5930      8.248    89.1597 9.5857e+02 -0.6309949    24.7825  0.000e+00
      1.751      1.766    14.8611  41.047636    33.4183    220.282     0.5637      8.248    89.2630 1.3395e+03 -0.6309949    24.7828  0.000e+00
      2.378      2.398    14.8629  41.049921    33.4186    219.583     0.5491      8.248    89.2630 1.0607e+03 -0.6309949    24.7827  0.000e+00
      3.170      3.196    14.8638  41.051229    33.4187    217.661     0.5198      8.253    89.3147 9.9146e+02 -0.6309949    24.7826  0.000e+00
      3.787      3.819    14.8620  41.049535    33.4185    218.543     0.4978      8.253    89.3405 6.6509e+02 -0.6309949    24.7828  0.000e+00
      4.244      4.279    14.8617  41.049602    33.4186    218.449     0.5051      8.253    89.3405 7.0555e+02 -0.6309949    24.7829  0.000e+00
      4.886      4.927    14.8628  41.051040    33.4187    218.756     0.5124      8.253    89.3405 5.8440e+02 -0.5647556    24.7829  0.000e+00
      5.772      5.820    14.8619  41.050391    33.4185    219.160     0.5271      8.253    89.3147 5.4935e+02 -0.6309949    24.7829  0.000e+00
      6.361      6.414    14.8584  41.047720    33.4189    219.486     0.5271      8.253    89.2888 4.1006e+02 -0.6641145    24.7840  0.000e+00
      6.735      6.791    14.8579  41.046808    33.4184    218.495     0.5930      8.253    89.3147 4.1704e+02 -0.4985162    24.7837  0.000e+00
      7.452      7.514    14.8596  41.049028    33.4187    216.458     0.6223      8.253    89.3405 3.7268e+02 -0.6641145    24.7836  0.000e+00
      8.451      8.522    14.8605  41.050337    33.4186    216.373     0.6443      8.257    89.3147 3.1217e+02 -0.5316359    24.7834  0.000e+00
      9.198      9.275    14.8585  41.048709    33.4186    216.000     0.6809      8.258    89.3663 2.7975e+02 -0.5647556    24.7838  0.000e+00
      9.675      9.756    14.8608  41.051124    33.4186    217.718     0.7029      8.257    89.3663 2.7199e+02 -0.5647556    24.7834  0.000e+00
     10.236     10.321    14.8589  41.049300    33.4183    218.828     0.7542      8.258    89.3663 2.4238e+02 -0.6972342    24.7836  0.000e+00
     10.972     11.063    14.8404  41.030978    33.4173    218.516     0.8348      8.258    89.3663 2.1598e+02 -0.5978752    24.7868  0.000e+00
     11.747     11.845    14.7614  40.951069    33.4121    217.696     1.0179      8.258    89.3663 1.8348e+02 -0.5978752    24.7998  0.000e+00
     12.224     12.326    14.6804  40.872068    33.4095    217.878     1.2890      8.258    89.3663 1.8041e+02 -0.6309949    24.8152  0.000e+00
     12.651     12.757    14.6201  40.811865    33.4062    220.426     1.3989      8.259    89.2114 1.5586e+02 -0.5978752    24.8255  0.000e+00
     13.457     13.570    14.5657  40.758984    33.4044    220.016     1.4721      8.259    88.8757 1.4165e+02 -0.6309949    24.8357  0.000e+00
     14.439     14.560    14.5285  40.723227    33.4033    218.571     1.5893      8.264    88.7724 1.0813e+02 -0.4985162    24.8428  0.000e+00
     15.005     15.130    14.5192  40.713739    33.4024    219.013     1.7212      8.264    88.5917 1.0454e+02 -0.4985162    24.8441  0.000e+00
     15.244     15.372    14.5225  40.715950    33.4015    219.391     1.8531      8.264    88.4109 1.1184e+02 -0.6309949    24.8427  0.000e+00
     15.838     15.971    14.5101  40.704902    33.4018    219.121     1.9044      8.264    88.3593 9.6897e+01 -0.6641145    24.8457  0.000e+00
     16.808     16.949    14.5029  40.699771    33.4030    220.884     1.9923      8.264    88.2302 7.8246e+01 -0.4985162    24.8481  0.000e+00
     17.625     17.773    14.5019  40.699840    33.4036    220.079     2.1535      8.264    88.1269 7.0710e+01 -0.4985162    24.8488  0.000e+00
     18.029     18.180    14.5011  40.699321    33.4036    218.789     2.3586      8.264    87.9203 7.2319e+01 -0.6972342    24.8490  0.000e+00
     18.577     18.733    14.4993  40.698024    33.4038    219.049     2.4538      8.264    87.7137 6.4079e+01 -0.6972342    24.8495  0.000e+00
     19.341     19.503    14.4964  40.695882    33.4040    220.983     2.4465      8.264    87.7395 5.2180e+01 -0.4985162    24.8503  0.000e+00
     19.916     20.083    14.4958  40.695690    33.4041    220.853     2.4685      8.264    87.7137 4.9186e+01 -0.4985162    24.8506  0.000e+00
     20.327     20.497    14.4959  40.695886    33.4040    218.533     2.5271      8.264    87.8170 4.8362e+01 -0.6641145    24.8505  0.000e+00
     20.997     21.173    14.4955  40.696084    33.4043    218.746     2.5198      8.264    87.8170 4.2609e+01 -0.6309949    24.8508  0.000e+00
     21.836     22.019    14.4925  40.694073    33.4047    219.212     2.4611      8.264    87.9203 3.3542e+01 -0.4985162    24.8518  0.000e+00
     22.591     22.780    14.4907  40.692711    33.4047    219.240     2.4392      8.264    87.9461 3.1350e+01 -0.4985162    24.8522  0.000e+00
     23.200     23.395    14.4906  40.693363    33.4051    218.424     2.5417      8.264    88.3076 3.0308e+01 -0.6309949    24.8526  0.000e+00
     23.814     24.014    14.4908  40.694016    33.4053    218.440     2.4758      8.264    88.4367 2.7309e+01 -0.7634735    24.8527  0.000e+00
     24.476     24.682    14.4898  40.693238    33.4052    218.016     2.4172      8.264    88.6433 2.4058e+01 -0.7634735    24.8528  0.000e+00
     25.191     25.402    14.4903  40.694541    33.4056    217.691     2.3879      8.264    88.8241 2.1433e+01 -0.7634735    24.8531  0.000e+00
     25.966     26.184    14.4883  40.692724    33.4054    217.275     2.3073      8.264    89.0564 1.8774e+01 -0.6641145    24.8534  0.000e+00
     26.675     26.898    14.4863  40.691038    33.4054    218.523     2.2560      8.259    89.4696 1.6820e+01 -0.6309949    24.8538  0.000e+00
     27.115     27.343    14.4856  40.690649    33.4054    217.064     2.3219      8.259    89.8311 1.6123e+01 -0.7634735    24.8539  0.000e+00
     27.484     27.714    14.4846  40.689741    33.4053    216.499     2.4172      8.259    90.0119 1.5325e+01 -0.7634735    24.8541  0.000e+00
     28.133     28.370    14.4829  40.688379    33.4053    218.370     2.3586      8.259    90.1151 1.3574e+01 -0.6972342    24.8544  0.000e+00
     29.030     29.274    14.4801  40.685978    33.4051    217.379     2.1608      8.259    90.1151 1.1047e+01 -0.5978752    24.8549  0.000e+00
     29.894     30.145    14.4782  40.684162    33.4047    215.997     1.9996      8.259    90.4250 9.8666e+00 -0.4985162    24.8551  0.000e+00
     30.437     30.692    14.4759  40.682020    33.4045    216.260     2.1022      8.259    90.7090 1.0035e+01 -0.7303538    24.8554  0.000e+00
     30.901     31.161    14.4732  40.678902    33.4038    216.867     2.2707      8.259    90.8640 9.4839e+00 -0.7634735    24.8554  0.000e+00
     31.643     31.909    14.4555  40.660128    33.4016    216.476     2.0216      8.255    90.9931 8.0725e+00 -0.6972342    24.8575  0.000e+00
     32.488     32.761    14.4462  40.650321    33.4002    216.885     1.8238      8.255    91.1222 6.9090e+00 -0.6309949    24.8585  0.000e+00
     33.173     33.452    14.4387  40.642529    33.3993    216.296     1.8458      8.255    91.6903 6.6971e+00 -0.4985162    24.8593  0.000e+00
     33.721     34.005    14.4350  40.638504    33.3986    215.790     1.8531      8.255    91.9227 6.3283e+00 -0.5647556    24.8596  0.000e+00
     34.299     34.587    14.4310  40.634089    33.3978    215.033     1.8018      8.255    92.1292 5.7145e+00 -0.7634735    24.8599  0.000e+00
     34.843     35.136    14.4226  40.624869    33.3964    214.593     1.7505      8.255    92.3875 5.3688e+00 -0.7634735    24.8605  0.000e+00
     35.428     35.726    14.4140  40.615649    33.3951    216.460     1.6846      8.255    92.5424 5.0296e+00 -0.7634735    24.8614  0.000e+00
     36.181     36.486    14.3796  40.576890    33.3889    215.653     1.5747      8.255    92.7231 4.4387e+00 -0.7634735    24.8639  0.000e+00
     37.019     37.331    14.2944  40.485795    33.3784    215.476     1.3696      8.251    93.0072 3.9055e+00 -0.7634735    24.8738  0.000e+00
     37.846     38.165    14.1489  40.326187    33.3568    216.611     1.1644      8.251    93.6527 3.5551e+00 -0.7634735    24.8876  0.000e+00
     38.483     38.808    13.8623  40.023032    33.3242    216.536     0.9154      8.243    94.4015 3.3966e+00 -0.7634735    24.9219  0.000e+00
     38.871     39.198    13.5764  39.729104    33.2989    215.906     0.7469      8.235    95.5119 3.3011e+00 -0.7634735    24.9607  0.000e+00
     39.382     39.714    12.9205  39.052104    33.2350    217.563     0.6296      8.229    96.3640 3.0825e+00 -0.7634735    25.0425  0.000e+00
     40.187     40.525    12.5016  38.644339    33.2150    214.778     0.3219      8.207    96.3640 2.6567e+00 -0.7634735    25.1086  0.000e+00
     41.031     41.377    12.3289  38.473658    33.2038    211.578     0.1388      8.189    96.7255 2.4032e+00 -0.5978752    25.1330  0.000e+00
     41.605     41.956    12.2788  38.423543    33.1997    210.452     0.0875      8.180    97.3194 2.4449e+00 -0.7634735    25.1394  0.000e+00
     42.049     42.403    12.2312  38.371676    33.1917    210.015     0.0875      8.180    97.5260 2.3554e+00 -0.7634735    25.1422  0.000e+00
     42.674     43.034    12.0751  38.214975    33.1788    210.214     0.0802      8.176    97.5776 2.1548e+00 -0.7634735    25.1617  0.000e+00
     43.480     43.847    11.8272  37.982649    33.1737    210.903     0.0582      8.168    97.7325 1.9539e+00 -0.7634735    25.2042  0.000e+00
     44.341     44.715    11.7076  37.867048    33.1676    210.424     0.0362      8.154    97.8358 1.8075e+00 -0.7634735    25.2216  0.000e+00
     45.067     45.447    11.5624  37.730528    33.1637    209.972     0.0143      8.146    97.8875 1.7816e+00 -0.7303538    25.2453  0.000e+00
     45.545     45.929    11.4758  37.651760    33.1640    208.691     0.0069      8.141    97.8617 1.7663e+00 -0.7303538    25.2614  0.000e+00
     46.113     46.503    11.4160  37.591121    33.1578    207.059     0.0289      8.137    97.8100 1.6431e+00 -0.7303538    25.2675  0.000e+00
     46.894     47.290    11.2409  37.425524    33.1518    206.803     0.0069      8.128    97.8100 1.4674e+00 -0.7303538    25.2944  0.000e+00
     47.624     48.026    11.0685  37.268436    33.1516    206.120    -0.0077      8.115    97.7584 1.4089e+00 -0.7303538    25.3252  0.000e+00
     48.088     48.494    10.9722  37.191684    33.1623    204.427    -0.0077      8.106    97.4227 1.4213e+00 -0.7303538    25.3506  0.000e+00
     48.551     48.961    10.9361  37.164675    33.1678    202.724    -0.0077      8.096    95.8992 1.3527e+00 -0.7303538    25.3613  0.000e+00
     49.270     49.686    10.8835  37.129155    33.1798    200.101    -0.0077      8.083    93.9626 1.2249e+00 -0.7303538    25.3800  0.000e+00
     50.182     50.607    10.8612  37.112623    33.1832    196.131    -0.0077      8.073    91.7677 1.0673e+00 -0.7303538    25.3865  0.000e+00
     50.971     51.402    10.8504  37.103796    33.1838    192.035    -0.0150      8.069    88.7466 1.0333e+00 -0.6972342    25.3890  0.000e+00
     51.450     51.885    10.8491  37.102295    33.1833    189.056    -0.0150      8.064    86.9649 1.0486e+00 -0.6972342    25.3888  0.000e+00
     51.892     52.331    10.8437  37.096723    33.1825    188.236     0.0069      8.064    86.8100 9.8574e-01 -0.6972342    25.3891  0.000e+00
     52.577     53.022    10.8367  37.092155    33.1839    187.998     0.0216      8.059    86.5776 8.8095e-01 -0.6972342    25.3915  0.000e+00
     53.494     53.947    10.8252  37.084833    33.1867    188.017    -0.0150      8.055    86.1644 7.2354e-01 -0.6972342    25.3957  0.000e+00
     54.330     54.789    10.8148  37.077761    33.1887    187.944    -0.0077      8.050    85.3381 6.4143e-01 -0.6972342    25.3991  0.000e+00
     54.729     55.192    10.8155  37.077888    33.1880    187.070    -0.0004      8.050    84.2794 6.4143e-01 -0.6972342    25.3985  0.000e+00
     55.134     55.600    10.8034  37.067998    33.1890    185.993     0.0143      8.050    83.7888 5.9641e-01 -0.6972342    25.4013  0.000e+00
     55.900     56.373    10.7715  37.043654    33.1933    185.410     0.0069      8.045    83.4015 5.1027e-01 -0.6972342    25.4103  0.000e+00
     56.773     57.254    10.7572  37.032330    33.1946    184.765    -0.0077      8.041    83.0916 4.2754e-01 -0.6972342    25.4139  0.000e+00
     57.399     57.885    10.7490  37.026451    33.1959    183.837    -0.0150      8.036    82.8076 4.0660e-01 -0.6641145    25.4163  0.000e+00
     57.875     58.365    10.7431  37.020759    33.1954    183.314    -0.0004      8.036    82.4719 3.8051e-01 -0.6641145    25.4169  0.000e+00
     58.538     59.034    10.7275  37.008124    33.1966    182.416     0.0069      8.036    82.2653 3.2741e-01 -0.6641145    25.4206  0.000e+00
     59.259     59.761    10.7101  36.994365    33.1984    182.101    -0.0004      8.032    82.1104 2.8367e-01 -0.6641145    25.4251  0.000e+00
     59.977     60.485    10.6978  36.984297    33.1992    181.606    -0.0004      8.032    81.9555 2.4834e-01 -0.6641145    25.4278  0.000e+00
     60.696     61.211    10.6879  36.976483    33.2000    181.011    -0.0077      8.027    81.7747 2.1380e-01 -0.6641145    25.4303  0.000e+00
     61.412     61.932    10.6779  36.968293    33.2007    180.669     0.0069      8.022    81.4649 1.8591e-01 -0.6641145    25.4325  0.000e+00
     62.020     62.545    10.6697  36.961480    33.2010    180.481    -0.0004      8.022    81.3357 1.6514e-01 -0.6641145    25.4342  0.000e+00
     62.497     63.027    10.6608  36.953853    33.2012    180.292     0.0143      8.022    81.3616 1.5008e-01 -0.6641145    25.4360  0.000e+00
     63.093     63.629    10.6398  36.936726    33.2030    179.898     0.0069      8.018    81.3099 1.3047e-01 -0.6309949    25.4410  0.000e+00
     63.831     64.373    10.6247  36.924415    33.2040    179.485    -0.0004      8.018    80.9742 1.0744e-01 -0.6309949    25.4445  0.000e+00
     64.490     65.038    10.6168  36.917792    33.2043    179.042    -0.0004      8.013    80.6902 9.4827e-02 -0.6309949    25.4460  0.000e+00
     65.101     65.654    10.6017  36.904859    33.2049    178.626     0.0143      8.013    80.6644 8.3607e-02 -0.6309949    25.4491  0.000e+00
     65.871     66.430    10.5828  36.888803    33.2057    178.227     0.0143      8.013    80.4062 6.8567e-02 -0.6309949    25.4531  0.000e+00
     66.652     67.218    10.5478  36.860195    33.2085    178.307    -0.0004      8.009    80.1738 5.5239e-02 -0.6309949    25.4613  0.000e+00
     67.199     67.769    10.5453  36.858324    33.2086    177.840    -0.0004      8.009    80.1221 5.0677e-02 -0.6309949    25.4618  0.000e+00
