Arg_L2_SF13_NV.cnv
* Sea-Bird SBE 9 Data File:
* FileName = S:\CTD_Data\CTD\Data\Argentina 2014\Data\Arg_L2_SF13.hex
* Software Version Seasave V 7.21g
* Temperature SN = 5769
* Conductivity SN = 4244
* Number of Bytes Per Scan = 31
* Number of Voltage Words = 4
* Number of Scans Averaged by the Deck Unit = 24
* NMEA Latitude = 45 56.75 S
* NMEA Longitude = 065 33.81 W
* NMEA UTC (Time) = Feb 08 2014 01:58:05
* NMEA baud rate = 9600
** R/V Coriolis II
** MARES project, ARGENTINA 2014
** Chief scientist : Dr. Gustavo Ferreyra
** Co-Chief scientist : Dr. José Luis Esteves
# nquan = 13
# nvalues = 357                                   
# units = specified
# name 0 = depSM: Depth [salt water, m]
# name 1 = prDM: Pressure, Digiquartz [db]
# name 2 = t090C: Temperature [ITS-90, deg C]
# name 3 = c0mS/cm: Conductivity [mS/cm]
# name 4 = sal00: Salinity, Practical [PSU]
# name 5 = sbeox0Mm/Kg: Oxygen, SBE 43 [umol/Kg]
# name 6 = flECO-AFL: Fluorescence, WET Labs ECO-AFL/FL [mg/m^3]
# name 7 = ph: pH
# name 8 = CStarTr0: Beam Transmission, WET Labs C-Star [%]
# name 9 = par: PAR/Irradiance, Biospherical/Licor
# name 10 = upoly0: Upoly 0, Nitrate
# name 11 = sigma-é00: Density [sigma-theta, Kg/m^3]
# name 12 = flag:  0.000e+00
# span 0 =     -0.280,     87.349                 
# span 1 =     -0.282,     88.090                 
# span 2 =     9.7825,    13.7967                 
# span 3 =   3.876285,  39.849986                 
# span 4 =     2.6829,    33.2373                 
# span 5 =    152.965,    264.163                 
# span 6 =    -0.1249,     1.3696                 
# span 7 =      7.879,      8.211                 
# span 8 =    10.7133,    97.5776                 
# span 9 = 1.0000e-12, 7.2354e-01                 
# span 10 = -0.6972342,  2.9128085                
# span 11 =     1.3935,    25.6135                
# span 12 = 0.0000e+00, 0.0000e+00                
# interval = seconds: 1
# start_time = Feb 08 2014 01:58:05 [NMEA time, header]
# bad_flag = -9.990e-29
*END*
      1.891      1.907    13.7834  39.833463    33.2312    220.805     1.1132      8.183    93.9368 1.0000e-12 -0.5978752    24.8651  0.000e+00
      2.031      2.048    13.7915  39.840809    33.2310    219.716     1.0619      8.183    93.4203 1.8415e-02 -0.5316359    24.8633  0.000e+00
      2.237      2.255    13.7886  39.838684    33.2314    221.495     1.0839      8.183    91.6128 2.0711e-02 -0.4653966    24.8643  0.000e+00
      2.432      2.453    13.7848  39.835269    33.2315    221.065     1.0912      8.183    91.6386 2.3488e-02 -0.4653966    24.8651  0.000e+00
      2.642      2.664    13.7808  39.831147    33.2311    220.083     1.1937      8.183    92.2067 6.0045e-03 -0.4653966    24.8656  0.000e+00
      3.124      3.150    13.7878  39.838365    33.2315    219.612     1.1205      8.183    93.6785 1.8804e-03 -0.4653966    24.8645  0.000e+00
      3.860      3.892    13.7864  39.837401    33.2315    220.695     1.0033      8.183    94.1692 3.0257e-03 -0.4653966    24.8648  0.000e+00
      4.365      4.402    13.7856  39.836694    33.2314    222.022     1.0252      8.183    94.2724 4.8439e-04 -0.4653966    24.8649  0.000e+00
      4.690      4.728    13.7843  39.835858    33.2315    221.080     1.0839      8.183    94.4274 2.5932e-03 -0.4653966    24.8653  0.000e+00
      5.343      5.388    13.7851  39.836892    33.2316    219.282     1.0399      8.188    94.5048 1.0000e-12 -0.4653966    24.8652  0.000e+00
      6.172      6.223    13.7852  39.837281    33.2315    219.506     0.9593      8.188    94.4015 1.1775e-03 -0.4653966    24.8651  0.000e+00
      6.836      6.893    13.7860  39.838250    33.2314    219.270     0.9813      8.188    94.5307 4.8439e-04 -0.4653966    24.8649  0.000e+00
      7.391      7.453    13.7762  39.828330    33.2305    220.036     1.0545      8.188    94.4274 1.0000e-12 -0.4653966    24.8662  0.000e+00
      7.893      7.958    13.7574  39.810874    33.2303    220.741     1.0326      8.188    94.4790 1.0000e-12 -0.4653966    24.8699  0.000e+00
      8.281      8.349    13.7834  39.837161    33.2321    220.933     1.0692      8.188    94.3241 1.0000e-12 -0.4653966    24.8660  0.000e+00
      8.801      8.874    13.7967  39.849986    33.2323    220.182     1.0472      8.188    94.3499 1.0000e-12 -0.4653966    24.8635  0.000e+00
      9.555      9.634    13.7965  39.849795    33.2320    219.448     1.0179      8.188    94.5048 1.0000e-12 -0.4653966    24.8633  0.000e+00
     10.281     10.366    13.7802  39.834849    33.2319    220.298     1.0106      8.193    94.4274 1.0000e-12 -0.4653966    24.8666  0.000e+00
     10.737     10.826    13.7868  39.840972    33.2317    222.600     1.0545      8.192    94.2983 1.0000e-12 -0.4653966    24.8651  0.000e+00
     11.160     11.252    13.7813  39.835690    33.2313    221.730     1.0619      8.192    94.3757 1.0000e-12 -0.4653966    24.8659  0.000e+00
     11.884     11.983    13.7825  39.837497    33.2317    219.474     1.0252      8.192    94.3241 1.0000e-12 -0.4653966    24.8660  0.000e+00
     12.656     12.761    13.7712  39.827256    33.2317    219.244     1.0033      8.193    94.2983 1.0000e-12 -0.4653966    24.8683  0.000e+00
     12.986     13.093    13.7777  39.832991    33.2313    219.831     1.0033      8.193    94.4532 1.0000e-12 -0.4985162    24.8667  0.000e+00
     13.207     13.317    13.7718  39.827000    33.2307    220.269     0.9959      8.193    94.3757 1.0000e-12 -0.4653966    24.8675  0.000e+00
     13.883     13.998    13.7524  39.808450    33.2300    220.377     1.0106      8.193    94.3241 1.0000e-12 -0.4653966    24.8709  0.000e+00
     14.766     14.888    13.7390  39.795185    33.2289    220.464     1.0106      8.193    94.4274 1.0000e-12 -0.4653966    24.8729  0.000e+00
     15.522     15.651    13.6769  39.735953    33.2273    221.480     0.9813      8.193    94.4790 1.0000e-12 -0.4653966    24.8843  0.000e+00
     15.843     15.975    13.7142  39.772006    33.2284    220.607     0.9593      8.193    94.2983 1.0000e-12 -0.4653966    24.8776  0.000e+00
     16.262     16.397    13.6840  39.742393    33.2269    219.997     1.0692      8.193    94.2724 1.0000e-12 -0.4653966    24.8825  0.000e+00
     17.020     17.161    13.7244  39.781798    33.2282    220.949     1.0472      8.193    94.6081 1.0000e-12 -0.4653966    24.8753  0.000e+00
     17.804     17.952    13.6651  39.720450    33.2222    220.744     0.9740      8.193    94.6598 1.0000e-12 -0.4653966    24.8828  0.000e+00
     18.325     18.477    13.6053  39.666409    33.2235    222.045     0.9227      8.193    94.7372 1.0000e-12 -0.4653966    24.8960  0.000e+00
     18.792     18.948    13.6116  39.671749    33.2228    221.727     0.9373      8.193    94.5048 1.0000e-12 -0.4653966    24.8942  0.000e+00
     19.489     19.651    13.6391  39.698257    33.2233    220.090     0.9740      8.193    94.5048 1.0000e-12 -0.4653966    24.8891  0.000e+00
     20.289     20.458    13.6425  39.703086    33.2246    221.572     0.9813      8.193    94.7372 1.0000e-12 -0.4653966    24.8894  0.000e+00
     20.941     21.115    13.5571  39.616518    33.2177    222.762     0.9666      8.198    94.7114 1.0000e-12 -0.4653966    24.9014  0.000e+00
     21.470     21.649    13.5088  39.571208    33.2171    221.308     0.9520      8.194    94.7114 1.0000e-12 -0.4653966    24.9107  0.000e+00
     22.086     22.269    13.4802  39.542683    33.2150    220.175     0.9080      8.194    94.8147 1.0000e-12 -0.4653966    24.9149  0.000e+00
     22.843     23.034    13.4430  39.508902    33.2154    219.906     0.9300      8.194    94.8663 1.0000e-12 -0.4653966    24.9228  0.000e+00
     23.582     23.778    13.4390  39.505951    33.2159    220.567     0.9007      8.194    95.0213 1.0000e-12 -0.4653966    24.9240  0.000e+00
     24.053     24.254    13.4403  39.507430    33.2159    220.117     0.8641      8.194    95.0471 1.0000e-12 -0.4653966    24.9237  0.000e+00
     24.424     24.628    13.4392  39.506147    33.2155    220.492     0.8348      8.194    94.9954 1.0000e-12 -0.4985162    24.9237  0.000e+00
     25.063     25.271    13.4439  39.513021    33.2177    221.828     0.8934      8.194    95.0471 1.0000e-12 -0.4653966    24.9244  0.000e+00
     25.901     26.117    13.4504  39.521630    33.2197    221.611     0.8934      8.194    95.0471 1.0000e-12 -0.4653966    24.9247  0.000e+00
     26.789     27.013    13.4528  39.525616    33.2210    220.848     0.9154      8.194    95.1246 1.0000e-12 -0.4653966    24.9252  0.000e+00
     27.431     27.659    13.4408  39.513223    33.2195    220.563     0.9300      8.194    95.0987 1.0000e-12 -0.4653966    24.9265  0.000e+00
     27.822     28.054    13.4368  39.509564    33.2194    220.800     0.9520      8.194    94.9696 1.0000e-12 -0.4653966    24.9273  0.000e+00
     28.442     28.679    13.4362  39.509888    33.2200    221.748     1.0106      8.194    95.0471 1.0000e-12 -0.4653966    24.9279  0.000e+00
     29.206     29.449    13.4256  39.499873    33.2196    222.900     1.0179      8.194    95.2020 1.0000e-12 -0.4653966    24.9297  0.000e+00
     29.857     30.106    13.4092  39.483696    33.2184    219.694     0.9447      8.194    95.5377 1.0000e-12 -0.4653966    24.9321  0.000e+00
     30.304     30.557    13.4014  39.476058    33.2178    219.478     0.8128      8.194    95.5635 1.0000e-12 -0.4653966    24.9332  0.000e+00
     30.850     31.107    13.3969  39.473235    33.2189    221.180     0.7542      8.194    95.7443 1.0000e-12 -0.4653966    24.9350  0.000e+00
     31.644     31.908    13.3708  39.447628    33.2173    220.392     0.7469      8.190    96.0541 1.0000e-12 -0.4653966    24.9390  0.000e+00
     32.550     32.822    13.3050  39.381422    33.2121    220.726     0.7322      8.190    96.2349 1.0000e-12 -0.4653966    24.9482  0.000e+00
     33.311     33.589    13.2092  39.291935    33.2113    219.422     0.6077      8.186    96.5447 1.0000e-12 -0.4653966    24.9668  0.000e+00
     33.756     34.038    13.1923  39.275727    33.2106    219.147     0.4978      8.186    96.7771 1.0000e-12 -0.4653966    24.9696  0.000e+00
     34.236     34.522    13.1524  39.236721    33.2085    218.422     0.4831      8.181    96.8804 1.0000e-12 -0.4653966    24.9760  0.000e+00
     34.835     35.126    13.0696  39.154660    33.2032    218.665     0.4831      8.181    96.9579 1.0000e-12 -0.4653966    24.9883  0.000e+00
     35.447     35.743    12.9975  39.086350    33.2015    218.454     0.4318      8.177    97.0354 1.0000e-12 -0.4653966    25.0012  0.000e+00
     36.001     36.302    12.9457  39.034126    33.1972    217.817     0.3806      8.173    97.1128 1.0000e-12 -0.4653966    25.0082  0.000e+00
     36.692     36.999    12.7863  38.880748    33.1913    217.044     0.3439      8.169    97.2161 1.0000e-12 -0.4653966    25.0348  0.000e+00
     37.571     37.885    12.4549  38.562824    33.1793    217.728     0.2487      8.161    97.2936 1.0000e-12 -0.4653966    25.0898  0.000e+00
     38.412     38.733    12.2615  38.384673    33.1789    216.383     0.1681      8.147    97.1903 1.0000e-12 -0.4653966    25.1265  0.000e+00
     38.861     39.187    12.3068  38.430389    33.1826    213.655     0.1388      8.143    97.5002 1.0000e-12 -0.4653966    25.1207  0.000e+00
     39.160     39.487    12.1698  38.294326    33.1728    213.859     0.1388      8.138    97.3452 1.0000e-12 -0.4653966    25.1392  0.000e+00
     39.674     40.006    12.0479  38.175114    33.1656    213.777     0.1535      8.134    97.4485 1.0000e-12 -0.4653966    25.1566  0.000e+00
     40.435     40.773    11.6609  37.807641    33.1530    214.430     0.1461      8.126    97.5260 1.0000e-12 -0.4653966    25.2188  0.000e+00
     41.324     41.670    11.2521  37.432478    33.1510    213.570     0.1241      8.105    97.5776 1.0000e-12 -0.4653966    25.2917  0.000e+00
     42.064     42.416    11.1393  37.335753    33.1567    210.534     0.0948      8.086    97.3194 1.0000e-12 -0.4653966    25.3164  0.000e+00
     42.375     42.730    11.1948  37.372297    33.1428    207.352     0.0729      8.077    97.1386 1.0000e-12 -0.4653966    25.2956  0.000e+00
     42.702     43.059    10.9294  37.128437    33.1405    207.209     0.0655      8.073    97.0095 1.0000e-12 -0.4653966    25.3411  0.000e+00
     43.334     43.697    10.7523  36.966218    33.1390    206.543     0.0655      8.064    96.8288 1.0000e-12 -0.4653966    25.3711  0.000e+00
     44.134     44.504    10.6631  36.886029    33.1394    205.161     0.0729      8.055    96.7255 1.0000e-12 -0.4653966    25.3870  0.000e+00
     44.825     45.200    10.6275  36.852425    33.1379    204.631     0.0729      8.055    96.5964 1.0000e-12 -0.4653966    25.3920  0.000e+00
     45.328     45.708    10.6071  36.832069    33.1357    204.611     0.0509      8.051    96.3898 1.0000e-12 -0.4653966    25.3939  0.000e+00
     45.931     46.316    10.5844  36.809969    33.1340    204.515     0.0509      8.046    96.0025 1.0000e-12 -0.2004393    25.3965  0.000e+00
     46.668     47.059    10.5714  36.796988    33.1324    204.705     0.0509      8.041    95.4602 1.0000e-12  0.1307573    25.3975  0.000e+00
     47.371     47.768    10.5545  36.781637    33.1321    203.823     0.0436      8.037    94.6598 1.0000e-12 -0.1673197    25.4003  0.000e+00
     47.921     48.323    10.5405  36.770407    33.1334    202.411     0.0362      8.032    93.6785 1.0000e-12  0.2963556    25.4037  0.000e+00
     48.424     48.830    10.5209  36.752939    33.1334    200.696     0.0216      8.028    92.4649 1.0000e-12  0.0976376    25.4071  0.000e+00
     48.987     49.398    10.5088  36.743334    33.1345    199.365     0.0143      8.028    91.3288 1.0000e-12 -0.2004393    25.4100  0.000e+00
     49.583     49.999    10.5055  36.739967    33.1339    198.093     0.0069      8.023    90.5283 1.0000e-12  1.4224239    25.4102  0.000e+00
     50.103     50.524    10.5062  36.740593    33.1337    196.545     0.0069      8.023    90.1410 1.0000e-12 -0.0679607    25.4098  0.000e+00
     50.660     51.085    10.5039  36.738412    33.1333    195.684     0.0143      8.018    88.4367 1.0000e-12 -0.0348410    25.4100  0.000e+00
     51.401     51.833    10.5021  36.736605    33.1329    194.826     0.0143      8.013    87.5071 1.0000e-12  0.1638769    25.4099  0.000e+00
     52.284     52.724    10.4973  36.732180    33.1323    194.147     0.0143      8.018    87.9978 1.0000e-12  0.3294752    25.4104  0.000e+00
     53.040     53.486    10.4961  36.731185    33.1321    194.287    -0.0004      8.018    89.5987 1.0000e-12 -0.4322769    25.4104  0.000e+00
     53.406     53.854    10.5005  36.734492    33.1313    194.977     0.0069      8.018    90.2701 1.0000e-12 -0.1673197    25.4090  0.000e+00
     53.699     54.150    10.4950  36.729129    33.1308    195.194     0.0069      8.018    90.2959 1.0000e-12 -0.0348410    25.4096  0.000e+00
     54.244     54.700    10.4909  36.726262    33.1314    195.318     0.0143      8.014    89.3147 1.0000e-12 -0.6972342    25.4108  0.000e+00
     54.963     55.425    10.4869  36.723021    33.1315    195.446     0.0069      8.014    88.3076 1.0000e-12 -0.4985162    25.4116  0.000e+00
     55.664     56.132    10.4749  36.712484    33.1315    194.933    -0.0004      8.009    86.9907 1.0000e-12 -0.5978752    25.4137  0.000e+00
     56.298     56.772    10.4595  36.699953    33.1327    193.589    -0.0077      8.004    85.4156 1.0000e-12 -0.2335590    25.4172  0.000e+00
     56.873     57.352    10.4481  36.690852    33.1336    192.063    -0.0150      8.004    84.7184 1.0000e-12 -0.1673197    25.4199  0.000e+00
     57.427     57.910    10.4385  36.683498    33.1348    190.621    -0.0150      8.000    84.3311 1.0000e-12 -0.2997983    25.4225  0.000e+00
     58.047     58.536    10.4349  36.681194    33.1354    189.412    -0.0150      7.995    84.1761 1.0000e-12  0.4288342    25.4236  0.000e+00
     58.788     59.283    10.4345  36.680822    33.1351    188.873    -0.0077      7.995    84.0470 1.0000e-12  0.3957145    25.4235  0.000e+00
     59.530     60.032    10.4344  36.680825    33.1348    188.754     0.0069      7.995    83.9954 1.0000e-12 -0.0348410    25.4233  0.000e+00
     59.994     60.499    10.4374  36.683382    33.1345    188.778    -0.0224      7.995    84.1245 1.0000e-12  1.0249880    25.4225  0.000e+00
     60.226     60.733    10.4395  36.685066    33.1342    188.544    -0.0150      7.995    84.1761 1.0000e-12  1.0249880    25.4219  0.000e+00
     60.684     61.195    10.4357  36.681889    33.1342    188.501    -0.0004      7.995    84.1503 1.0000e-12  2.3166547    25.4226  0.000e+00
     61.473     61.991    10.4348  36.681767    33.1346    188.454    -0.0150      7.995    84.0470 1.0000e-12  2.4160137    25.4230  0.000e+00
     62.331     62.856    10.4335  36.681084    33.1347    188.154    -0.0004      7.990    84.0987 1.0000e-12 -0.4322769    25.4234  0.000e+00
     62.657     63.185    10.4342  36.681584    33.1345    187.832    -0.0224      7.990    84.5376 1.0000e-12  0.0645179    25.4231  0.000e+00
     62.739     63.268    10.4347  36.682395    33.1347    187.505    -0.0224      7.990    84.6409 1.0000e-12  1.4886632    25.4232  0.000e+00
     63.211     63.744    10.4252  36.674667    33.1354    187.649    -0.0224      7.990    84.7959 1.0000e-12  1.4224239    25.4254  0.000e+00
     64.054     64.594    10.4016  36.655598    33.1373    187.437    -0.0297      7.990    84.7959 1.0000e-12 -0.6641145    25.4310  0.000e+00
     64.994     65.542    10.3814  36.640833    33.1405    187.375    -0.0297      7.986    84.4860 1.0000e-12  1.1243470    25.4369  0.000e+00
     65.425     65.977    10.3888  36.646255    33.1390    186.607    -0.0297      7.986    84.4344 1.0000e-12  0.4288342    25.4345  0.000e+00
     65.484     66.037    10.3864  36.644635    33.1395    185.609    -0.0370      7.986    84.4344 1.0000e-12  0.1969966    25.4353  0.000e+00
     65.962     66.518    10.3685  36.630929    33.1419    185.622    -0.0370      7.986    84.2020 1.0000e-12  0.5281932    25.4402  0.000e+00
