Arg_L1_T1_NV.cnv
* Sea-Bird SBE 9 Data File:
* FileName = S:\CTD_Data\CTD\Data\Argentina 2014\Data\Arg_L1_T1.hex
* Software Version Seasave V 7.21g
* Temperature SN = 5769
* Conductivity SN = 4244
* Number of Bytes Per Scan = 31
* Number of Voltage Words = 4
* Number of Scans Averaged by the Deck Unit = 24
* NMEA Latitude = 45 56.53 S
* NMEA Longitude = 057 43.08 W
* NMEA UTC (Time) = Feb 01 2014 12:15:13
* NMEA baud rate = 9600
** R/V Coriolis II
** MARES project, ARGENTINA 2014
** Chief scientist : Dr. Gustavo Ferreyra
** Co-Chief scientist : Dr. José Luis Esteves
# nquan = 13
# nvalues = 2265                                  
# units = specified
# name 0 = depSM: Depth [salt water, m]
# name 1 = prDM: Pressure, Digiquartz [db]
# name 2 = t090C: Temperature [ITS-90, deg C]
# name 3 = c0mS/cm: Conductivity [mS/cm]
# name 4 = sal00: Salinity, Practical [PSU]
# name 5 = sbeox0Mm/Kg: Oxygen, SBE 43 [umol/Kg]
# name 6 = flECO-AFL: Fluorescence, WET Labs ECO-AFL/FL [mg/m^3]
# name 7 = ph: pH
# name 8 = CStarTr0: Beam Transmission, WET Labs C-Star [%]
# name 9 = par: PAR/Irradiance, Biospherical/Licor
# name 10 = upoly0: Upoly 0, Nitrate
# name 11 = sigma-é00: Density [sigma-theta, Kg/m^3]
# name 12 = flag:  0.000e+00
# span 0 =     -0.218,    603.160                 
# span 1 =     -0.219,    609.044                 
# span 2 =     2.9217,    12.9465                 
# span 3 =   4.422748,  40.011262                 
# span 4 =     3.1371,    34.2953                 
# span 5 =    169.263,    275.771                 
# span 6 =    -0.1396,     1.4795                 
# span 7 =      7.959,      8.255                 
# span 8 =    61.4530,    99.7983                 
# span 9 = 1.0799e-02, 5.5090e+02                 
# span 10 = -0.4985162,  24.871142                
# span 11 =     1.8287,    27.3330                
# span 12 = 0.0000e+00, 0.0000e+00                
# interval = seconds: 1
# start_time = Feb 01 2014 12:15:13 [NMEA time, header]
# bad_flag = -9.990e-29
*END*
[from data line 1223]
    503.371    508.158     2.9443  31.201739    34.2189    184.962    -0.1176      7.983    99.7983 1.6015e-02  22.287809    27.2694  0.000e+00
    502.921    507.703     2.9435  31.201738    34.2200    184.954    -0.1176      7.983    99.7983 1.5653e-02  22.983321    27.2704  0.000e+00
    502.701    507.481     2.9438  31.201620    34.2197    185.154    -0.1176      7.983    99.7725 1.3526e-02  23.082680    27.2701  0.000e+00
    502.431    507.208     2.9432  31.201561    34.2204    185.860    -0.1176      7.988    99.7983 1.3875e-02  23.115800    27.2707  0.000e+00
    501.938    506.710     2.9460  31.200564    34.2165    185.336    -0.1176      7.988    99.7725 1.4227e-02  23.115800    27.2673  0.000e+00
    501.300    506.064     2.9466  31.200386    34.2160    184.816    -0.1103      7.988    99.7466 1.3526e-02  23.016441    27.2669  0.000e+00
    500.634    505.392     2.9465  31.200091    34.2161    185.510    -0.1176      7.988    99.7725 1.3700e-02  22.354048    27.2670  0.000e+00
    499.979    504.730     2.9465  31.199679    34.2159    185.494    -0.1176      7.988    99.7725 1.3352e-02  22.784603    27.2668  0.000e+00
    499.376    504.120     2.9469  31.199151    34.2152    185.685    -0.1103      7.988    99.7725 1.6015e-02  23.546356    27.2663  0.000e+00
    498.731    503.469     2.9470  31.197919    34.2140    186.380    -0.1103      7.988    99.7983 1.5294e-02  22.850843    27.2652  0.000e+00
    497.935    502.664     2.9472  31.197273    34.2134    186.567    -0.1176      7.988    99.7983 1.6744e-02  22.850843    27.2647  0.000e+00
    497.100    501.820     2.9475  31.196919    34.2130    186.752    -0.1176      7.988    99.7983 1.6928e-02  22.784603    27.2644  0.000e+00
    496.591    501.306     2.9475  31.196859    34.2133    186.237    -0.1103      7.988    99.7983 1.7667e-02  22.652125    27.2647  0.000e+00
    496.448    501.161     2.9476  31.196273    34.2126    186.441    -0.1103      7.988    99.7725 1.7854e-02  22.089091    27.2640  0.000e+00
    496.307    501.018     2.9470  31.196800    34.2139    187.147    -0.1176      7.988    99.7983 1.7297e-02  23.215159    27.2651  0.000e+00
    495.955    500.662     2.9467  31.195101    34.2124    186.640    -0.1176      7.988    99.7725 1.6744e-02  22.718364    27.2640  0.000e+00
    495.201    499.901     2.9454  31.192289    34.2106    186.837    -0.1103      7.988    99.7725 1.6561e-02  22.221569    27.2627  0.000e+00
    494.125    498.813     2.9434  31.188891    34.2093    186.823    -0.1176      7.988    99.7983 1.6379e-02  22.652125    27.2618  0.000e+00
    493.159    497.837     2.9418  31.186664    34.2088    187.015    -0.1176      7.988    99.7725 1.5294e-02  22.652125    27.2615  0.000e+00
    492.566    497.238     2.9427  31.187540    34.2092    187.704    -0.1176      7.988    99.7725 1.9172e-02  22.751484    27.2618  0.000e+00
    492.264    496.932     2.9432  31.188534    34.2101    187.899    -0.1176      7.988    99.7725 1.6561e-02  22.983321    27.2624  0.000e+00
    491.906    496.570     2.9434  31.188592    34.2101    188.096    -0.1176      7.988    99.7725 1.5653e-02  23.314518    27.2625  0.000e+00
    491.439    496.098     2.9414  31.185020    34.2081    188.303    -0.1176      7.988    99.7983 1.5473e-02  22.585885    27.2610  0.000e+00
    490.926    495.580     2.9390  31.181566    34.2068    187.804    -0.1176      7.988    99.7983 1.6744e-02  21.559176    27.2602  0.000e+00
    490.401    495.049     2.9390  31.181154    34.2065    187.997    -0.1176      7.988    99.7983 1.6744e-02  21.956612    27.2599  0.000e+00
    489.881    494.523     2.9393  31.181328    34.2068    187.983    -0.1176      7.993    99.7725 1.5653e-02  22.983321    27.2601  0.000e+00
    489.315    493.951     2.9392  31.180976    34.2067    188.176    -0.1176      7.988    99.7983 1.4581e-02  21.956612    27.2601  0.000e+00
    488.597    493.226     2.9390  31.180447    34.2066    188.867    -0.1176      7.988    99.7725 1.6196e-02  21.890373    27.2600  0.000e+00
    487.769    492.389     2.9387  31.179508    34.2063    188.347    -0.1176      7.993    99.7466 1.4758e-02  22.089091    27.2598  0.000e+00
    487.032    491.644     2.9381  31.178218    34.2058    188.540    -0.1103      7.993    99.7725 1.4758e-02  22.420287    27.2594  0.000e+00
    486.559    491.166     2.9390  31.179563    34.2067    188.522    -0.1103      7.988    99.7983 1.4404e-02  23.182039    27.2601  0.000e+00
    486.132    490.735     2.9389  31.179093    34.2064    188.719    -0.1176      7.993    99.7983 1.4936e-02  21.989732    27.2599  0.000e+00
    485.421    490.016     2.9367  31.174819    34.2039    189.423    -0.1176      7.993    99.7983 1.4051e-02  21.724774    27.2581  0.000e+00
    484.772    489.360     2.9362  31.173588    34.2033    188.910    -0.1176      7.993    99.7983 1.4936e-02  22.022851    27.2576  0.000e+00
    484.745    489.332     2.9361  31.173295    34.2032    188.410    -0.1176      7.993    99.7983 1.4936e-02  22.718364    27.2575  0.000e+00
    484.770    489.358     2.9361  31.173530    34.2034    189.117    -0.1176      7.993    99.7983 1.5653e-02  23.016441    27.2577  0.000e+00
    483.946    488.526     2.9364  31.173586    34.2036    189.095    -0.1176      7.993    99.7725 1.4936e-02  23.248279    27.2578  0.000e+00
    482.574    487.138     2.9357  31.171533    34.2026    189.272    -0.1176      7.993    99.7983 1.7297e-02  23.248279    27.2570  0.000e+00
    481.549    486.102     2.9362  31.171530    34.2026    189.244    -0.1249      7.993    99.7983 1.6744e-02  23.049561    27.2570  0.000e+00
    481.116    485.665     2.9359  31.171119    34.2027    189.441    -0.1176      7.993    99.6434 1.6015e-02  23.148920    27.2571  0.000e+00
    480.717    485.261     2.9362  31.171762    34.2033    189.429    -0.1176      7.993    99.7208 1.6744e-02  22.917082    27.2576  0.000e+00
    480.338    484.879     2.9361  31.171117    34.2029    188.921    -0.1176      7.993    99.7983 1.5294e-02  22.552766    27.2572  0.000e+00
    480.122    484.660     2.9362  31.171350    34.2031    189.621    -0.1176      7.993    99.7725 1.4758e-02  22.155330    27.2574  0.000e+00
    479.823    484.358     2.9360  31.170823    34.2029    189.615    -0.1176      7.993    99.7983 1.5653e-02  23.314518    27.2573  0.000e+00
    479.051    483.578     2.9353  31.168011    34.2007    189.103    -0.1176      7.993    99.7983 1.5653e-02  22.751484    27.2555  0.000e+00
    478.034    482.550     2.9356  31.167306    34.2000    189.077    -0.1176      7.993    99.6692 1.7854e-02  22.718364    27.2550  0.000e+00
    477.302    481.811     2.9359  31.166836    34.1995    189.058    -0.1249      7.993    99.7725 1.7112e-02  22.917082    27.2545  0.000e+00
    476.922    481.427     2.9358  31.167127    34.2002    189.754    -0.1249      7.993    99.7983 1.6928e-02  22.917082    27.2551  0.000e+00
    476.596    481.097     2.9358  31.167477    34.2008    189.745    -0.1176      7.993    99.7983 1.6744e-02  23.248279    27.2556  0.000e+00
    476.098    480.594     2.9360  31.166188    34.1993    189.940    -0.1176      7.993    99.6950 1.6015e-02  22.850843    27.2543  0.000e+00
    475.452    479.941     2.9363  31.163378    34.1959    189.927    -0.1176      7.993    99.7208 1.3875e-02  22.287809    27.2516  0.000e+00
    474.691    479.172     2.9362  31.162790    34.1957    189.410    -0.1176      7.993    99.7983 1.4936e-02  21.658535    27.2514  0.000e+00
    473.769    478.241     2.9362  31.161851    34.1950    190.093    -0.1176      7.993    99.7725 1.4758e-02  21.824133    27.2509  0.000e+00
    473.040    477.503     2.9364  31.161322    34.1946    190.780    -0.1249      7.993    99.7983 1.5473e-02  22.055971    27.2506  0.000e+00
    472.932    477.395     2.9363  31.162141    34.1957    190.982    -0.1103      7.993    99.7983 1.6379e-02  22.387168    27.2515  0.000e+00
    473.043    477.506     2.9362  31.162376    34.1961    191.191    -0.1176      7.998    99.7983 1.7667e-02  22.850843    27.2518  0.000e+00
    472.369    476.825     2.9362  31.162198    34.1962    190.675    -0.1176      7.998    99.7725 1.5294e-02  22.519646    27.2519  0.000e+00
    471.025    475.468     2.9370  31.159034    34.1923    190.849    -0.1249      7.993    99.7983 1.6379e-02  22.320928    27.2487  0.000e+00
    469.915    474.345     2.9382  31.158329    34.1908    190.817    -0.1176      7.998    99.7983 1.6561e-02  22.486526    27.2473  0.000e+00
    469.615    474.042     2.9380  31.158386    34.1912    191.016    -0.1176      7.998    99.7983 1.7667e-02  22.983321    27.2477  0.000e+00
    469.781    474.210     2.9376  31.158445    34.1916    191.726    -0.1249      7.998    99.7725 1.8040e-02  22.122210    27.2481  0.000e+00
    469.743    474.172     2.9373  31.158504    34.1920    191.932    -0.1176      7.998    99.7983 1.6744e-02  22.122210    27.2483  0.000e+00
    469.212    473.635     2.9368  31.159087    34.1936    192.125    -0.1103      7.998    99.7725 1.5115e-02  22.652125    27.2497  0.000e+00
    468.477    472.892     2.9373  31.158266    34.1924    191.607    -0.1176      7.998    99.7983 1.4936e-02  23.148920    27.2487  0.000e+00
    467.610    472.016     2.9385  31.157210    34.1904    191.788    -0.1176      7.998    99.7983 1.5653e-02  22.817723    27.2469  0.000e+00
    466.804    471.202     2.9387  31.156974    34.1903    191.767    -0.1176      7.998    99.7983 1.6928e-02  22.685244    27.2469  0.000e+00
    466.248    470.640     2.9388  31.156855    34.1903    191.255    -0.1176      7.998    99.7983 1.7667e-02  22.751484    27.2469  0.000e+00
    465.664    470.050     2.9388  31.156678    34.1905    191.944    -0.1176      7.998    99.7983 1.5473e-02  22.486526    27.2470  0.000e+00
    464.788    469.164     2.9397  31.156558    34.1898    191.918    -0.1176      7.998    99.7983 1.6196e-02  21.459817    27.2464  0.000e+00
    463.866    468.232     2.9401  31.156321    34.1896    192.098    -0.1176      7.998    99.7983 1.6744e-02  22.486526    27.2462  0.000e+00
    463.366    467.727     2.9402  31.156202    34.1897    192.788    -0.1103      7.998    99.7983 1.6928e-02  22.155330    27.2462  0.000e+00
    463.541    467.904     2.9403  31.156378    34.1897    192.295    -0.1103      7.998    99.7725 1.7667e-02  21.923492    27.2462  0.000e+00
    463.978    468.346     2.9403  31.156555    34.1896    191.809    -0.1176      7.998    99.7983 1.6744e-02  22.089091    27.2461  0.000e+00
    463.775    468.141     2.9402  31.156379    34.1896    192.508    -0.1176      7.998    99.7983 1.8228e-02  22.519646    27.2462  0.000e+00
    462.575    466.928     2.9413  31.156844    34.1896    192.472    -0.1176      7.998    99.7983 1.6928e-02  22.652125    27.2461  0.000e+00
    460.781    465.115     2.9520  31.164619    34.1888    191.876    -0.1176      7.998    99.7983 1.7854e-02  22.718364    27.2445  0.000e+00
    459.139    463.456     2.9665  31.175615    34.1877    192.462    -0.1176      7.998    99.7983 1.8604e-02  22.685244    27.2423  0.000e+00
    458.424    462.733     2.9563  31.166835    34.1882    192.496    -0.1030      7.998    99.7725 1.8982e-02  22.585885    27.2436  0.000e+00
    458.571    462.881     2.9621  31.172102    34.1884    192.675    -0.1249      7.998    99.7725 1.8415e-02  23.281398    27.2432  0.000e+00
    459.110    463.427     2.9674  31.176258    34.1876    192.663    -0.1176      7.998    99.7725 1.8228e-02  22.917082    27.2421  0.000e+00
    459.299    463.617     2.9602  31.170524    34.1881    192.209    -0.1176      8.003    99.7725 1.9362e-02  22.287809    27.2431  0.000e+00
    458.376    462.684     2.9585  31.169351    34.1889    192.894    -0.1176      8.003    99.7983 1.9172e-02  22.420287    27.2440  0.000e+00
    457.204    461.500     2.9670  31.175726    34.1884    192.821    -0.1176      8.003    99.7725 1.9362e-02  22.354048    27.2428  0.000e+00
    456.321    460.608     2.9709  31.178122    34.1876    192.285    -0.1249      8.002    99.7725 2.0905e-02  22.155330    27.2418  0.000e+00
    455.586    459.866     2.9721  31.179349    34.1883    192.959    -0.1176      8.002    99.7983 2.1101e-02  22.221569    27.2422  0.000e+00
    454.853    459.125     2.9843  31.188535    34.1869    192.879    -0.1103      8.002    99.7725 1.7112e-02  23.082680    27.2400  0.000e+00
    454.455    458.722     2.9791  31.183851    34.1869    193.101    -0.1103      8.002    99.7725 1.7482e-02  22.883962    27.2405  0.000e+00
    454.477    458.745     2.9706  31.177473    34.1881    193.145    -0.1176      8.002    99.7983 1.6379e-02  22.619005    27.2422  0.000e+00
    454.325    458.591     2.9710  31.177648    34.1880    192.645    -0.1176      8.002    99.7983 1.6015e-02  22.354048    27.2421  0.000e+00
    453.536    457.793     2.9867  31.190930    34.1880    192.544    -0.1249      8.002    99.7725 1.6561e-02  22.089091    27.2407  0.000e+00
    452.434    456.680     3.0011  31.200935    34.1856    193.143    -0.1249      8.002    99.5917 1.7482e-02  22.089091    27.2374  0.000e+00
    451.579    455.816     2.9991  31.199001    34.1858    193.132    -0.1249      8.002    99.7208 1.8793e-02  22.585885    27.2378  0.000e+00
    451.124    455.356     2.9970  31.197185    34.1860    193.336    -0.1176      8.002    99.7725 1.8793e-02  22.387168    27.2382  0.000e+00
    450.729    454.957     2.9993  31.198764    34.1857    193.314    -0.1176      8.002    99.7983 1.7112e-02  21.890373    27.2377  0.000e+00
    450.369    454.593     2.9924  31.192969    34.1862    193.546    -0.1176      8.002    99.7983 1.8040e-02  22.420287    27.2387  0.000e+00
    450.056    454.277     2.9958  31.195602    34.1860    193.521    -0.1176      8.002    99.7983 1.7854e-02  23.347638    27.2383  0.000e+00
    449.554    453.770     3.0116  31.208244    34.1849    192.935    -0.1176      8.002    99.7725 1.6744e-02  22.685244    27.2359  0.000e+00
    448.627    452.833     3.0150  31.210173    34.1841    193.592    -0.1176      8.002    99.7725 1.7112e-02  21.625415    27.2350  0.000e+00
    447.532    451.727     3.0181  31.212745    34.1846    194.243    -0.1176      8.002    99.7983 1.7297e-02  22.619005    27.2351  0.000e+00
    446.861    451.049     3.0216  31.215319    34.1844    193.717    -0.1176      8.002    99.7725 1.7667e-02  22.652125    27.2346  0.000e+00
    446.713    450.899     3.0161  31.210518    34.1844    193.946    -0.1176      8.002    99.7725 1.7297e-02  22.420287    27.2351  0.000e+00
    446.565    450.749     3.0114  31.206654    34.1848    193.967    -0.1176      8.002    99.7725 1.6744e-02  22.155330    27.2358  0.000e+00
    446.090    450.270     3.0116  31.207004    34.1852    194.158    -0.1103      8.002    99.7725 1.6744e-02  21.923492    27.2362  0.000e+00
    445.248    449.418     3.0383  31.229483    34.1848    193.998    -0.1176      8.002    99.7983 1.6744e-02  22.420287    27.2335  0.000e+00
    444.323    448.484     3.0423  31.231354    34.1833    193.465    -0.1103      8.002    99.7725 1.7482e-02  22.486526    27.2319  0.000e+00
    443.621    447.775     3.0378  31.227429    34.1837    194.165    -0.1176      8.002    99.7725 1.6561e-02  22.287809    27.2326  0.000e+00
    442.981    447.129     3.0336  31.224382    34.1848    194.169    -0.1176      8.002    99.7725 1.7667e-02  21.890373    27.2338  0.000e+00
    442.224    446.363     3.0453  31.233221    34.1835    194.295    -0.1176      8.002    99.7725 1.7112e-02  21.625415    27.2318  0.000e+00
    441.840    445.975     3.0458  31.233162    34.1832    194.283    -0.1176      8.002    99.7725 1.6379e-02  22.453407    27.2314  0.000e+00
    441.993    446.129     3.0429  31.231113    34.1837    194.506    -0.1176      8.002    99.7725 1.7112e-02  22.155330    27.2321  0.000e+00
