Arg_Leg3_G12_NV.cnv
* Sea-Bird SBE 9 Data File:
* FileName = S:\CTD_Data\CTD\Data\Argentina 2014\Data\Leg3\Arg_Leg3_G12.hex
* Software Version Seasave V 7.21g
* Temperature SN = 5769
* Conductivity SN = 4244
* Number of Bytes Per Scan = 31
* Number of Voltage Words = 4
* Number of Scans Averaged by the Deck Unit = 24
* NMEA Latitude = 46 37.85 S
* NMEA Longitude = 065 25.72 W
* NMEA UTC (Time) = Feb 12 2014 05:09:12
* NMEA baud rate = 9600
** R/V Coriolis II
** MARES project, ARGENTINA 2014
** Chief scientist : Dr. Gustavo Ferreyra
** Co-Chief scientist : Dr. José Luis Esteves
# nquan = 13
# nvalues = 546                                   
# units = specified
# name 0 = depSM: Depth [salt water, m]
# name 1 = prDM: Pressure, Digiquartz [db]
# name 2 = t090C: Temperature [ITS-90, deg C]
# name 3 = c0mS/cm: Conductivity [mS/cm]
# name 4 = sal00: Salinity, Practical [PSU]
# name 5 = sbeox0Mm/Kg: Oxygen, SBE 43 [umol/Kg]
# name 6 = flECO-AFL: Fluorescence, WET Labs ECO-AFL/FL [mg/m^3]
# name 7 = ph: pH
# name 8 = CStarTr0: Beam Transmission, WET Labs C-Star [%]
# name 9 = par: PAR/Irradiance, Biospherical/Licor
# name 10 = upoly0: Upoly 0, Nitrate
# name 11 = sigma-é00: Density [sigma-theta, Kg/m^3]
# name 12 = flag:  0.000e+00
# span 0 =     -0.126,     77.379                 
# span 1 =     -0.128,     78.039                 
# span 2 =    11.8620,    12.7471                 
# span 3 =   2.566153,  38.735874                 
# span 4 =     1.7816,    33.1091                 
# span 5 =    210.742,    263.170                 
# span 6 =    -0.1249,     0.9227                 
# span 7 =      7.852,      8.108                 
# span 8 =    76.3522,    93.2137                 
# span 9 = 1.0000e-12, 6.1480e-01                 
# span 10 = -0.7634735, -0.3991573                
# span 11 =     0.8357,    25.1479                
# span 12 = 0.0000e+00, 0.0000e+00                
# interval = seconds: 1
# start_time = Feb 12 2014 05:09:12 [NMEA time, header]
# bad_flag = -9.990e-29
*END*
[from data line 445]
      1.766      1.780    12.7197  38.711095    33.1027    219.916     0.6956      8.104    92.4649 2.7865e-02 -0.5978752    24.9783  0.000e+00
      1.926      1.942    12.7199  38.711478    33.1029    218.807     0.7469      8.104    92.5166 4.9568e-02 -0.5978752    24.9784  0.000e+00
      1.937      1.954    12.7196  38.711223    33.1029    219.859     0.6956      8.104    92.4649 6.6286e-02 -0.5978752    24.9785  0.000e+00
      1.814      1.829    12.7191  38.710713    33.1029    219.765     0.6589      8.104    92.4391 2.8295e-02 -0.5978752    24.9786  0.000e+00
      1.933      1.949    12.7179  38.709758    33.1030    218.537     0.7102      8.104    92.4133 3.9882e-02 -0.5978752    24.9789  0.000e+00
      1.950      1.966    12.7182  38.710076    33.1030    217.857     0.7469      8.104    92.4907 3.5996e-02 -0.5978752    24.9788  0.000e+00
      1.773      1.787    12.7190  38.710713    33.1030    219.177     0.6663      8.104    92.5424 4.6316e-02 -0.5978752    24.9787  0.000e+00
      1.621      1.634    12.7187  38.710203    33.1028    219.824     0.6589      8.104    92.5166 5.1798e-02 -0.5978752    24.9786  0.000e+00
      1.902      1.918    12.7191  38.710841    33.1030    219.551     0.6882      8.104    92.4649 3.5522e-02 -0.5978752    24.9787  0.000e+00
      2.060      2.077    12.7200  38.711860    33.1031    219.180     0.7029      8.104    92.4133 6.5964e-02 -0.5978752    24.9785  0.000e+00
      1.915      1.931    12.7196  38.711414    33.1030    218.962     0.6663      8.104    92.4649 4.6583e-02 -0.5978752    24.9786  0.000e+00
      1.946      1.962    12.7200  38.711669    33.1030    219.919     0.6589      8.104    92.4649 4.3947e-02 -0.5978752    24.9785  0.000e+00
      2.060      2.077    12.7209  38.712433    33.1028    220.289     0.7176      8.104    92.4391 6.7910e-02 -0.5978752    24.9782  0.000e+00
      1.884      1.900    12.7204  38.711923    33.1029    218.741     0.7176      8.104    92.4907 4.4730e-02 -0.5978752    24.9783  0.000e+00
      1.723      1.738    12.7199  38.711413    33.1029    217.410     0.6443      8.104    92.4649 4.6050e-02 -0.5978752    24.9784  0.000e+00
      1.802      1.817    12.7203  38.711732    33.1028    218.802     0.7249      8.104    92.3358 3.7917e-02 -0.5978752    24.9783  0.000e+00
      1.863      1.878    12.7192  38.710904    33.1029    219.457     0.7322      8.104    92.3875 6.8238e-02 -0.5978752    24.9786  0.000e+00
      1.921      1.937    12.7174  38.709312    33.1030    219.776     0.7981      8.104    92.4649 6.3733e-02 -0.5978752    24.9790  0.000e+00
      1.797      1.812    12.7181  38.709948    33.1030    219.398     0.6956      8.104    92.4907 3.7917e-02 -0.5978752    24.9788  0.000e+00
      1.766      1.780    12.7199  38.711350    33.1028    219.698     0.6882      8.104    92.5166 4.1133e-02 -0.5978752    24.9784  0.000e+00
      2.008      2.025    12.7185  38.710204    33.1029    219.557     0.7029      8.104    92.4391 3.2964e-02 -0.5978752    24.9787  0.000e+00
      2.133      2.151    12.7178  38.709822    33.1030    220.243     0.6882      8.104    92.5424 4.4469e-02 -0.5978752    24.9789  0.000e+00
      1.802      1.817    12.7192  38.710840    33.1029    219.702     0.6589      8.104    92.5424 1.3005e-02 -0.5978752    24.9785  0.000e+00
      1.773      1.787    12.7193  38.710904    33.1029    218.681     0.6516      8.104    92.5682 4.0630e-02 -0.5978752    24.9785  0.000e+00
      2.018      2.035    12.7186  38.710140    33.1027    217.641     0.6736      8.104    92.3100 5.5824e-02 -0.5978752    24.9785  0.000e+00
      1.899      1.915    12.7188  38.710522    33.1030    218.965     0.6589      8.104    92.1809 5.8798e-02 -0.5978752    24.9787  0.000e+00
      1.674      1.688    12.7193  38.710840    33.1029    220.193     0.6663      8.104    92.4907 2.5748e-02 -0.5978752    24.9785  0.000e+00
      1.929      1.945    12.7190  38.710841    33.1030    219.181     0.6956      8.104    92.4649 3.0262e-02 -0.5978752    24.9787  0.000e+00
      2.004      2.020    12.7193  38.710905    33.1028    219.337     0.6809      8.104    92.3358 6.0011e-02 -0.5978752    24.9785  0.000e+00
      1.695      1.709    12.7194  38.711095    33.1030    219.543     0.6516      8.104    92.3875 3.7433e-02 -0.5978752    24.9786  0.000e+00
      1.746      1.760    12.7197  38.711286    33.1029    218.957     0.6956      8.104    92.4391 2.2086e-02 -0.5978752    24.9785  0.000e+00
      2.077      2.094    12.7198  38.711669    33.1031    218.594     0.6736      8.104    92.4133 4.8745e-02 -0.5978752    24.9786  0.000e+00
      2.109      2.127    12.7196  38.711415    33.1030    218.813     0.6809      8.104    92.4391 7.2923e-02 -0.5978752    24.9786  0.000e+00
      1.736      1.751    12.7190  38.710458    33.1028    220.505     0.6443      8.104    92.4133 5.3218e-02 -0.5978752    24.9785  0.000e+00
      1.713      1.728    12.7193  38.711031    33.1030    219.019     0.6443      8.104    92.4649 1.7112e-02 -0.5978752    24.9786  0.000e+00
      2.006      2.023    12.7191  38.710841    33.1030    219.646     0.6809      8.104    92.4133 5.2364e-02 -0.5978752    24.9786  0.000e+00
      2.021      2.037    12.7192  38.711032    33.1030    219.028     0.6809      8.104    92.3875 6.1238e-02 -0.5978752    24.9786  0.000e+00
      1.788      1.803    12.7185  38.710267    33.1030    219.642     0.6589      8.104    92.3875 4.2914e-02 -0.5978752    24.9787  0.000e+00
      1.694      1.708    12.7163  38.708228    33.1030    219.033     0.6443      8.104    92.4391 4.1385e-02 -0.5978752    24.9792  0.000e+00
      2.116      2.134    12.7148  38.707275    33.1033    218.185     0.7102      8.104    92.4907 2.5957e-02 -0.5978752    24.9797  0.000e+00
      2.702      2.725    12.7181  38.710398    33.1031    219.052     0.6223      8.104    92.3875 4.2146e-02 -0.5978752    24.9789  0.000e+00
      2.591      2.613    12.7169  38.709123    33.1030    220.538     0.6589      8.104    92.4133 2.6588e-02 -0.6309949    24.9791  0.000e+00
      2.361      2.381    12.7164  38.708677    33.1030    219.051     0.6296      8.104    92.4649 3.5758e-02 -0.6309949    24.9792  0.000e+00
      2.480      2.500    12.7165  38.708868    33.1031    218.929     0.7029      8.104    92.4133 1.8793e-02 -0.6309949    24.9793  0.000e+00
      2.574      2.596    12.7165  38.708932    33.1031    220.168     0.7469      8.104    92.4649 3.2735e-02 -0.6309949    24.9793  0.000e+00
      2.466      2.486    12.7163  38.708486    33.1030    220.105     0.7102      8.104    92.5424 1.9362e-02 -0.6309949    24.9792  0.000e+00
      2.425      2.445    12.7165  38.708677    33.1030    219.144     0.7176      8.104    92.4907 2.9821e-02 -0.6309949    24.9792  0.000e+00
      2.602      2.624    12.7171  38.709442    33.1031    219.300     0.7542      8.104    92.5166 3.5758e-02 -0.6309949    24.9791  0.000e+00
      2.649      2.671    12.7177  38.709761    33.1029    220.103     0.7395      8.104    92.5166 3.7674e-02 -0.6309949    24.9789  0.000e+00
      2.523      2.544    12.7179  38.709951    33.1029    219.511     0.6956      8.104    92.5682 2.0905e-02 -0.5978752    24.9788  0.000e+00
      2.480      2.500    12.7189  38.710843    33.1029    219.289     0.7176      8.104    92.4649 2.2884e-02 -0.6309949    24.9786  0.000e+00
      2.505      2.526    12.7185  38.710461    33.1029    218.767     0.9227      8.104    92.4649 3.8404e-02 -0.6309949    24.9787  0.000e+00
      2.557      2.578    12.7189  38.710907    33.1029    218.395     0.7615      8.104    92.4907 3.7191e-02 -0.6309949    24.9786  0.000e+00
      2.615      2.637    12.7201  38.711862    33.1028    219.566     0.7688      8.104    92.4649 1.7667e-02 -0.6309949    24.9783  0.000e+00
      2.585      2.607    12.7213  38.713136    33.1029    219.405     0.8787      8.104    92.4907 1.7297e-02 -0.6309949    24.9782  0.000e+00
      2.534      2.555    12.7238  38.715174    33.1027    218.589     0.7615      8.104    92.5424 1.3700e-02 -0.6309949    24.9775  0.000e+00
      2.509      2.530    12.7246  38.715811    33.1027    220.284     0.7835      8.104    92.4907 2.1888e-02 -0.6309949    24.9773  0.000e+00
      2.599      2.621    12.7240  38.715429    33.1027    219.393     0.8128      8.104    92.4907 2.9163e-02 -0.6309949    24.9775  0.000e+00
      2.626      2.648    12.7217  38.713455    33.1029    218.168     0.7835      8.104    92.4649 2.1690e-02 -0.6309949    24.9781  0.000e+00
      2.512      2.533    12.7218  38.713391    33.1028    219.185     0.7322      8.104    92.4907 2.8080e-02 -0.6309949    24.9780  0.000e+00
      2.499      2.520    12.7221  38.713773    33.1029    218.287     0.7102      8.104    92.3358 2.8728e-02 -0.6309949    24.9780  0.000e+00
      2.512      2.533    12.7216  38.713263    33.1028    218.815     0.7835      8.104    92.5166 2.5748e-02 -0.6309949    24.9780  0.000e+00
      2.520      2.541    12.7220  38.713645    33.1028    220.204     0.7762      8.104    92.5166 2.7011e-02 -0.6309949    24.9780  0.000e+00
      2.517      2.538    12.7219  38.713582    33.1029    219.401     0.7395      8.104    92.6198 3.5758e-02 -0.6309949    24.9781  0.000e+00
      2.595      2.616    12.7233  38.715047    33.1030    218.222     0.7981      8.104    92.4907 3.2280e-02 -0.6309949    24.9779  0.000e+00
      2.610      2.632    12.7256  38.716703    33.1026    219.170     0.6809      8.104    92.4907 2.4712e-02 -0.6309949    24.9771  0.000e+00
      2.538      2.559    12.7249  38.716321    33.1028    219.233     0.6663      8.104    92.4649 2.9821e-02 -0.6309949    24.9774  0.000e+00
      2.504      2.525    12.7249  38.716384    33.1029    219.170     0.7542      8.104    92.5166 3.1602e-02 -0.6309949    24.9774  0.000e+00
      2.545      2.566    12.7242  38.715620    33.1028    220.132     0.7542      8.104    92.4391 2.3691e-02 -0.6309949    24.9775  0.000e+00
      2.549      2.571    12.7225  38.713645    33.1024    219.183     0.7176      8.104    92.4907 3.3423e-02 -0.6309949    24.9775  0.000e+00
      2.607      2.629    12.7216  38.713391    33.1029    219.126     0.7395      8.104    92.4907 4.9568e-02 -0.6309949    24.9781  0.000e+00
      2.659      2.681    12.7205  38.712436    33.1030    221.048     0.7615      8.104    92.4907 2.9382e-02 -0.6309949    24.9784  0.000e+00
      2.423      2.443    12.7203  38.712180    33.1030    220.084     0.6956      8.104    92.5166 3.7191e-02 -0.6309949    24.9784  0.000e+00
      2.283      2.302    12.7203  38.712116    33.1030    217.732     0.6736      8.104    92.3616 3.4817e-02 -0.6309949    24.9784  0.000e+00
      2.517      2.538    12.7201  38.712117    33.1031    217.801     0.7688      8.108    92.3616 4.0380e-02 -0.6309949    24.9785  0.000e+00
      2.418      2.438    12.7202  38.712053    33.1030    219.035     0.7102      8.104    92.4649 4.3171e-02 -0.6309949    24.9784  0.000e+00
      2.024      2.041    12.7203  38.712051    33.1030    219.610     0.6296      8.104    92.4391 6.7584e-02 -0.6309949    24.9784  0.000e+00
      1.626      1.640    12.7205  38.712050    33.1030    219.011     0.7176      8.104    92.5166 8.2497e-02 -0.5978752    24.9783  0.000e+00
      1.174      1.184    12.7205  38.711729    33.1029    219.153     0.7615      8.104    92.4907 1.3765e-01 -0.6309949    24.9783  0.000e+00
      0.580      0.585    12.7207  38.711664    33.1028    218.981     0.6809      8.104    92.4649 1.8069e-01 -0.5978752    24.9782  0.000e+00
      0.307      0.309    12.7202  38.710771    33.1026    218.760     0.6589      8.104    91.8194 1.7434e-01 -0.5978752    24.9781  0.000e+00
      0.060      0.061    12.7297  38.608773    32.9972    218.717     0.6516      8.104    84.7184 1.3975e-01 -0.5978752    24.8946  0.000e+00
     -0.122     -0.123    12.6614  14.340488    11.1607    259.635     0.6516      8.104    81.6198 1.1739e-01 -0.5647556     8.0497  0.000e+00
     -0.122     -0.123    12.5680   6.571823     4.8276    263.170     0.3586      8.104    78.2113 1.3402e-01 -0.4653966     3.1769  0.000e+00
     -0.119     -0.120    12.5603   4.290918     3.0631    256.417    -0.1249      8.104    76.3522 2.9603e-01 -0.4653966     1.8132  0.000e+00
     -0.121     -0.122    12.5646   3.899450     2.7664    249.866    -0.1249      8.100    90.2959 3.5139e-01 -0.4653966     1.5828  0.000e+00
     -0.123     -0.124    12.5701   3.363578     2.3642    242.378    -0.1249      8.090    92.4649 2.6728e-01 -0.4653966     1.2705  0.000e+00
     -0.123     -0.124    12.5617   3.588421     2.5328    236.491    -0.1249      8.086    89.2372 1.7185e-01 -0.4653966     1.4022  0.000e+00
     -0.125     -0.126    12.5525   3.364873     2.3663    233.017    -0.1249      8.072    86.9649 1.8199e-01 -0.4653966     1.2743  0.000e+00
     -0.126     -0.128    12.5362   3.312136     2.3279    231.950    -0.1249      8.062    86.3193 1.3923e-01 -0.4653966     1.2466  0.000e+00
     -0.125     -0.126    12.5090   3.188767     2.2377    232.723    -0.1249      8.053    85.3123 1.0613e-01 -0.4653966     1.1801  0.000e+00
     -0.121     -0.122    12.4901   3.065484     2.1472    233.495    -0.1249      8.034    84.9250 9.4424e-02 -0.4653966     1.1123  0.000e+00
     -0.121     -0.122    12.4728   2.678634     1.8623    234.342    -0.1249      8.021    84.7959 1.4731e-01 -0.4653966     0.8935  0.000e+00
     -0.121     -0.122    12.4578   2.977077     2.0834    234.927    -0.1249      8.002    84.2278 2.6995e-01 -0.4653966     1.0669  0.000e+00
     -0.109     -0.109    12.4632   4.703125     3.3861    240.667    -0.1249      7.941    84.7184 4.7381e-01 -0.4653966     2.0757  0.000e+00
     -0.114     -0.115    12.4577   3.414024     2.4089    256.950    -0.1176      7.894    85.0024 5.0247e-01 -0.4653966     1.3194  0.000e+00
     -0.116     -0.117    12.4337   2.566153     1.7816    259.348    -0.1249      7.881    84.5118 4.9478e-01 -0.4653966     0.8357  0.000e+00
     -0.119     -0.120    12.4166   3.024127     2.1206    248.075    -0.1176      7.871    84.4602 4.8870e-01 -0.4653966     1.1009  0.000e+00
     -0.113     -0.114    12.4599   6.755572     4.9865    238.835    -0.1249      7.866    84.4085 6.1480e-01 -0.4653966     3.3141  0.000e+00
     -0.113     -0.114    12.4983  13.322129    10.3493    238.392    -0.1249      7.862    84.0987 5.0247e-01 -0.4653966     7.4480  0.000e+00
     -0.113     -0.114    12.4744  20.048071    16.1455    236.510    -0.1249      7.852    84.0470 5.1659e-01 -0.4653966    11.9207  0.000e+00
