Arg_L2_F4_NV.cnv
* Sea-Bird SBE 9 Data File:
* FileName = S:\CTD_Data\CTD\Data\Argentina 2014\Data\Arg_L2_F4.hex
* Software Version Seasave V 7.21g
* Temperature SN = 5769
* Conductivity SN = 4244
* Number of Bytes Per Scan = 31
* Number of Voltage Words = 4
* Number of Scans Averaged by the Deck Unit = 24
* NMEA Latitude = 46 32.13 S
* NMEA Longitude = 065 54.04 W
* NMEA UTC (Time) = Feb 06 2014 01:28:36
* NMEA baud rate = 9600
** R/V Coriolis II
** MARES project, ARGENTINA 2014
** Chief scientist : Dr. Gustavo Ferreyra
** Co-Chief scientist : Dr. José Luis Esteves
# nquan = 13
# nvalues = 358                                   
# units = specified
# name 0 = depSM: Depth [salt water, m]
# name 1 = prDM: Pressure, Digiquartz [db]
# name 2 = t090C: Temperature [ITS-90, deg C]
# name 3 = c0mS/cm: Conductivity [mS/cm]
# name 4 = sal00: Salinity, Practical [PSU]
# name 5 = sbeox0Mm/Kg: Oxygen, SBE 43 [umol/Kg]
# name 6 = flECO-AFL: Fluorescence, WET Labs ECO-AFL/FL [mg/m^3]
# name 7 = ph: pH
# name 8 = CStarTr0: Beam Transmission, WET Labs C-Star [%]
# name 9 = par: PAR/Irradiance, Biospherical/Licor
# name 10 = upoly0: Upoly 0, Nitrate
# name 11 = sigma-é00: Density [sigma-theta, Kg/m^3]
# name 12 = flag:  0.000e+00
# span 0 =     -0.281,     86.467                 
# span 1 =     -0.284,     87.205                 
# span 2 =    10.8184,    12.6477                 
# span 3 =   5.881760,  38.689765                 
# span 4 =     4.3069,    33.2018                 
# span 5 =    183.786,    270.603                 
# span 6 =    -0.1249,     0.4172                 
# span 7 =      8.008,      8.175                 
# span 8 =    71.5493,    96.0800                 
# span 9 = 1.0000e-12, 1.0063e+00                 
# span 10 = -0.7634735,  6.3903726                
# span 11 =     2.7971,    25.4088                
# span 12 = 0.0000e+00, 0.0000e+00                
# interval = seconds: 1
# start_time = Feb 06 2014 01:28:36 [NMEA time, header]
# bad_flag = -9.990e-29
*END*
[from data line 223]
     68.216     68.796    11.4714  37.659340    33.1656    199.268     0.0948      8.057    80.3545 1.0000e-12  3.4096034    25.2639  0.000e+00
     67.001     67.570    11.6587  37.811272    33.1471    198.908     0.0729      8.066    80.1479 1.0000e-12  2.6478513    25.2153  0.000e+00
     65.945     66.505    11.7085  37.850837    33.1417    201.205     0.0655      8.079    83.0400 1.0000e-12  1.7867402    25.2018  0.000e+00
     65.332     65.886    11.6377  37.789311    33.1452    206.427     0.0509      8.084    85.6996 1.0000e-12  1.7867402    25.2176  0.000e+00
     65.088     65.640    11.6577  37.815494    33.1530    209.491     0.0362      8.080    84.7959 1.0000e-12  1.1243470    25.2200  0.000e+00
     64.898     65.449    11.7090  37.855884    33.1467    209.417     0.0362      8.084    85.9320 1.0000e-12  1.4886632    25.2056  0.000e+00
     64.453     65.000    11.7845  37.918207    33.1403    208.517     0.0582      8.089    87.6879 1.0000e-12  1.1574667    25.1866  0.000e+00
     63.696     64.237    11.7958  37.927427    33.1395    209.244     0.0436      8.093    89.9086 1.0000e-12  0.2301162    25.1839  0.000e+00
     62.774     63.306    11.8103  37.940438    33.1396    210.654     0.0436      8.093    89.2372 1.0000e-12  0.0313983    25.1813  0.000e+00
     61.861     62.386    11.8257  37.955600    33.1410    211.821     0.0875      8.098    89.6503 1.0000e-12  0.7600308    25.1795  0.000e+00
     61.049     61.567    11.8403  37.967920    33.1403    212.213     0.0655      8.098    90.3734 1.0000e-12  0.7269111    25.1762  0.000e+00
     60.311     60.822    11.8499  37.975691    33.1396    212.238     0.0655      8.102    91.2255 1.0000e-12  0.2301162    25.1739  0.000e+00
     59.599     60.104    11.8621  37.986877    33.1400    212.327     0.0802      8.102    91.7419 1.0000e-12 -0.0348410    25.1719  0.000e+00
     58.875     59.374    11.8782  38.001035    33.1397    212.240     0.0948      8.102    92.0518 1.0000e-12  0.9256291    25.1686  0.000e+00
     58.157     58.649    11.8904  38.011211    33.1390    212.798     0.0948      8.107    92.1551 1.0000e-12  0.4288342    25.1659  0.000e+00
     57.610     58.098    11.9030  38.022528    33.1390    213.199     0.0875      8.107    92.0259 1.0000e-12 -0.5647556    25.1635  0.000e+00
     57.246     57.731    11.9270  38.043460    33.1381    213.711     0.0875      8.111    92.0001 1.0000e-12 -0.6972342    25.1583  0.000e+00
     56.817     57.298    11.9488  38.062562    33.1374    214.072     0.0802      8.111    92.2842 1.0000e-12 -0.6972342    25.1536  0.000e+00
     56.078     56.552    11.9642  38.078314    33.1393    213.829     0.0655      8.116    92.8006 1.0000e-12 -0.6972342    25.1522  0.000e+00
     55.130     55.597    12.0221  38.133438    33.1416    214.393     0.0436      8.116    92.5940 1.0000e-12 -0.5316359    25.1432  0.000e+00
     54.192     54.650    12.0782  38.184983    33.1421    215.196     0.0655      8.120    92.7748 1.0000e-12 -0.2004393    25.1330  0.000e+00
     53.345     53.796    12.1271  38.228507    33.1411    215.961     0.0802      8.125    93.4461 1.0000e-12 -0.6972342    25.1230  0.000e+00
     52.631     53.077    12.1766  38.271608    33.1392    216.725     0.0948      8.124    93.8851 1.0000e-12 -0.6972342    25.1121  0.000e+00
     52.074     52.514    12.2002  38.292658    33.1388    217.768     0.0948      8.129    94.1692 1.0000e-12 -0.6972342    25.1073  0.000e+00
     51.567     52.003    12.2227  38.313332    33.1391    218.432     0.1535      8.129    94.3499 1.0000e-12 -0.7303538    25.1033  0.000e+00
     51.050     51.482    12.2307  38.321512    33.1400    219.318     0.1241      8.134    94.8147 1.0000e-12 -0.7303538    25.1024  0.000e+00
     50.392     50.818    12.2459  38.335721    33.1406    219.626     0.1168      8.133    94.9696 1.0000e-12 -0.7303538    25.1000  0.000e+00
     49.579     49.998    12.2556  38.344664    33.1409    219.730     0.1022      8.138    94.8405 1.0000e-12 -0.7303538    25.0984  0.000e+00
     48.777     49.189    12.2614  38.350245    33.1415    219.922     0.0948      8.138    94.4790 1.0000e-12 -0.7303538    25.0978  0.000e+00
     48.100     48.507    12.2810  38.367693    33.1412    220.054     0.1388      8.138    95.0987 1.0000e-12 -0.7303538    25.0938  0.000e+00
     47.499     47.900    12.2963  38.382797    33.1424    220.432     0.1901      8.138    95.1504 1.0000e-12 -0.7303538    25.0918  0.000e+00
     46.806     47.201    12.3241  38.407553    33.1420    219.987     0.1901      8.143    95.2537 1.0000e-12 -0.7303538    25.0861  0.000e+00
     46.043     46.432    12.3506  38.431173    33.1416    219.928     0.1681      8.142    95.3569 1.0000e-12 -0.7303538    25.0807  0.000e+00
     45.295     45.677    12.3708  38.450669    33.1428    220.729     0.1461      8.142    95.4344 1.0000e-12 -0.7303538    25.0778  0.000e+00
     44.511     44.886    12.4055  38.482558    33.1431    221.615     0.1461      8.147    95.2537 1.0000e-12 -0.7634735    25.0713  0.000e+00
     43.780     44.149    12.4241  38.498887    33.1426    221.595     0.1461      8.147    95.3569 1.0000e-12 -0.7634735    25.0674  0.000e+00
     43.283     43.648    12.4246  38.500284    33.1437    221.821     0.1461      8.151    95.5377 1.0000e-12 -0.7634735    25.0682  0.000e+00
     42.772     43.133    12.4486  38.520621    33.1423    222.765     0.1461      8.151    95.4602 1.0000e-12 -0.7634735    25.0624  0.000e+00
     42.004     42.358    12.4602  38.529009    33.1404    222.779     0.1461      8.151    95.6152 1.0000e-12 -0.7634735    25.0587  0.000e+00
     41.209     41.557    12.4618  38.529006    33.1393    222.238     0.1461      8.156    95.6410 1.0000e-12 -0.7634735    25.0576  0.000e+00
     40.534     40.875    12.4634  38.529830    33.1389    222.902     0.1608      8.156    95.5635 1.0000e-12 -0.7634735    25.0569  0.000e+00
     39.866     40.202    12.4640  38.529891    33.1387    223.793     0.1901      8.156    95.6668 1.0000e-12 -0.7634735    25.0566  0.000e+00
     39.074     39.403    12.4665  38.531986    33.1389    223.847     0.1901      8.156    95.7959 1.0000e-12 -0.7634735    25.0562  0.000e+00
     38.208     38.529    12.4705  38.535415    33.1390    223.892     0.1608      8.156    95.8217 1.0000e-12 -0.7634735    25.0555  0.000e+00
     37.505     37.821    12.4695  38.533950    33.1388    223.810     0.2267      8.156    95.7701 1.0000e-12 -0.7634735    25.0555  0.000e+00
     36.969     37.280    12.4683  38.531787    33.1380    224.114     0.2340      8.156    95.8476 1.0000e-12 -0.7634735    25.0552  0.000e+00
     36.394     36.700    12.4673  38.530895    33.1383    223.501     0.2560      8.156    95.8992 1.0000e-12 -0.7634735    25.0556  0.000e+00
     35.696     35.996    12.4671  38.530320    33.1382    223.415     0.2340      8.156    95.9250 1.0000e-12 -0.7634735    25.0556  0.000e+00
     34.962     35.256    12.4666  38.529618    33.1382    223.997     0.2414      8.161    95.8992 1.0000e-12 -0.7634735    25.0556  0.000e+00
     34.315     34.603    12.4656  38.527962    33.1378    224.140     0.2414      8.161    95.8992 1.0000e-12 -0.7634735    25.0555  0.000e+00
     33.693     33.976    12.4613  38.522048    33.1362    223.544     0.2853      8.161    95.9250 1.0000e-12 -0.7634735    25.0550  0.000e+00
     32.977     33.254    12.4573  38.517023    33.1352    223.700     0.2707      8.161    95.8476 1.0000e-12 -0.7634735    25.0550  0.000e+00
     32.230     32.501    12.4579  38.517847    33.1358    224.276     0.2487      8.161    95.6926 1.0000e-12 -0.7634735    25.0553  0.000e+00
     31.559     31.824    12.4582  38.518099    33.1360    223.276     0.2780      8.161    95.4861 1.0000e-12 -0.7634735    25.0554  0.000e+00
     30.902     31.162    12.4577  38.517079    33.1358    223.416     0.2707      8.161    95.8992 1.0000e-12 -0.7634735    25.0553  0.000e+00
     30.089     30.341    12.4572  38.514660    33.1342    223.465     0.2926      8.161    95.9508 1.0000e-12 -0.7634735    25.0542  0.000e+00
     29.190     29.436    12.4620  38.517072    33.1327    223.575     0.2414      8.161    95.9250 1.0000e-12 -0.7634735    25.0521  0.000e+00
     28.520     28.759    12.4680  38.521138    33.1316    224.129     0.2487      8.161    95.9508 1.0000e-12 -0.7634735    25.0501  0.000e+00
     28.183     28.420    12.4840  38.536139    33.1320    223.820     0.2267      8.161    95.9508 1.0000e-12 -0.7634735    25.0473  0.000e+00
     27.880     28.114    12.5008  38.552734    33.1332    224.263     0.2340      8.165    95.8992 1.0000e-12 -0.7634735    25.0450  0.000e+00
     27.251     27.480    12.5043  38.555402    33.1329    224.982     0.2194      8.165    95.8734 1.0000e-12 -0.7634735    25.0441  0.000e+00
     26.391     26.613    12.5083  38.559278    33.1334    224.118     0.2414      8.165    95.8217 1.0000e-12 -0.7634735    25.0437  0.000e+00
     25.541     25.756    12.5248  38.577337    33.1366    223.945     0.2267      8.165    95.8476 1.0000e-12 -0.7303538    25.0429  0.000e+00
     24.715     24.923    12.5556  38.606978    33.1381    224.745     0.2194      8.165    95.8734 1.0000e-12 -0.7303538    25.0381  0.000e+00
     23.953     24.154    12.5686  38.619128    33.1386    224.065     0.2487      8.165    95.7959 1.0000e-12 -0.7303538    25.0360  0.000e+00
     23.339     23.535    12.5824  38.632044    33.1391    223.167     0.2853      8.165    95.8217 1.0000e-12 -0.7303538    25.0337  0.000e+00
     22.781     22.972    12.6036  38.653810    33.1414    224.016     0.3000      8.165    95.7959 1.0000e-12 -0.7303538    25.0314  0.000e+00
     22.087     22.272    12.6136  38.663865    33.1425    223.792     0.3000      8.169    95.6926 1.0000e-12 -0.7303538    25.0302  0.000e+00
     21.312     21.491    12.6111  38.660616    33.1419    223.345     0.2926      8.169    95.7185 1.0000e-12 -0.7303538    25.0303  0.000e+00
     20.728     20.901    12.6014  38.650810    33.1413    224.717     0.2926      8.169    95.7443 1.0000e-12 -0.6972342    25.0317  0.000e+00
     20.405     20.576    12.5954  38.644380    33.1406    223.989     0.2853      8.169    95.6152 1.0000e-12 -0.6972342    25.0323  0.000e+00
     20.008     20.176    12.5878  38.636296    33.1398    223.356     0.3073      8.169    95.6926 1.0000e-12 -0.7303538    25.0331  0.000e+00
     19.145     19.305    12.5798  38.628719    33.1400    223.808     0.2926      8.170    95.6926 1.0000e-12 -0.6309949    25.0348  0.000e+00
     18.037     18.188    12.5869  38.635843    33.1409    224.865     0.2633      8.169    95.6926 1.0000e-12 -0.5978752    25.0341  0.000e+00
     17.049     17.192    12.5977  38.646468    33.1420    222.538     0.3000      8.169    95.6668 1.0000e-12 -0.6972342    25.0328  0.000e+00
     16.348     16.485    12.6002  38.648439    33.1420    222.598     0.3146      8.169    95.5635 1.0000e-12 -0.6309949    25.0323  0.000e+00
     15.862     15.994    12.6026  38.650474    33.1420    223.139     0.2926      8.169    95.6926 1.0000e-12 -0.5978752    25.0318  0.000e+00
     15.428     15.558    12.6012  38.648945    33.1420    223.818     0.3073      8.169    95.5635 1.0000e-12 -0.4653966    25.0321  0.000e+00
     14.928     15.053    12.6132  38.661419    33.1435    223.434     0.3513      8.169    95.6410 1.0000e-12 -0.6309949    25.0309  0.000e+00
     14.354     14.474    12.6147  38.661735    33.1428    223.130     0.3219      8.169    95.6152 1.0000e-12 -0.6309949    25.0301  0.000e+00
     13.737     13.852    12.6152  38.662752    33.1435    223.172     0.3659      8.169    95.6926 1.0000e-12 -0.4653966    25.0305  0.000e+00
     12.996     13.104    12.6146  38.662303    33.1439    222.935     0.3073      8.169    95.6926 1.0000e-12 -0.5978752    25.0309  0.000e+00
     12.162     12.264    12.6139  38.661154    33.1438    223.507     0.4025      8.169    95.6410 1.0000e-12 -0.5316359    25.0310  0.000e+00
     11.260     11.354    12.6133  38.660069    33.1436    223.111     0.3513      8.169    95.6926 1.0000e-12 -0.5647556    25.0309  0.000e+00
     10.453     10.541    12.6129  38.659429    33.1438    222.871     0.4099      8.169    95.7185 1.0000e-12 -0.4653966    25.0311  0.000e+00
      9.803      9.885    12.6136  38.660127    33.1440    223.068     0.3952      8.169    95.6926 7.3199e-05 -0.6641145    25.0311  0.000e+00
      9.249      9.327    12.6141  38.660443    33.1442    222.676     0.3879      8.169    95.6410 3.3161e-03 -0.4653966    25.0311  0.000e+00
      8.669      8.741    12.6133  38.659359    33.1441    223.037     0.3879      8.169    95.6410 6.7757e-03 -0.4985162    25.0312  0.000e+00
      8.137      8.205    12.6129  38.658975    33.1442    222.869     0.3806      8.169    95.6668 9.1555e-03 -0.6972342    25.0314  0.000e+00
      7.696      7.760    12.6174  38.662729    33.1441    222.617     0.3806      8.174    95.7443 1.2660e-02 -0.4653966    25.0304  0.000e+00
      7.034      7.092    12.6157  38.660817    33.1440    223.198     0.3659      8.174    95.6410 1.5834e-02 -0.4653966    25.0307  0.000e+00
      6.118      6.169    12.6145  38.659413    33.1441    223.550     0.2853      8.174    95.6410 1.8228e-02 -0.6309949    25.0310  0.000e+00
      5.293      5.337    12.6143  38.659028    33.1442    223.309     0.2926      8.174    95.6152 2.0516e-02 -0.4985162    25.0310  0.000e+00
      4.866      4.907    12.6152  38.659663    33.1443    224.193     0.3219      8.174    95.5893 2.3488e-02 -0.4985162    25.0309  0.000e+00
      4.517      4.554    12.6145  38.658897    33.1443    223.813     0.3219      8.174    95.3828 2.3894e-02 -0.5647556    25.0311  0.000e+00
      4.083      4.117    12.6170  38.661569    33.1448    223.507     0.3513      8.174    95.6926 1.9745e-02 -0.5978752    25.0309  0.000e+00
      3.666      3.696    12.6167  38.661059    33.1447    222.969     0.3659      8.174    95.6668 8.1915e-03 -0.5316359    25.0309  0.000e+00
      3.333      3.361    12.6163  38.660612    33.1449    221.999     0.4172      8.174    95.6668 1.4051e-02 -0.5316359    25.0311  0.000e+00
      3.160      3.186    12.6166  38.660738    33.1448    222.801     0.3952      8.174    95.6410 1.0000e-12 -0.6309949    25.0310  0.000e+00
      3.298      3.326    12.6156  38.659848    33.1448    225.109     0.3732      8.174    95.6926 4.8439e-04 -0.6309949    25.0311  0.000e+00
      3.332      3.360    12.6151  38.659211    33.1446    225.640     0.3659      8.174    95.7443 1.0000e-12 -0.6309949    25.0311  0.000e+00
      3.005      3.030    12.6167  38.660801    33.1448    223.414     0.3219      8.174    95.7185 1.0000e-12 -0.6309949    25.0310  0.000e+00
      2.632      2.654    12.6175  38.661309    33.1448    222.219     0.3219      8.174    95.7443 1.0000e-12 -0.6309949    25.0308  0.000e+00
      2.296      2.316    12.6165  38.660226    33.1448    223.241     0.3659      8.174    95.5893 1.0000e-12 -0.6309949    25.0310  0.000e+00
      1.986      2.003    12.6159  38.659461    33.1446    224.043     0.3586      8.174    95.6668 1.0000e-12 -0.6309949    25.0310  0.000e+00
      1.795      1.810    12.6142  38.657550    33.1444    224.573     0.3806      8.174    95.6668 1.0000e-12 -0.5647556    25.0311  0.000e+00
      1.623      1.637    12.6140  38.657486    33.1446    224.351     0.3806      8.174    95.7185 1.0000e-12 -0.5978752    25.0313  0.000e+00
      1.589      1.602    12.6148  38.658186    33.1446    223.166     0.3293      8.174    95.6926 1.0000e-12 -0.5978752    25.0311  0.000e+00
      1.601      1.614    12.6151  38.658568    33.1447    224.282     0.3146      8.174    95.7185 1.4581e-02 -0.5978752    25.0312  0.000e+00
      1.895      1.911    12.6152  38.658951    33.1448    225.470     0.3366      8.174    95.6668 3.9882e-02 -0.5647556    25.0312  0.000e+00
