Arg_L2_F1_NV.cnv
* Sea-Bird SBE 9 Data File:
* FileName = S:\CTD_Data\CTD\Data\Argentina 2014\Data\Arg_L2_F1.hex
* Software Version Seasave V 7.21g
* Temperature SN = 5769
* Conductivity SN = 4244
* Number of Bytes Per Scan = 31
* Number of Voltage Words = 4
* Number of Scans Averaged by the Deck Unit = 24
* NMEA Latitude = 46 33.58 S
* NMEA Longitude = 065 51.09 W
* NMEA UTC (Time) = Feb 06 2014 21:28:04
* NMEA baud rate = 9600
** R/V Coriolis II
** MARES project, ARGENTINA 2014
** Chief scientist : Dr. Gustavo Ferreyra
** Co-Chief scientist : Dr. José Luis Esteves
# nquan = 13
# nvalues = 669                                   
# units = specified
# name 0 = depSM: Depth [salt water, m]
# name 1 = prDM: Pressure, Digiquartz [db]
# name 2 = t090C: Temperature [ITS-90, deg C]
# name 3 = c0mS/cm: Conductivity [mS/cm]
# name 4 = sal00: Salinity, Practical [PSU]
# name 5 = sbeox0Mm/Kg: Oxygen, SBE 43 [umol/Kg]
# name 6 = flECO-AFL: Fluorescence, WET Labs ECO-AFL/FL [mg/m^3]
# name 7 = ph: pH
# name 8 = CStarTr0: Beam Transmission, WET Labs C-Star [%]
# name 9 = par: PAR/Irradiance, Biospherical/Licor
# name 10 = upoly0: Upoly 0, Nitrate
# name 11 = sigma-é00: Density [sigma-theta, Kg/m^3]
# name 12 = flag:  0.000e+00
# span 0 =     -0.297,     84.302                 
# span 1 =     -0.299,     85.022                 
# span 2 =    10.8705,    12.9543                 
# span 3 =  17.478764,  38.727468                 
# span 4 =    13.8324,    33.2006                 
# span 5 =    174.273,    264.832                 
# span 6 =    -0.2422,    25.1058                 
# span 7 =      8.007,      8.188                 
# span 8 =     6.3494,    96.0025                 
# span 9 = 1.0000e-12, 1.0112e+03                 
# span 10 = -0.5316359,  18.412809                
# span 11 =    10.1069,    25.3987                
# span 12 = 0.0000e+00, 0.0000e+00                
# interval = seconds: 1
# start_time = Feb 06 2014 21:28:04 [NMEA time, header]
# bad_flag = -9.990e-29
*END*
[from data line 112]
     62.914     63.448    11.2811  37.495111    33.1773    197.014     0.0582      8.072    86.6034 1.4404e-01  9.0730650    25.3074  0.000e+00
     63.632     64.172    11.2770  37.491907    33.1776    196.407     0.0582      8.072    86.3968 1.2846e-01  9.3049026    25.3084  0.000e+00
     64.378     64.924    11.2700  37.485873    33.1776    196.217     0.0582      8.072    86.3193 1.1188e-01  9.5698598    25.3097  0.000e+00
     65.200     65.753    11.2484  37.468523    33.1795    196.088     0.0582      8.067    86.0353 9.4827e-02  10.099774    25.3151  0.000e+00
     65.911     66.471    11.2428  37.464377    33.1802    195.647     0.0582      8.067    85.2348 8.1763e-02  9.4705009    25.3166  0.000e+00
     66.447     67.011    11.2464  37.467396    33.1797    195.164     0.0655      8.067    84.8991 7.7089e-02  9.8016974    25.3156  0.000e+00
     67.027     67.596    11.2402  37.461929    33.1797    194.723     0.0729      8.062    84.5118 6.8567e-02  9.9672957    25.3167  0.000e+00
     67.646     68.221    11.2199  37.445777    33.1818    194.744     0.0802      8.063    83.8146 5.7598e-02  9.4373812    25.3220  0.000e+00
     68.199     68.778    11.2048  37.433838    33.1834    195.148     0.0948      8.063    82.5752 5.3218e-02  9.0068256    25.3260  0.000e+00
     68.826     69.411    11.2034  37.432584    33.1831    194.442     0.0582      8.063    81.8780 4.6583e-02  9.4373812    25.3260  0.000e+00
     69.608     70.200    11.1969  37.427622    33.1837    193.515     0.0729      8.058    81.4390 3.7674e-02  9.6360991    25.3276  0.000e+00
     70.442     71.041    11.1758  37.409780    33.1848    193.139     0.0655      8.058    81.3616 2.8511e-02  9.4373812    25.3323  0.000e+00
     71.185     71.790    11.1468  37.386666    33.1877    193.198     0.0729      8.053    80.3803 2.2484e-02  9.4042615    25.3398  0.000e+00
     71.775     72.385    11.1363  37.378440    33.1888    192.772     0.0729      8.053    79.3217 1.8040e-02  10.033535    25.3426  0.000e+00
     72.287     72.902    11.1260  37.369398    33.1889    191.689     0.1022      8.049    78.7278 1.4051e-02  10.166014    25.3445  0.000e+00
     72.871     73.491    11.1060  37.352634    33.1902    190.892     0.1095      8.049    78.4179 1.1638e-02  10.099774    25.3491  0.000e+00
     73.555     74.181    11.0975  37.345479    33.1904    190.298     0.0948      8.049    77.9273 7.4005e-03  9.9010564    25.3508  0.000e+00
     74.261     74.893    11.0763  37.327778    33.1918    190.164     0.0802      8.044    77.4625 4.4942e-03  9.3711419    25.3556  0.000e+00
     74.944     75.582    11.0562  37.311335    33.1933    189.615     0.1022      8.044    76.6104 1.7390e-03  9.8679368    25.3605  0.000e+00
     75.606     76.250    11.0322  37.291319    33.1949    189.242     0.1388      8.040    75.4742 1.0000e-12  10.497210    25.3660  0.000e+00
     76.300     76.950    11.0176  37.278584    33.1951    189.081     0.1315      8.040    75.0611 1.0000e-12  10.960885    25.3688  0.000e+00
     77.014     77.670    11.0176  37.279465    33.1958    188.203     0.0802      8.040    74.4413 1.0000e-12  10.232253    25.3693  0.000e+00
     77.679     78.341    11.0240  37.284361    33.1945    187.710     0.0948      8.035    73.6151 1.0000e-12  10.199133    25.3671  0.000e+00
     78.266     78.933    10.9785  37.243902    33.1953    188.082     0.0802      8.035    73.8733 1.0000e-12  10.331612    25.3758  0.000e+00
     78.850     79.522    10.9671  37.235815    33.1973    187.655     0.0948      8.035    73.6667 1.0000e-12  10.530330    25.3794  0.000e+00
     79.480     80.157    10.9336  37.207664    33.1994    187.479     0.1095      8.031    72.5822 1.0000e-12  10.397851    25.3870  0.000e+00
     80.214     80.898    10.9283  37.203654    33.1999    187.032     0.0948      8.031    70.8779 1.0000e-12  10.364732    25.3883  0.000e+00
     80.972     81.662    10.9405  37.213688    33.1984    186.266     0.0948      8.031    69.6385 1.0000e-12  10.563450    25.3851  0.000e+00
     81.495     82.190    10.9403  37.213502    33.1982    185.794     0.1095      8.026    70.2066 1.0000e-12  10.828407    25.3849  0.000e+00
     81.685     82.382    10.9369  37.210618    33.1983    186.151     0.1095      8.026    71.4202 1.0000e-12  10.464091    25.3856  0.000e+00
     81.910     82.609    10.9328  37.206920    33.1983    186.513     0.0948      8.026    72.1174 1.0000e-12  11.126484    25.3864  0.000e+00
     82.331     83.034    10.9339  37.208050    33.1983    186.357     0.0948      8.026    71.9883 1.0000e-12  11.159603    25.3862  0.000e+00
     82.871     83.578    10.9229  37.198210    33.1982    186.252     0.0948      8.026    71.1878 1.0000e-12  11.027125    25.3880  0.000e+00
     83.284     83.995    10.9132  37.190564    33.1992    186.138     0.1168      8.026    71.3427 1.0000e-12  11.225843    25.3906  0.000e+00
     83.405     84.116    10.9215  37.197585    33.1986    185.946     0.0802      8.026    71.5493 1.0000e-12  11.093364    25.3886  0.000e+00
     83.514     84.227    10.9276  37.202663    33.1981    185.763     0.0802      8.026    71.6526 1.0000e-12  11.225843    25.3871  0.000e+00
     83.511     84.224    10.9337  37.207804    33.1977    185.577     0.0802      8.021    71.9625 1.0000e-12  11.457680    25.3857  0.000e+00
     83.439     84.151    10.9360  37.209433    33.1972    185.817     0.0802      8.021    71.9108 1.0000e-12  11.855116    25.3850  0.000e+00
     83.348     84.059    10.9297  37.204042    33.1976    186.504     0.0948      8.021    71.8592 1.0000e-12  11.788877    25.3864  0.000e+00
     83.334     84.045    10.8908  37.170132    33.1991    186.661     0.0875      8.021    70.8263 1.0000e-12  11.722638    25.3944  0.000e+00
     83.390     84.102    10.8733  37.155720    33.2006    186.067     0.1022      8.022    67.8568 1.0000e-12  11.689518    25.3987  0.000e+00
     83.308     84.019    10.8754  37.157286    33.2004    185.229     0.1095      8.017    67.1080 1.0000e-12  11.689518    25.3981  0.000e+00
     83.258     83.969    10.8862  37.166247    33.1995    185.023     0.1022      8.017    67.4437 1.0000e-12  11.557039    25.3955  0.000e+00
     83.466     84.178    10.8853  37.165308    33.1992    185.122     0.1168      8.017    67.0822 1.0000e-12  11.159603    25.3955  0.000e+00
     83.676     84.390    10.8746  37.156348    33.2000    185.007     0.1315      8.017    66.6690 1.0000e-12  11.258962    25.3980  0.000e+00
     83.703     84.417    10.8705  37.152651    33.1999    184.862     0.1095      8.017    66.9272 1.0000e-12  11.523920    25.3987  0.000e+00
     83.639     84.353    10.8856  37.165559    33.1991    185.052     0.1241      8.017    67.0305 1.0000e-12  11.192723    25.3954  0.000e+00
     83.474     84.187    10.8849  37.164806    33.1991    185.303     0.0948      8.017    67.7793 1.0000e-12  11.689518    25.3955  0.000e+00
     83.443     84.155    10.8886  37.167939    33.1989    185.288     0.0948      8.017    68.3732 1.0000e-12  11.888236    25.3947  0.000e+00
     83.576     84.290    10.8799  37.160420    33.1993    185.326     0.1388      8.017    68.5023 1.0000e-12  11.855116    25.3965  0.000e+00
     83.625     84.338    10.8783  37.159230    33.1995    185.333     0.1168      8.017    67.8826 1.0000e-12  11.159603    25.3970  0.000e+00
     83.579     84.293    10.8756  37.157099    33.1998    184.929     0.1022      8.012    67.3662 1.0000e-12  11.258962    25.3977  0.000e+00
     83.540     84.253    10.8920  37.171010    33.1988    184.449     0.1095      8.012    68.2958 1.0000e-12  11.159603    25.3940  0.000e+00
     83.566     84.280    10.9018  37.179095    33.1980    185.077     0.0948      8.017    68.7606 1.0000e-12  10.994005    25.3917  0.000e+00
     83.677     84.391    10.8996  37.177278    33.1981    185.339     0.0875      8.012    69.3545 1.0000e-12  10.861526    25.3921  0.000e+00
     83.794     84.509    10.9084  37.185238    33.1980    185.469     0.0948      8.012    69.3545 1.0000e-12  10.828407    25.3905  0.000e+00
     83.858     84.573    10.9022  37.179472    33.1979    185.496     0.0875      8.017    69.7160 1.0000e-12  11.192723    25.3915  0.000e+00
     83.802     84.517    10.8949  37.173643    33.1987    185.272     0.0802      8.017    69.7934 1.0000e-12  11.391441    25.3934  0.000e+00
     83.681     84.396    10.9038  37.181101    33.1981    185.233     0.0875      8.012    69.5869 1.0000e-12  11.424561    25.3913  0.000e+00
     83.589     84.303    10.9073  37.183984    33.1978    185.217     0.0948      8.012    69.3545 1.0000e-12  11.590159    25.3905  0.000e+00
     83.606     84.320    10.9072  37.183796    33.1977    185.219     0.0948      8.012    69.5610 1.0000e-12  11.391441    25.3905  0.000e+00
     83.792     84.507    10.9127  37.189124    33.1980    185.614     0.0875      8.012    70.0000 1.0000e-12  11.490800    25.3897  0.000e+00
     83.938     84.655    10.9386  37.211191    33.1964    185.514     0.0948      8.012    70.5681 1.0000e-12  11.689518    25.3839  0.000e+00
     83.839     84.555    10.9421  37.213698    33.1958    185.660     0.0948      8.017    71.4202 1.0000e-12  11.292082    25.3828  0.000e+00
     83.728     84.443    10.9391  37.211190    33.1961    185.669     0.0875      8.012    70.7488 1.0000e-12  11.987595    25.3836  0.000e+00
     83.713     84.427    10.9355  37.208180    33.1963    186.258     0.0948      8.017    70.4906 1.0000e-12  11.788877    25.3844  0.000e+00
     83.737     84.452    10.9358  37.208807    33.1967    186.257     0.0875      8.012    71.0071 1.0000e-12  11.424561    25.3846  0.000e+00
     83.764     84.479    10.9322  37.205234    33.1963    186.184     0.0875      8.012    70.3873 1.0000e-12  11.623279    25.3850  0.000e+00
     83.707     84.422    10.9001  37.177905    33.1983    185.898     0.0948      8.012    69.8709 1.0000e-12  11.656398    25.3921  0.000e+00
     83.660     84.374    10.8867  37.166561    33.1991    185.699     0.0948      8.012    70.1291 1.0000e-12  11.656398    25.3952  0.000e+00
     83.814     84.529    10.8872  37.167314    33.1994    185.538     0.0875      8.012    69.5094 1.0000e-12  11.490800    25.3953  0.000e+00
     84.089     84.807    10.8980  37.176339    33.1985    185.088     0.1315      8.012    68.0634 1.0000e-12  11.093364    25.3927  0.000e+00
     84.274     84.993    10.9069  37.184112    33.1980    185.309     0.1241      8.012    68.3732 1.0000e-12  11.590159    25.3908  0.000e+00
     84.150     84.868    10.9046  37.181729    33.1978    185.154     0.0948      8.012    68.7606 1.0000e-12  11.424561    25.3910  0.000e+00
     83.795     84.510    10.8987  37.176463    33.1980    185.169     0.0802      8.012    68.1150 1.0000e-12  11.457680    25.3922  0.000e+00
     83.568     84.281    10.9045  37.181602    33.1980    185.391     0.1315      8.012    68.1150 1.0000e-12  11.590159    25.3912  0.000e+00
     83.632     84.346    10.9072  37.183733    33.1977    185.382     0.1461      8.012    68.0117 1.0000e-12  11.424561    25.3904  0.000e+00
     83.811     84.526    10.9061  37.182919    33.1978    185.391     0.1315      8.012    68.1408 1.0000e-12  11.225843    25.3907  0.000e+00
     83.906     84.622    10.9079  37.184549    33.1977    185.386     0.1168      8.012    69.1737 1.0000e-12  11.258962    25.3904  0.000e+00
     83.968     84.685    10.9059  37.182669    33.1976    185.396     0.1022      8.012    69.4319 1.0000e-12  11.325202    25.3906  0.000e+00
     84.035     84.752    10.9045  37.181792    33.1980    185.403     0.0948      8.012    69.1221 1.0000e-12  10.994005    25.3912  0.000e+00
     84.092     84.810    10.9025  37.179912    33.1980    185.413     0.1095      8.012    69.0704 1.0000e-12  11.126484    25.3915  0.000e+00
     84.075     84.792    10.9164  37.192322    33.1977    185.356     0.0875      8.012    68.9930 1.0000e-12  11.292082    25.3888  0.000e+00
     84.119     84.837    10.9177  37.192886    33.1971    185.353     0.0948      8.012    68.9413 1.0000e-12  11.424561    25.3881  0.000e+00
     84.134     84.853    10.9215  37.196585    33.1973    185.338     0.1095      8.012    69.1479 1.0000e-12  11.424561    25.3877  0.000e+00
     83.899     84.615    10.9295  37.203291    33.1968    185.713     0.0802      8.012    69.6127 1.0000e-12  11.225843    25.3858  0.000e+00
     83.710     84.424    10.9318  37.205046    33.1965    185.700     0.0948      8.012    69.0446 1.0000e-12  11.060244    25.3852  0.000e+00
     83.882     84.598    10.9349  37.207554    33.1962    185.854     0.1095      8.012    69.0446 1.0000e-12  11.225843    25.3844  0.000e+00
     84.130     84.848    10.9279  37.201850    33.1968    186.301     0.1168      8.012    69.3286 1.0000e-12  11.755757    25.3861  0.000e+00
     84.143     84.861    10.9303  37.203982    33.1967    186.040     0.1022      8.012    70.1033 1.0000e-12  12.418150    25.3856  0.000e+00
     84.019     84.737    10.9277  37.201662    33.1968    185.797     0.0875      8.012    69.7418 1.0000e-12  11.457680    25.3861  0.000e+00
     83.956     84.672    10.9301  37.203856    33.1968    185.785     0.0875      8.012    69.2512 1.0000e-12  11.258962    25.3857  0.000e+00
     84.001     84.718    10.9288  37.202727    33.1968    185.792     0.0875      8.012    69.6385 1.0000e-12  11.590159    25.3860  0.000e+00
     84.105     84.823    10.9282  37.202163    33.1968    185.797     0.0948      8.012    69.8967 1.0000e-12  11.623279    25.3860  0.000e+00
     84.136     84.854    10.9298  37.203668    33.1968    185.791     0.0948      8.012    69.9225 1.0000e-12  11.490800    25.3857  0.000e+00
     84.002     84.719    10.9297  37.203542    33.1968    185.788     0.0875      8.012    69.6127 1.0000e-12  11.258962    25.3858  0.000e+00
     83.838     84.553    10.9281  37.201974    33.1968    185.791     0.0875      8.012    69.3286 1.0000e-12  10.994005    25.3861  0.000e+00
     83.906     84.622    10.9259  37.200408    33.1972    185.801     0.1095      8.012    68.9155 1.0000e-12  10.994005    25.3868  0.000e+00
     84.004     84.721    10.9259  37.199656    33.1964    185.805     0.1095      8.012    68.9671 1.0000e-12  10.994005    25.3862  0.000e+00
     83.981     84.698    10.8729  37.154469    33.1995    186.016     0.0948      8.012    68.9413 1.0000e-12  11.292082    25.3979  0.000e+00
     84.000     84.717    10.8909  37.170385    33.1990    185.530     0.1095      8.007    66.9014 1.0000e-12  11.557039    25.3943  0.000e+00
     84.092     84.810    10.8841  37.164119    33.1989    185.146     0.1095      8.012    67.2113 1.0000e-12  11.755757    25.3955  0.000e+00
     84.213     84.931    10.9161  37.192385    33.1980    184.859     0.1022      8.007    68.7606 1.0000e-12  11.093364    25.3891  0.000e+00
     84.166     84.884    10.9124  37.187245    33.1962    185.127     0.0948      8.007    67.9343 1.0000e-12  11.457680    25.3884  0.000e+00
     83.904     84.621    10.8761  37.157602    33.1998    185.515     0.1022      8.007    65.8944 1.0000e-12  11.855116    25.3976  0.000e+00
     83.765     84.480    10.9064  37.183859    33.1984    185.390     0.1168      8.012    67.3662 1.0000e-12  12.186313    25.3912  0.000e+00
     83.775     84.490    10.9130  37.187557    33.1961    185.367     0.1241      8.012    68.4765 1.0000e-12  12.020715    25.3882  0.000e+00
     83.883     84.599    10.9168  37.192321    33.1974    184.939     0.1095      8.012    69.9484 1.0000e-12  11.457680    25.3885  0.000e+00
     84.078     84.795    10.9392  37.211881    33.1965    185.267     0.1022      8.012    70.7230 1.0000e-12  11.225843    25.3839  0.000e+00
     84.136     84.854    10.9496  37.220282    33.1954    185.891     0.0948      8.012    70.8779 1.0000e-12  11.292082    25.3812  0.000e+00
