Arg_L2_F10_NV.cnv
* Sea-Bird SBE 9 Data File:
* FileName = S:\CTD_Data\CTD\Data\Argentina 2014\Data\Arg_L2_F10.hex
* Software Version Seasave V 7.21g
* Temperature SN = 5769
* Conductivity SN = 4244
* Number of Bytes Per Scan = 31
* Number of Voltage Words = 4
* Number of Scans Averaged by the Deck Unit = 24
* NMEA Latitude = 46 35.79 S
* NMEA Longitude = 065 46.85 W
* NMEA UTC (Time) = Feb 09 2014 21:28:01
* NMEA baud rate = 9600
** R/V Coriolis II
** MARES project, ARGENTINA 2014
** Chief scientist : Dr. Gustavo Ferreyra
** Co-Chief scientist : Dr. José Luis Esteves
# nquan = 13
# nvalues = 615                                   
# units = specified
# name 0 = depSM: Depth [salt water, m]
# name 1 = prDM: Pressure, Digiquartz [db]
# name 2 = t090C: Temperature [ITS-90, deg C]
# name 3 = c0mS/cm: Conductivity [mS/cm]
# name 4 = sal00: Salinity, Practical [PSU]
# name 5 = sbeox0Mm/Kg: Oxygen, SBE 43 [umol/Kg]
# name 6 = flECO-AFL: Fluorescence, WET Labs ECO-AFL/FL [mg/m^3]
# name 7 = ph: pH
# name 8 = CStarTr0: Beam Transmission, WET Labs C-Star [%]
# name 9 = par: PAR/Irradiance, Biospherical/Licor
# name 10 = upoly0: Upoly 0, Nitrate
# name 11 = sigma-é00: Density [sigma-theta, Kg/m^3]
# name 12 = flag:  0.000e+00
# span 0 =     -0.254,     71.749                 
# span 1 =     -0.256,     72.359                 
# span 2 =    11.6554,    13.2478                 
# span 3 =   4.732950,  39.097584                 
# span 4 =     3.3475,    33.1531                 
# span 5 =    198.418,    266.561                 
# span 6 =    -0.2861,     0.2487                 
# span 7 =      8.093,      8.195                 
# span 8 =    43.2229,    95.2020                 
# span 9 = 1.0000e-12, 6.6323e+02                 
# span 10 = -0.7634735, -0.4985162                
# span 11 =     1.9539,    25.2206                
# span 12 = 0.0000e+00, 0.0000e+00                
# interval = seconds: 1
# start_time = Feb 09 2014 21:28:01 [NMEA time, header]
# bad_flag = -9.990e-29
*END*
[from data line 223]
     69.798     70.392    11.8116  37.947794    33.1426    201.205     0.1388      8.107    67.5986 1.0000e-12 -0.6309949    25.1836  0.000e+00
     69.831     70.425    11.8114  37.947731    33.1427    201.206     0.0802      8.107    68.5798 1.0000e-12 -0.6309949    25.1836  0.000e+00
     69.778     70.372    11.8148  37.950448    33.1424    201.585     0.0582      8.107    68.3991 1.0000e-12 -0.6309949    25.1828  0.000e+00
     69.906     70.501    11.8094  37.945899    33.1427    201.611     0.0802      8.107    67.5728 1.0000e-12 -0.6309949    25.1840  0.000e+00
     70.212     70.809    11.8064  37.943626    33.1430    201.396     0.0802      8.107    68.2183 1.0000e-12 -0.6309949    25.1848  0.000e+00
     70.347     70.945    11.8032  37.940909    33.1432    201.808     0.0729      8.107    68.5023 1.0000e-12 -0.6309949    25.1856  0.000e+00
     70.095     70.691    11.8081  37.945078    33.1429    201.780     0.0802      8.107    67.1854 1.0000e-12 -0.6309949    25.1844  0.000e+00
     69.703     70.296    11.8106  37.947162    33.1429    201.524     0.0948      8.107    66.2042 1.0000e-12 -0.6309949    25.1840  0.000e+00
     69.449     70.040    11.8247  37.958978    33.1419    201.458     0.1168      8.107    66.4108 1.0000e-12 -0.6309949    25.1806  0.000e+00
     69.396     69.986    11.8378  37.969405    33.1404    201.402     0.1315      8.107    67.3662 1.0000e-12 -0.6309949    25.1770  0.000e+00
     69.474     70.064    11.8428  37.973703    33.1401    201.383     0.1095      8.107    68.7864 1.0000e-12 -0.6309949    25.1758  0.000e+00
     69.542     70.133    11.8435  37.974335    33.1401    201.775     0.0802      8.107    69.1221 1.0000e-12 -0.6309949    25.1757  0.000e+00
     69.610     70.202    11.8426  37.973830    33.1403    202.567     0.0802      8.107    68.7089 1.0000e-12 -0.6309949    25.1760  0.000e+00
     69.785     70.379    11.8374  37.969406    33.1407    202.753     0.0729      8.107    68.9155 1.0000e-12 -0.6309949    25.1773  0.000e+00
     69.922     70.516    11.8254  37.959801    33.1419    202.337     0.0729      8.107    69.3545 1.0000e-12 -0.6309949    25.1805  0.000e+00
     69.902     70.496    11.7973  37.936611    33.1444    201.826     0.0729      8.102    68.3732 1.0000e-12 -0.6309949    25.1876  0.000e+00
     69.757     70.350    11.8118  37.948173    33.1428    201.368     0.0802      8.107    67.7793 1.0000e-12 -0.6309949    25.1837  0.000e+00
     69.580     70.172    11.8106  37.946972    33.1428    201.210     0.0875      8.107    67.1854 1.0000e-12 -0.6309949    25.1839  0.000e+00
     69.485     70.076    11.8076  37.944381    33.1430    201.455     0.0948      8.107    67.4178 1.0000e-12 -0.6309949    25.1846  0.000e+00
     69.500     70.091    11.8009  37.938884    33.1436    201.325     0.1022      8.102    67.5211 1.0000e-12 -0.6309949    25.1863  0.000e+00
     69.415     70.006    11.7982  37.936610    33.1438    201.334     0.0875      8.102    67.2113 1.0000e-12 -0.6309949    25.1870  0.000e+00
     69.254     69.843    11.7977  37.936104    33.1439    201.568     0.0802      8.102    67.2629 1.0000e-12 -0.6309949    25.1871  0.000e+00
     69.292     69.881    11.7986  37.936799    33.1437    201.565     0.0948      8.102    66.6432 1.0000e-12 -0.6309949    25.1868  0.000e+00
     69.509     70.100    11.7928  37.931935    33.1440    201.201     0.0948      8.103    67.3145 1.0000e-12 -0.6309949    25.1881  0.000e+00
     69.768     70.362    11.7927  37.932062    33.1441    201.208     0.0802      8.103    68.2958 1.0000e-12 -0.6309949    25.1882  0.000e+00
     69.941     70.536    11.7910  37.930673    33.1443    201.061     0.0802      8.103    68.1667 1.0000e-12 -0.6309949    25.1887  0.000e+00
     69.937     70.532    11.7878  37.928020    33.1445    201.074     0.0729      8.103    67.9859 1.0000e-12 -0.6309949    25.1894  0.000e+00
     69.747     70.340    11.7872  37.927450    33.1445    201.308     0.0875      8.103    67.1596 1.0000e-12 -0.6309949    25.1896  0.000e+00
     69.578     70.170    11.7920  37.931303    33.1441    200.889     0.0875      8.103    66.4624 1.0000e-12 -0.6309949    25.1883  0.000e+00
     69.601     70.193    11.7871  37.927197    33.1445    200.911     0.1095      8.103    66.6432 1.0000e-12 -0.6309949    25.1896  0.000e+00
     69.584     70.176    11.7841  37.924797    33.1448    201.158     0.1022      8.103    67.0305 1.0000e-12 -0.6309949    25.1904  0.000e+00
     69.432     70.023    11.8011  37.938758    33.1434    201.083     0.0875      8.102    67.7793 1.0000e-12 -0.6309949    25.1861  0.000e+00
     69.458     70.049    11.7977  37.935852    33.1435    201.492     0.0802      8.107    66.6432 1.0000e-12 -0.6309949    25.1868  0.000e+00
     69.733     70.326    11.7941  37.933199    33.1440    201.514     0.0802      8.103    67.6502 1.0000e-12 -0.6309949    25.1879  0.000e+00
     69.974     70.569    11.7938  37.932884    33.1439    201.287     0.0802      8.103    68.3216 1.0000e-12 -0.6309949    25.1878  0.000e+00
     69.971     70.566    11.7919  37.931305    33.1440    201.295     0.0802      8.103    68.1150 1.0000e-12 -0.6309949    25.1883  0.000e+00
     69.854     70.448    11.7870  37.916584    33.1341    201.327     0.0802      8.103    67.0822 1.0000e-12 -0.6309949    25.1815  0.000e+00
     69.828     70.422    11.7825  37.923408    33.1447    201.330     0.1022      8.103    66.6432 1.0000e-12 -0.6309949    25.1906  0.000e+00
     69.892     70.486    11.7814  37.922587    33.1450    200.942     0.0875      8.103    66.9789 1.0000e-12 -0.6309949    25.1910  0.000e+00
     69.934     70.529    11.7850  37.925366    33.1444    200.929     0.0802      8.103    66.7465 1.0000e-12 -0.6309949    25.1899  0.000e+00
     69.947     70.542    11.7839  37.924735    33.1448    201.169     0.0729      8.103    67.3404 1.0000e-12 -0.6309949    25.1904  0.000e+00
     69.978     70.573    11.7865  37.926567    33.1442    200.765     0.0802      8.103    67.5986 1.0000e-12 -0.6309949    25.1895  0.000e+00
     70.056     70.652    11.7834  37.924230    33.1447    200.780     0.0802      8.103    66.9789 1.0000e-12 -0.6309949    25.1904  0.000e+00
     70.163     70.759    11.7788  37.920250    33.1449    201.038     0.0802      8.103    67.0047 1.0000e-12 -0.6309949    25.1914  0.000e+00
     70.170     70.767    11.7786  37.920250    33.1451    201.039     0.0802      8.103    67.2371 1.0000e-12 -0.6309949    25.1916  0.000e+00
     70.076     70.672    11.7786  37.920061    33.1449    201.037     0.0875      8.103    67.4953 1.0000e-12 -0.6309949    25.1915  0.000e+00
     70.048     70.644    11.7773  37.918987    33.1450    201.041     0.0875      8.103    67.2629 1.0000e-12 -0.6309949    25.1918  0.000e+00
     70.171     70.768    11.7775  37.919177    33.1450    201.044     0.0802      8.103    67.2629 1.0000e-12 -0.6309949    25.1918  0.000e+00
     70.377     70.975    11.7739  37.916145    33.1452    200.670     0.0802      8.103    67.5469 1.0000e-12 -0.6309949    25.1925  0.000e+00
     70.497     71.097    11.7694  37.912482    33.1456    200.692     0.0729      8.103    67.7535 1.0000e-12 -0.6309949    25.1937  0.000e+00
     70.449     71.048    11.7659  37.909577    33.1459    200.941     0.0875      8.103    67.2371 1.0000e-12 -0.6309949    25.1946  0.000e+00
     70.424     71.023    11.7643  37.908313    33.1460    200.552     0.0802      8.103    66.5399 1.0000e-12 -0.6309949    25.1950  0.000e+00
     70.523     71.123    11.7613  37.905598    33.1461    200.568     0.0875      8.103    66.7981 1.0000e-12 -0.6309949    25.1956  0.000e+00
     70.520     71.120    11.7572  37.902251    33.1464    200.821     0.0802      8.103    67.1596 1.0000e-12 -0.6309949    25.1966  0.000e+00
     70.412     71.011    11.7554  37.900671    33.1465    200.826     0.0802      8.103    66.6690 1.0000e-12 -0.6309949    25.1970  0.000e+00
     70.448     71.047    11.7541  37.899661    33.1467    200.437     0.0948      8.103    66.3075 1.0000e-12 -0.6309949    25.1974  0.000e+00
     70.589     71.190    11.7510  37.896693    33.1466    200.455     0.0948      8.103    66.4366 1.0000e-12 -0.6309949    25.1979  0.000e+00
     70.589     71.190    11.7391  37.886905    33.1476    200.345     0.0875      8.103    67.0563 1.0000e-12 -0.6309949    25.2009  0.000e+00
     70.595     71.196    11.7235  37.873961    33.1489    200.015     0.0948      8.098    66.7465 1.0000e-12 -0.6309949    25.2048  0.000e+00
     70.765     71.367    11.7273  37.877119    33.1485    199.845     0.0875      8.098    66.6174 1.0000e-12 -0.6309949    25.2038  0.000e+00
     70.859     71.462    11.7238  37.874215    33.1488    200.099     0.0802      8.098    67.0563 1.0000e-12 -0.6309949    25.2047  0.000e+00
     70.874     71.477    11.7230  37.873331    33.1486    199.944     0.0729      8.098    66.8239 1.0000e-12 -0.6309949    25.2047  0.000e+00
     70.975     71.579    11.7205  37.871311    33.1488    199.561     0.0802      8.098    66.2042 1.0000e-12 -0.6309949    25.2053  0.000e+00
     71.029     71.633    11.7261  37.876362    33.1488    199.775     0.0729      8.098    66.4624 1.0000e-12 -0.6309949    25.2042  0.000e+00
     70.944     71.547    11.7408  37.887980    33.1470    199.554     0.1095      8.098    66.5399 1.0000e-12 -0.6309949    25.2001  0.000e+00
     70.816     71.419    11.7369  37.884948    33.1476    199.567     0.0802      8.098    65.9718 1.0000e-12 -0.6309949    25.2013  0.000e+00
     70.733     71.334    11.7368  37.884569    33.1473    200.197     0.0802      8.098    66.0493 2.0988e-04 -0.6309949    25.2011  0.000e+00
     70.782     71.384    11.7192  37.869669    33.1485    200.273     0.0802      8.098    66.6174 1.0000e-12 -0.6309949    25.2053  0.000e+00
     70.991     71.595    11.7091  37.861589    33.1496    200.084     0.0729      8.098    66.1009 1.0000e-12 -0.6309949    25.2080  0.000e+00
     71.236     71.842    11.7094  37.862094    33.1497    200.088     0.0729      8.098    67.1854 1.0000e-12 -0.6309949    25.2080  0.000e+00
     71.379     71.987    11.7043  37.857613    33.1498    199.718     0.0729      8.098    66.9272 1.0000e-12 -0.6309949    25.2090  0.000e+00
     71.321     71.928    11.7029  37.856476    33.1500    199.326     0.0802      8.098    66.4108 1.0000e-12 -0.6309949    25.2095  0.000e+00
     71.215     71.821    11.7018  37.855403    33.1499    199.169     0.0948      8.098    65.6103 1.0000e-12 -0.6309949    25.2096  0.000e+00
     71.225     71.831    11.6966  37.850921    33.1502    199.428     0.1022      8.098    65.9718 1.0000e-12 -0.6309949    25.2108  0.000e+00
     71.175     71.781    11.6677  37.827443    33.1531    199.785     0.0948      8.094    65.2230 1.0000e-12 -0.6309949    25.2184  0.000e+00
     71.013     71.618    11.6777  37.834889    33.1516    199.343     0.0729      8.094    65.3521 1.0000e-12 -0.6309949    25.2153  0.000e+00
     71.049     71.653    11.6772  37.834384    33.1515    198.950     0.1022      8.094    64.9131 1.0000e-12 -0.6309949    25.2153  0.000e+00
     71.284     71.891    11.6707  37.828957    33.1518    198.823     0.0875      8.094    65.5587 1.0000e-12 -0.6309949    25.2168  0.000e+00
     71.457     72.065    11.6554  37.816338    33.1531    198.732     0.0802      8.094    66.2559 1.0000e-12 -0.6309949    25.2206  0.000e+00
     71.461     72.070    11.6675  37.826623    33.1524    198.920     0.0875      8.094    65.8685 1.0000e-12 -0.6309949    25.2179  0.000e+00
     71.081     71.686    11.6800  37.837287    33.1518    198.698     0.0948      8.094    65.0164 1.0000e-12 -0.6309949    25.2150  0.000e+00
     70.490     71.090    11.7106  37.862470    33.1493    198.556     0.1022      8.093    64.0094 1.0000e-12 -0.6309949    25.2074  0.000e+00
     69.639     70.232    11.7365  37.883744    33.1473    199.059     0.1095      8.098    63.6220 1.0000e-12 -0.6309949    25.2011  0.000e+00
     68.738     69.322    11.7504  37.895107    33.1463    199.373     0.1241      8.098    63.2347 1.0000e-12 -0.6309949    25.1978  0.000e+00
     67.937     68.514    11.7840  37.923021    33.1439    200.159     0.1388      8.103    62.8990 1.0000e-12 -0.6309949    25.1896  0.000e+00
     67.270     67.842    11.8059  37.940834    33.1419    200.602     0.1168      8.102    63.2864 7.3199e-05 -0.6309949    25.1840  0.000e+00
     66.871     67.439    11.8397  37.970091    33.1405    200.922     0.1168      8.107    64.6291 1.4574e-03 -0.6309949    25.1766  0.000e+00
     66.559     67.124    11.8785  38.000684    33.1358    201.460     0.1168      8.107    66.9530 8.9907e-04 -0.6309949    25.1658  0.000e+00
     65.877     66.437    11.8627  37.987532    33.1373    202.377     0.0802      8.107    67.0047 2.8812e-03 -0.6309949    25.1699  0.000e+00
     65.010     65.562    11.8646  37.989868    33.1383    202.820     0.1168      8.112    65.3005 9.3178e-03 -0.6309949    25.1702  0.000e+00
     64.458     65.006    11.8618  37.986768    33.1380    202.667     0.1168      8.112    65.4554 9.1555e-03 -0.6309949    25.1705  0.000e+00
     63.996     64.540    11.8645  37.990496    33.1394    202.724     0.1095      8.112    66.1526 1.3700e-02 -0.6309949    25.1711  0.000e+00
     63.138     63.673    11.8893  38.009586    33.1362    202.522     0.1022      8.112    67.0822 1.9937e-02 -0.6309949    25.1640  0.000e+00
     62.085     62.612    11.9014  38.019509    33.1356    202.759     0.1022      8.111    67.4178 2.5957e-02 -0.6309949    25.1612  0.000e+00
     61.405     61.926    11.8925  38.011855    33.1364    202.938     0.1022      8.111    69.3028 3.6951e-02 -0.6309949    25.1635  0.000e+00
     61.161     61.680    11.8968  38.015459    33.1362    203.230     0.1022      8.111    67.4953 4.0380e-02 -0.6309949    25.1625  0.000e+00
     60.793     61.308    11.9135  38.029749    33.1353    203.697     0.0802      8.116    70.8521 4.3171e-02 -0.6309949    25.1587  0.000e+00
     59.987     60.495    11.9187  38.033477    33.1346    203.579     0.0436      8.116    73.0986 5.1236e-02 -0.6309949    25.1572  0.000e+00
     59.050     59.551    11.9232  38.037205    33.1347    203.851     0.0729      8.116    71.5493 6.7584e-02 -0.6309949    25.1564  0.000e+00
     58.240     58.734    11.9363  38.047954    33.1338    204.322     0.0948      8.116    71.7817 8.5100e-02 -0.6309949    25.1532  0.000e+00
     57.616     58.104    11.9483  38.057946    33.1331    204.180     0.0875      8.116    72.5564 1.0269e-01 -0.6309949    25.1504  0.000e+00
     57.066     57.550    11.9553  38.063701    33.1326    204.451     0.0875      8.116    73.9766 1.1599e-01 -0.6309949    25.1487  0.000e+00
     56.416     56.894    11.9697  38.076795    33.1328    204.918     0.0582      8.121    74.7512 1.3300e-01 -0.6309949    25.1462  0.000e+00
     55.715     56.187    11.9875  38.091536    33.1316    204.749     0.0582      8.120    75.5775 1.5403e-01 -0.6309949    25.1419  0.000e+00
     55.146     55.613    12.0174  38.118433    33.1313    205.306     0.0655      8.125    77.3076 1.7123e-01 -0.6309949    25.1361  0.000e+00
     54.622     55.085    12.0701  38.163638    33.1285    205.996     0.0729      8.130    78.5212 1.8657e-01 -0.6309949    25.1239  0.000e+00
     53.930     54.386    12.1488  38.229331    33.1224    206.493     0.0509      8.134    80.1996 2.0582e-01 -0.6309949    25.1044  0.000e+00
     53.113     53.562    12.1804  38.254173    33.1188    208.348     0.0289      8.138    82.4719 2.3769e-01 -0.6309949    25.0955  0.000e+00
     52.358     52.801    12.2188  38.286631    33.1164    210.323     0.0436      8.143    84.9250 2.7446e-01 -0.6309949    25.0864  0.000e+00
     51.733     52.170    12.2579  38.318593    33.1129    211.611     0.0729      8.143    85.3898 3.0686e-01 -0.6309949    25.0762  0.000e+00
