Arg_L2_SF13_NV.cnv
* Sea-Bird SBE 9 Data File:
* FileName = S:\CTD_Data\CTD\Data\Argentina 2014\Data\Arg_L2_SF13.hex
* Software Version Seasave V 7.21g
* Temperature SN = 5769
* Conductivity SN = 4244
* Number of Bytes Per Scan = 31
* Number of Voltage Words = 4
* Number of Scans Averaged by the Deck Unit = 24
* NMEA Latitude = 45 56.75 S
* NMEA Longitude = 065 33.81 W
* NMEA UTC (Time) = Feb 08 2014 01:58:05
* NMEA baud rate = 9600
** R/V Coriolis II
** MARES project, ARGENTINA 2014
** Chief scientist : Dr. Gustavo Ferreyra
** Co-Chief scientist : Dr. José Luis Esteves
# nquan = 13
# nvalues = 357                                   
# units = specified
# name 0 = depSM: Depth [salt water, m]
# name 1 = prDM: Pressure, Digiquartz [db]
# name 2 = t090C: Temperature [ITS-90, deg C]
# name 3 = c0mS/cm: Conductivity [mS/cm]
# name 4 = sal00: Salinity, Practical [PSU]
# name 5 = sbeox0Mm/Kg: Oxygen, SBE 43 [umol/Kg]
# name 6 = flECO-AFL: Fluorescence, WET Labs ECO-AFL/FL [mg/m^3]
# name 7 = ph: pH
# name 8 = CStarTr0: Beam Transmission, WET Labs C-Star [%]
# name 9 = par: PAR/Irradiance, Biospherical/Licor
# name 10 = upoly0: Upoly 0, Nitrate
# name 11 = sigma-é00: Density [sigma-theta, Kg/m^3]
# name 12 = flag:  0.000e+00
# span 0 =     -0.280,     87.349                 
# span 1 =     -0.282,     88.090                 
# span 2 =     9.7825,    13.7967                 
# span 3 =   3.876285,  39.849986                 
# span 4 =     2.6829,    33.2373                 
# span 5 =    152.965,    264.163                 
# span 6 =    -0.1249,     1.3696                 
# span 7 =      7.879,      8.211                 
# span 8 =    10.7133,    97.5776                 
# span 9 = 1.0000e-12, 7.2354e-01                 
# span 10 = -0.6972342,  2.9128085                
# span 11 =     1.3935,    25.6135                
# span 12 = 0.0000e+00, 0.0000e+00                
# interval = seconds: 1
# start_time = Feb 08 2014 01:58:05 [NMEA time, header]
# bad_flag = -9.990e-29
*END*
[from data line 112]
     67.657     68.228    10.2979  36.579798    33.1540    184.688     0.0362      7.977    83.1174 1.0000e-12 -0.2004393    25.4617  0.000e+00
     68.033     68.607    10.3147  36.590822    33.1497    183.035    -0.0297      7.972    81.3357 1.0000e-12 -0.2997983    25.4555  0.000e+00
     68.181     68.756    10.2824  36.567783    33.1558    181.652    -0.0297      7.967    80.9742 1.0000e-12 -0.1673197    25.4658  0.000e+00
     68.760     69.341    10.2629  36.552906    33.1584    180.918    -0.0224      7.967    79.9414 1.0000e-12  0.5281932    25.4711  0.000e+00
     69.637     70.225    10.2256  36.525896    33.1648    180.089    -0.0224      7.963    78.5986 1.0000e-12  0.3957145    25.4825  0.000e+00
     70.496     71.091    10.2170  36.519988    33.1663    179.318    -0.0297      7.958    76.9977 1.0000e-12 -0.0348410    25.4851  0.000e+00
     70.896     71.495    10.2219  36.523412    33.1651    177.898    -0.0150      7.958    75.7324 1.0000e-12 -0.4653966    25.4834  0.000e+00
     71.144     71.745    10.2173  36.519990    33.1657    176.672    -0.0077      7.958    75.6033 1.0000e-12 -0.4653966    25.4846  0.000e+00
     71.606     72.211    10.2151  36.518249    33.1658    176.821    -0.0150      7.958    75.6033 1.0000e-12  1.4555436    25.4851  0.000e+00
     72.239     72.849    10.2126  36.516447    33.1660    177.139    -0.0077      7.958    75.5517 1.0000e-12  1.2237060    25.4857  0.000e+00
     72.805     73.420    10.2088  36.513898    33.1666    176.935    -0.0297      7.958    75.0611 1.0000e-12  0.8262701    25.4868  0.000e+00
     73.264     73.884    10.2001  36.507241    33.1677    176.485    -0.0150      7.953    74.2348 1.0000e-12  1.1905863    25.4891  0.000e+00
     73.799     74.423    10.1851  36.496542    33.1703    176.914    -0.0150      7.953    73.5118 1.0000e-12  1.1243470    25.4937  0.000e+00
     74.467     75.097    10.1715  36.486964    33.1728    176.485    -0.0077      7.953    72.7629 1.0000e-12  0.4619538    25.4980  0.000e+00
     75.157     75.792    10.1673  36.484105    33.1734    175.495    -0.0077      7.949    72.1432 1.0000e-12  0.1638769    25.4992  0.000e+00
     75.638     76.278    10.1679  36.484480    33.1731    175.010    -0.0004      7.949    71.9883 1.0000e-12  0.6606718    25.4988  0.000e+00
     75.939     76.581    10.1627  36.480811    33.1740    174.542    -0.0004      7.949    71.8075 1.0000e-12  0.6606718    25.5004  0.000e+00
     76.417     77.063    10.1468  36.468933    33.1763    174.116    -0.0004      7.944    71.6010 1.0000e-12  1.4224239    25.5049  0.000e+00
     77.122     77.774    10.1205  36.450217    33.1811    173.732    -0.0077      7.944    70.5164 1.0000e-12  0.7269111    25.5131  0.000e+00
     77.887     78.546    10.1034  36.438282    33.1843    173.315    -0.0077      7.940    69.4061 1.0000e-12 -0.4322769    25.5185  0.000e+00
     78.461     79.126    10.1001  36.436170    33.1849    171.985    -0.0150      7.935    68.2441 1.0000e-12  1.2237060    25.5195  0.000e+00
     78.840     79.508    10.0998  36.436047    33.1850    171.070    -0.0077      7.935    67.6761 1.0000e-12  0.8593897    25.5196  0.000e+00
     79.272     79.943    10.0973  36.434184    33.1851    170.264     0.0069      7.935    67.3920 1.0000e-12  0.0976376    25.5202  0.000e+00
     79.773     80.448    10.0946  36.432445    33.1857    169.624    -0.0150      7.935    66.7206 1.0000e-12 -0.4985162    25.5211  0.000e+00
     80.404     81.085    10.0914  36.430333    33.1862    169.685     0.0069      7.930    65.9718 1.0000e-12  0.3625949    25.5221  0.000e+00
     81.154     81.841    10.0869  36.427228    33.1868    169.488    -0.0004      7.930    64.7324 1.0000e-12 -0.2004393    25.5233  0.000e+00
     81.894     82.587    10.0761  36.419646    33.1887    169.478     0.0069      7.930    63.9577 1.0000e-12  0.4288342    25.5266  0.000e+00
     82.378     83.076    10.0735  36.418094    33.1893    169.002     0.0069      7.930    63.5188 4.8439e-04  1.0912274    25.5275  0.000e+00
     82.750     83.451    10.0549  36.404421    33.1924    168.314     0.0069      7.926    63.5446 1.0000e-12  0.3957145    25.5330  0.000e+00
     83.315     84.021    10.0316  36.387085    33.1958    168.344    -0.0004      7.926    63.2864 2.0988e-04  0.8925094    25.5396  0.000e+00
     84.000     84.713     9.9990  36.362856    33.2009    167.545     0.0143      7.921    62.4084 1.0000e-12  0.9918684    25.5491  0.000e+00
     84.527     85.244     9.9820  36.351366    33.2046    165.983     0.0289      7.916    62.7699 6.2223e-04  1.3230650    25.5548  0.000e+00
     84.679     85.397     9.9767  36.348696    33.2067    164.908     0.0216      7.912    62.8990 7.3199e-05  2.1841761    25.5574  0.000e+00
     84.705     85.423     9.9865  36.354721    33.2038    163.617     0.0069      7.916    62.7957 1.0000e-12  2.9128085    25.5534  0.000e+00
     85.026     85.747     9.9580  36.332549    33.2073    163.326     0.0143      7.912    62.9249 1.0000e-12  1.1905863    25.5609  0.000e+00
     85.320     86.043     9.9449  36.324291    33.2108    163.250     0.0143      7.912    62.8732 7.6046e-04  0.0976376    25.5659  0.000e+00
     85.212     85.934     9.9500  36.327706    33.2097    162.569    -0.0004      7.907    62.5892 1.0000e-12 -0.1673197    25.5641  0.000e+00
     84.831     85.551     9.9850  36.353231    33.2036    161.782    -0.0004      7.907    61.8145 1.0000e-12  2.6809709    25.5535  0.000e+00
     84.583     85.300    10.0040  36.366462    33.1997    161.919     0.0069      7.912    61.8403 3.4694e-04  1.8529795    25.5473  0.000e+00
     84.659     85.377     9.9729  36.343541    33.2050    163.098    -0.0004      7.912    62.4084 2.0988e-04  1.1243470    25.5566  0.000e+00
     84.847     85.566     9.9579  36.332673    33.2076    164.123     0.0069      7.912    63.2089 2.0988e-04  0.6937915    25.5612  0.000e+00
     84.892     85.612     9.9475  36.325097    33.2095    164.161     0.0069      7.907    63.1314 1.0000e-12  1.6542615    25.5644  0.000e+00
     84.815     85.535     9.9443  36.322551    33.2099    162.600     0.0069      7.907    62.7957 1.0000e-12  0.0976376    25.5652  0.000e+00
     84.820     85.539     9.9505  36.326835    33.2085    161.711     0.0143      7.902    63.0023 1.3173e-03  0.6275521    25.5631  0.000e+00
     84.986     85.707     9.9396  36.318701    33.2102    161.689    -0.0004      7.907    62.6666 3.4694e-04  1.9854581    25.5662  0.000e+00
     85.246     85.969     9.9355  36.316032    33.2111    161.377    -0.0004      7.902    62.9249 1.0000e-12  1.9854581    25.5677  0.000e+00
     85.384     86.108     9.9325  36.313611    33.2113    161.059    -0.0077      7.902    63.1314 1.0000e-12  1.3893043    25.5683  0.000e+00
     85.374     86.098     9.9320  36.313301    33.2115    161.164    -0.0150      7.902    62.6408 3.4694e-04  0.4950735    25.5686  0.000e+00
     85.466     86.191     9.9310  36.312432    33.2115    160.838    -0.0077      7.902    62.8216 4.8439e-04  0.3625949    25.5688  0.000e+00
     85.700     86.427     9.9193  36.303679    33.2133    160.717    -0.0004      7.902    62.4601 1.0000e-12  1.9192188    25.5721  0.000e+00
     85.893     86.622     9.9058  36.294306    33.2160    160.434     0.0069      7.903    62.4859 3.4694e-04  0.9256291    25.5764  0.000e+00
     86.051     86.781     9.8972  36.287602    33.2171    160.301     0.0069      7.898    62.0211 7.3199e-05  1.2237060    25.5787  0.000e+00
     86.240     86.972     9.8802  36.275500    33.2203    159.595     0.0069      7.898    61.5821 3.4694e-04  1.1905863    25.5840  0.000e+00
     86.463     87.196     9.8586  36.259490    33.2238    159.070     0.0069      7.893    61.4788 6.2223e-04  0.5613128    25.5904  0.000e+00
     86.760     87.496     9.8229  36.232812    33.2294    158.260    -0.0004      7.889    61.0140 3.4694e-04 -0.1342000    25.6007  0.000e+00
     87.115     87.854     9.7883  36.208809    33.2366    157.172    -0.0004      7.884    60.3427 1.0000e-12  1.5880222    25.6120  0.000e+00
     87.349     88.090     9.7825  36.204407    33.2373    155.655     0.0069      7.884    59.6713 4.8439e-04  1.7536205    25.6135  0.000e+00
     87.230     87.970     9.7846  36.205585    33.2367    154.106     0.0069      7.879    59.1291 8.9907e-04  0.2632359    25.6127  0.000e+00
     87.031     87.770     9.8303  36.238086    33.2278    152.965     0.0069      7.879    58.6901 7.6046e-04  1.6873812    25.5982  0.000e+00
     86.630     87.365     9.8557  36.257380    33.2242    153.191     0.0069      7.884    59.6197 4.8439e-04  1.6873812    25.5912  0.000e+00
     85.947     86.676     9.8630  36.261101    33.2216    154.341    -0.0004      7.884    59.3356 3.4694e-04  1.1243470    25.5879  0.000e+00
     85.391     86.115     9.8896  36.281517    33.2182    155.488     0.0143      7.888    58.8708 4.8439e-04  0.5281932    25.5808  0.000e+00
     84.932     85.652     9.9125  36.297840    33.2139    156.977     0.0143      7.893    58.9999 7.3199e-05  0.7600308    25.5737  0.000e+00
     84.414     85.129     9.9519  36.326213    33.2068    157.868    -0.0004      7.898    59.9037 1.0000e-12  1.8198598    25.5616  0.000e+00
     83.758     84.468     9.9851  36.350183    33.2009    159.103    -0.0004      7.902    60.2910 1.0000e-12  1.7867402    25.5514  0.000e+00
     83.063     83.767    10.0036  36.363909    33.1982    160.818    -0.0077      7.907    60.5751 1.0000e-12  1.5217829    25.5462  0.000e+00
     82.388     83.086    10.0321  36.384534    33.1933    162.393     0.0069      7.912    60.5751 1.0000e-12  1.4224239    25.5376  0.000e+00
     81.659     82.351    10.0621  36.406219    33.1881    163.691     0.0069      7.916    60.6267 1.0000e-12  0.8262701    25.5285  0.000e+00
     80.896     81.581    10.0778  36.417218    33.1851    164.773    -0.0077      7.916    61.6854 1.0000e-12 -0.0017214    25.5235  0.000e+00
     80.197     80.876    10.0839  36.421567    33.1843    165.890     0.0069      7.921    62.5375 7.3199e-05 -0.3329179    25.5218  0.000e+00
     79.652     80.327    10.0878  36.424238    33.1837    167.018     0.0069      7.921    63.2347 3.4694e-04  0.5281932    25.5206  0.000e+00
     79.177     79.847    10.0939  36.428463    33.1825    168.139    -0.0004      7.921    63.5188 7.3199e-05  0.1307573    25.5187  0.000e+00
     78.571     79.236    10.0956  36.429518    33.1823    168.414    -0.0077      7.925    63.9835 6.2223e-04  1.2899453    25.5183  0.000e+00
     77.847     78.506    10.1009  36.433121    33.1814    168.242    -0.0077      7.925    65.4037 4.8439e-04  2.1510564    25.5166  0.000e+00
     77.159     77.812    10.1165  36.444248    33.1787    168.564    -0.0077      7.925    66.5915 4.8439e-04  2.1841761    25.5119  0.000e+00
     76.502     77.149    10.1343  36.457117    33.1757    169.143    -0.0150      7.930    67.1338 4.8439e-04  2.2172957    25.5065  0.000e+00
     75.842     76.484    10.1551  36.472040    33.1721    169.711    -0.0004      7.935    67.8310 1.4574e-03  0.9256291    25.5002  0.000e+00
     75.303     75.940    10.1636  36.477823    33.1704    170.327    -0.0150      7.935    69.4061 1.0000e-12  0.4950735    25.4975  0.000e+00
     74.872     75.505    10.1685  36.481616    33.1700    171.813    -0.0150      7.939    69.8709 1.0381e-03  0.6275521    25.4963  0.000e+00
     74.318     74.947    10.1813  36.490945    33.1679    172.838    -0.0150      7.939    70.2324 3.4694e-04  0.6275521    25.4925  0.000e+00
     73.531     74.153    10.1973  36.502638    33.1655    172.892    -0.0150      7.944    70.9554 2.3069e-03  1.6211419    25.4879  0.000e+00
     72.623     73.237    10.2113  36.511967    33.1625    173.641    -0.0224      7.944    72.1690 7.6046e-04  1.9523385    25.4831  0.000e+00
     71.865     72.472    10.2174  36.516258    33.1615    174.685    -0.0150      7.949    72.9179 1.0000e-12  1.6873812    25.4814  0.000e+00
     71.433     72.037    10.2216  36.519804    33.1615    175.479    -0.0004      7.949    73.2019 7.3199e-05 -0.0679607    25.4806  0.000e+00
     71.090     71.691    10.2298  36.525341    33.1597    175.836    -0.0077      7.949    74.1831 7.3199e-05  0.2963556    25.4778  0.000e+00
     70.527     71.123    10.2330  36.527579    33.1593    176.205    -0.0224      7.949    74.5705 1.0381e-03  0.0313983    25.4770  0.000e+00
     69.696     70.285    10.2414  36.533738    33.1583    176.810    -0.0297      7.949    74.7770 1.0381e-03 -0.3991573    25.4747  0.000e+00
     68.908     69.490    10.2590  36.546557    33.1555    176.956    -0.0224      7.953    75.6291 1.1775e-03 -0.5647556    25.4695  0.000e+00
     68.420     68.998    10.2696  36.554585    33.1540    176.709    -0.0077      7.953    75.8357 2.0988e-04 -0.5978752    25.4666  0.000e+00
     67.961     68.534    10.2909  36.570272    33.1506    177.535    -0.0150      7.958    77.8498 7.6046e-04  0.2301162    25.4603  0.000e+00
     67.198     67.765    10.3347  36.602714    33.1437    178.102    -0.0297      7.962    78.8310 1.0000e-12  1.0249880    25.4474  0.000e+00
     66.452     67.013    10.3667  36.625448    33.1378    179.464    -0.0224      7.967    80.8193 6.2223e-04  1.6873812    25.4373  0.000e+00
     65.921     66.477    10.3774  36.633981    33.1368    181.168    -0.0224      7.972    81.7489 7.3199e-05 -0.0017214    25.4347  0.000e+00
     65.500     66.052    10.3869  36.641457    33.1359    182.524    -0.0224      7.972    81.8005 2.0988e-04  0.4288342    25.4324  0.000e+00
     64.872     65.419    10.3992  36.650864    33.1344    183.440    -0.0297      7.972    82.6527 2.0988e-04  0.5944325    25.4291  0.000e+00
     63.999     64.538    10.4167  36.663512    33.1316    183.649    -0.0297      7.976    83.2466 4.8439e-04  0.5281932    25.4239  0.000e+00
     63.307     63.841    10.4201  36.665878    33.1312    184.178    -0.0370      7.976    83.1949 6.2223e-04 -0.2997983    25.4230  0.000e+00
     62.925     63.455    10.4193  36.665503    33.1317    185.410    -0.0297      7.976    83.2724 1.0000e-12  0.6606718    25.4235  0.000e+00
     62.452     62.978    10.4231  36.668056    33.1310    185.779    -0.0297      7.981    83.6339 1.0000e-12  0.5613128    25.4223  0.000e+00
     61.821     62.342    10.4238  36.668366    33.1310    186.320    -0.0150      7.981    83.6855 1.0000e-12 -0.2004393    25.4222  0.000e+00
     61.246     61.762    10.4241  36.668364    33.1309    186.536    -0.0297      7.981    83.6855 1.0000e-12  0.8925094    25.4220  0.000e+00
     60.587     61.097    10.4250  36.668922    33.1310    186.491    -0.0297      7.981    83.6855 1.0000e-12  1.0581077    25.4219  0.000e+00
     59.788     60.291    10.4247  36.668296    33.1310    186.541    -0.0297      7.981    83.7113 1.0000e-12  1.0912274    25.4219  0.000e+00
     59.112     59.610    10.4245  36.668044    33.1312    186.595    -0.0224      7.981    83.7113 2.0988e-04  1.3561846    25.4221  0.000e+00
     58.625     59.118    10.4267  36.669913    33.1313    186.900    -0.0224      7.981    83.7113 1.0000e-12  2.5484923    25.4219  0.000e+00
     58.040     58.528    10.4547  36.691479    33.1277    187.100    -0.0150      7.985    83.8405 1.8804e-03  0.9587487    25.4142  0.000e+00
     57.381     57.864    10.4648  36.699333    33.1267    187.369    -0.0077      7.990    84.5376 7.6046e-04  0.2632359    25.4117  0.000e+00
     56.976     57.456    10.4713  36.704881    33.1265    188.079    -0.0077      7.990    85.3123 6.2223e-04 -0.1673197    25.4104  0.000e+00
     56.543     57.019    10.4762  36.708745    33.1261    189.633    -0.0150      7.995    85.9578 8.9907e-04 -0.6309949    25.4093  0.000e+00
     55.781     56.250    10.4797  36.711174    33.1258    190.509    -0.0297      7.995    86.2935 7.6046e-04  0.6275521    25.4084  0.000e+00
