Arg_L2_SF02_NV.cnv
* Sea-Bird SBE 9 Data File:
* FileName = S:\CTD_Data\CTD\Data\Argentina 2014\Data\Arg_L2_SF02.hex
* Software Version Seasave V 7.21g
* Temperature SN = 5769
* Conductivity SN = 4244
* Number of Bytes Per Scan = 31
* Number of Voltage Words = 4
* Number of Scans Averaged by the Deck Unit = 24
* NMEA Latitude = 45 57.16 S
* NMEA Longitude = 065 35.32 W
* NMEA UTC (Time) = Feb 06 2014 18:58:16
* NMEA baud rate = 9600
** R/V Coriolis II
** MARES project, ARGENTINA 2014
** Chief scientist : Dr. Gustavo Ferreyra
** Co-Chief scientist : Dr. José Luis Esteves
# nquan = 13
# nvalues = 355                                   
# units = specified
# name 0 = depSM: Depth [salt water, m]
# name 1 = prDM: Pressure, Digiquartz [db]
# name 2 = t090C: Temperature [ITS-90, deg C]
# name 3 = c0mS/cm: Conductivity [mS/cm]
# name 4 = sal00: Salinity, Practical [PSU]
# name 5 = sbeox0Mm/Kg: Oxygen, SBE 43 [umol/Kg]
# name 6 = flECO-AFL: Fluorescence, WET Labs ECO-AFL/FL [mg/m^3]
# name 7 = ph: pH
# name 8 = CStarTr0: Beam Transmission, WET Labs C-Star [%]
# name 9 = par: PAR/Irradiance, Biospherical/Licor
# name 10 = upoly0: Upoly 0, Nitrate
# name 11 = sigma-é00: Density [sigma-theta, Kg/m^3]
# name 12 = flag:  0.000e+00
# span 0 =     -0.350,     84.016                 
# span 1 =     -0.353,     84.729                 
# span 2 =     8.9840,    14.5354                 
# span 3 =   1.829960,  40.217261                 
# span 4 =     1.1943,    33.3396                 
# span 5 =    132.876,    277.519                 
# span 6 =    -0.1176,    24.7908                 
# span 7 =      7.815,      8.271                 
# span 8 =    24.5796,    96.6222                 
# span 9 = 1.0000e-12, 1.6820e+03                 
# span 10 = -0.7634735,  5.7942188                
# span 11 =     0.1561,    25.8211                
# span 12 = 0.0000e+00, 0.0000e+00                
# interval = seconds: 1
# start_time = Feb 06 2014 18:58:16 [NMEA time, header]
# bad_flag = -9.990e-29
*END*
[from data line 112]
     69.848     70.438     9.8656  36.297172    33.2632    157.263    -0.0370      7.959    84.3311 9.0854e-02  3.7076803    25.6197  0.000e+00
     70.693     71.290     9.8945  36.334680    33.2743    156.800    -0.0297      7.954    85.1832 7.0558e-02  4.5025521    25.6236  0.000e+00
     71.626     72.231     9.8926  36.337603    33.2787    156.507    -0.0224      7.954    86.3452 5.7300e-02  4.2375949    25.6273  0.000e+00
     72.346     72.958     9.8631  36.325684    33.2935    155.917    -0.0370      7.955    87.1973 5.4368e-02  4.4031932    25.6437  0.000e+00
     72.680     73.294     9.8221  36.291165    33.2960    156.139    -0.0297      7.945    87.2231 5.3791e-02  5.4299026    25.6525  0.000e+00
     73.146     73.765     9.6726  36.162327    33.3023    155.582    -0.0224      7.936    85.9062 4.9568e-02  4.1382359    25.6822  0.000e+00
     73.833     74.457     9.5514  36.062026    33.3115    153.665    -0.0150      7.923    83.0658 4.3429e-02  3.9063983    25.7091  0.000e+00
     74.397     75.027     9.5160  36.032188    33.3134    150.243    -0.0150      7.913    79.4508 4.0131e-02  3.9395179    25.7164  0.000e+00
     74.938     75.572     9.4835  36.002977    33.3133    145.751    -0.0150      7.904    78.2888 3.5996e-02  4.2044752    25.7216  0.000e+00
     75.707     76.347     9.4360  35.962458    33.3154    142.840    -0.0150      7.899    77.3592 2.8511e-02  4.3700735    25.7309  0.000e+00
     76.528     77.176     9.3781  35.913425    33.3184    141.675    -0.0150      7.895    76.0939 2.1297e-02  4.3700735    25.7426  0.000e+00
     77.167     77.820     9.3208  35.866148    33.3227    140.673    -0.0224      7.890    75.1127 1.5473e-02  4.3038342    25.7552  0.000e+00
     77.560     78.216     9.3038  35.852001    33.3237    139.890    -0.0224      7.886    74.3639 1.2489e-02  4.4363128    25.7587  0.000e+00
     78.020     78.680     9.2778  35.828592    33.3236    139.753    -0.0224      7.881    74.0282 9.9713e-03  5.4961419    25.7628  0.000e+00
     78.630     79.295     9.2292  35.787532    33.3261    139.123    -0.0224      7.876    73.6409 7.7156e-03  4.5025521    25.7726  0.000e+00
     79.356     80.028     9.1485  35.719160    33.3303    138.927    -0.0150      7.872    72.9179 4.9428e-03  4.4031932    25.7887  0.000e+00
     80.011     80.688     9.0582  35.644490    33.3369    138.306    -0.0077      7.867    71.4460 3.6082e-03  4.3700735    25.8081  0.000e+00
     80.429     81.111     9.0307  35.621628    33.3387    136.927    -0.0150      7.858    68.4249 3.4694e-04  3.7408000    25.8139  0.000e+00
     80.787     81.471     9.0210  35.612818    33.3384    135.781    -0.0150      7.853    66.6432 1.0000e-12  4.5687915    25.8152  0.000e+00
     81.115     81.802     9.0106  35.603084    33.3380    134.635    -0.0077      7.853    66.1526 6.2223e-04  5.2311846    25.8165  0.000e+00
     81.471     82.162     8.9894  35.585775    33.3396    134.429    -0.0077      7.849    64.6291 1.0000e-12  5.4299026    25.8211  0.000e+00
     81.862     82.555     8.9878  35.584114    33.3392    134.624    -0.0004      7.849    63.0281 1.0000e-12  4.7012701    25.8211  0.000e+00
     82.137     82.833     8.9875  35.583498    33.3387    134.241    -0.0004      7.844    62.4859 1.0000e-12  4.4031932    25.8207  0.000e+00
     82.297     82.995     8.9870  35.582575    33.3381    134.025    -0.0150      7.844    62.3051 1.0000e-12  4.6019111    25.8203  0.000e+00
     82.412     83.111     8.9874  35.582637    33.3378    134.261    -0.0150      7.844    61.7887 1.0000e-12  4.7675094    25.8200  0.000e+00
     82.529     83.228     8.9864  35.581467    33.3375    134.215    -0.0004      7.844    61.5563 1.0000e-12  4.7675094    25.8199  0.000e+00
     82.699     83.400     8.9852  35.580482    33.3375    134.339    -0.0004      7.844    61.2981 1.0000e-12  4.6681504    25.8201  0.000e+00
     83.060     83.764     8.9849  35.580052    33.3371    134.464    -0.0004      7.839    60.9108 1.0000e-12  5.0324667    25.8199  0.000e+00
     83.521     84.229     8.9843  35.579499    33.3369    134.305     0.0069      7.839    60.6525 1.0000e-12  5.3967829    25.8198  0.000e+00
     83.453     84.160     8.9861  35.580916    33.3367    134.130     0.0143      7.835    59.5938 1.0000e-12  5.6286205    25.8194  0.000e+00
     82.950     83.653     8.9958  35.587936    33.3352    133.924    -0.0004      7.835    60.0586 1.0000e-12  5.5955009    25.8167  0.000e+00
     82.852     83.554     8.9961  35.588059    33.3351    133.753     0.0143      7.835    60.3943 1.0000e-12  4.5025521    25.8165  0.000e+00
     83.359     84.066     8.9846  35.579068    33.3363    134.082    -0.0004      7.835    59.2582 1.0000e-12  4.7343897    25.8193  0.000e+00
     83.904     84.616     8.9840  35.578700    33.3362    133.925     0.0143      7.835    58.8450 1.0000e-12  5.3636632    25.8193  0.000e+00
     84.016     84.729     8.9846  35.578947    33.3359    133.470     0.0069      7.830    59.3873 1.0000e-12  4.3369538    25.8190  0.000e+00
     83.624     84.333     8.9892  35.582641    33.3356    133.736    -0.0004      7.830    58.8708 1.0000e-12  4.7343897    25.8180  0.000e+00
     82.858     83.560     9.0006  35.591139    33.3341    133.520     0.0069      7.830    58.3286 1.0000e-12  5.2643043    25.8150  0.000e+00
     82.342     83.040     9.0036  35.593539    33.3340    133.503     0.0143      7.830    58.2511 1.0000e-12  5.5955009    25.8145  0.000e+00
     82.620     83.321     8.9957  35.586826    33.3342    133.817     0.0069      7.830    57.9671 7.3199e-05  4.7675094    25.8159  0.000e+00
     83.401     84.108     8.9857  35.579314    33.3355    134.316    -0.0004      7.825    57.2441 1.0000e-12  4.7675094    25.8185  0.000e+00
     83.948     84.660     8.9853  35.579070    33.3354    133.871     0.0069      7.825    58.2769 1.0000e-12  4.8006291    25.8185  0.000e+00
     83.589     84.297     8.9933  35.585289    33.3344    133.555     0.0069      7.825    58.9741 1.0000e-12  4.8668684    25.8165  0.000e+00
     83.075     83.779     8.9979  35.588798    33.3340    133.819    -0.0004      7.825    58.0704 1.0000e-12  4.9993470    25.8154  0.000e+00
     83.009     83.713     8.9895  35.581530    33.3344    133.388     0.0289      7.825    58.3802 1.0000e-12  3.6083214    25.8171  0.000e+00
     83.224     83.929     8.9854  35.578451    33.3349    133.404     0.0289      7.825    59.4131 1.0000e-12  4.9662274    25.8181  0.000e+00
     83.370     84.077     8.9852  35.578205    33.3348    133.694     0.0143      7.825    60.2394 2.0988e-04  5.3636632    25.8180  0.000e+00
     83.451     84.158     8.9852  35.578267    33.3348    133.695    -0.0077      7.825    59.6197 4.8439e-04  4.7675094    25.8180  0.000e+00
     83.515     84.223     8.9858  35.578637    33.3346    133.695    -0.0004      7.820    59.2065 1.0000e-12  4.9993470    25.8178  0.000e+00
     83.499     84.207     8.9856  35.578390    33.3346    133.695    -0.0004      7.820    59.6455 1.0000e-12  5.6286205    25.8178  0.000e+00
     83.465     84.172     8.9852  35.578021    33.3346    133.696    -0.0004      7.820    60.0586 1.0000e-12  5.4961419    25.8179  0.000e+00
     83.459     84.167     8.9858  35.578514    33.3345    133.238    -0.0004      7.820    60.2652 1.0000e-12  4.8337487    25.8177  0.000e+00
     83.512     84.220     8.9855  35.578267    33.3345    133.240     0.0069      7.820    60.1877 1.0000e-12  5.5623812    25.8177  0.000e+00
     83.682     84.391     8.9858  35.578514    33.3344    133.529     0.0069      7.820    60.1619 1.0000e-12  5.7279795    25.8176  0.000e+00
     83.875     84.586     8.9852  35.577961    33.3343    133.535     0.0143      7.820    60.4718 7.3199e-05  5.7942188    25.8177  0.000e+00
     83.825     84.536     8.9850  35.577960    33.3345    133.534     0.0143      7.820    60.2394 3.4694e-04  5.4961419    25.8178  0.000e+00
     83.567     84.275     8.9878  35.580054    33.3342    133.522    -0.0004      7.816    59.6971 1.0000e-12  3.9726376    25.8172  0.000e+00
     83.375     84.082     8.9914  35.582517    33.3335    133.052     0.0216      7.820    59.2582 6.2223e-04  5.4630222    25.8160  0.000e+00
     83.493     84.201     8.9892  35.580977    33.3339    133.061     0.0289      7.816    60.2652 7.3199e-05  4.8668684    25.8167  0.000e+00
     83.743     84.453     8.9889  35.580978    33.3340    133.353     0.0143      7.816    61.7887 1.0000e-12  4.3369538    25.8169  0.000e+00
     83.656     84.366     8.9882  35.580300    33.3340    132.898    -0.0004      7.816    62.1244 7.3199e-05  5.1980650    25.8170  0.000e+00
     82.928     83.631     8.9915  35.582638    33.3338    132.876    -0.0004      7.816    61.0915 7.3199e-05  5.1980650    25.8162  0.000e+00
     82.063     82.759     8.9952  35.585345    33.3334    133.136     0.0143      7.816    60.0845 7.6046e-04  5.5955009    25.8154  0.000e+00
     81.708     82.401     8.9956  35.585406    33.3333    133.129     0.0069      7.816    60.1361 2.8812e-03  5.5292615    25.8152  0.000e+00
     81.558     82.249     8.9957  35.585405    33.3332    133.581    -0.0004      7.816    60.2394 3.7548e-03  4.3038342    25.8151  0.000e+00
     80.981     81.668     8.9992  35.588052    33.3330    133.561    -0.0004      7.816    62.0211 3.6082e-03  3.4758427    25.8144  0.000e+00
     80.252     80.932     9.0159  35.601602    33.3318    133.213     0.0069      7.816    62.1760 5.6990e-03  4.5025521    25.8108  0.000e+00
     79.967     80.644     9.0186  35.603634    33.3315    133.200     0.0069      7.816    62.9765 5.6990e-03  5.2643043    25.8101  0.000e+00
     79.857     80.534     9.0431  35.623843    33.3296    133.125     0.0143      7.815    63.8803 7.4005e-03  5.2974239    25.8048  0.000e+00
     79.321     79.992     9.1195  35.689554    33.3267    133.339    -0.0004      7.820    67.2371 1.0136e-02  5.2974239    25.7905  0.000e+00
     78.461     79.125     9.1694  35.730260    33.3227    133.626    -0.0077      7.825    67.5469 1.3352e-02  5.1980650    25.7794  0.000e+00
     77.650     78.308     9.2382  35.787466    33.3181    134.022     0.0143      7.829    68.6831 1.8040e-02  4.9662274    25.7648  0.000e+00
     76.996     77.648     9.2985  35.837605    33.3140    134.891     0.0143      7.834    69.4578 2.1888e-02  4.6350308    25.7520  0.000e+00
     76.385     77.031     9.3555  35.885115    33.3103    135.933     0.0216      7.833    69.4578 2.6588e-02  4.2044752    25.7399  0.000e+00
     75.885     76.527     9.4066  35.928197    33.3074    136.711     0.0069      7.838    71.7301 3.0706e-02  5.3967829    25.7294  0.000e+00
     75.472     76.111     9.4316  35.948725    33.3055    137.739    -0.0150      7.843    73.2794 3.3423e-02  5.1980650    25.7239  0.000e+00
     74.774     75.407     9.4585  35.971917    33.3047    138.308    -0.0224      7.847    74.4155 4.0881e-02  4.5356718    25.7189  0.000e+00
     73.771     74.395     9.4788  35.989855    33.3048    139.058    -0.0224      7.847    74.8545 4.5520e-02  4.3369538    25.7156  0.000e+00
     72.818     73.434     9.5576  36.059050    33.3031    139.452    -0.0150      7.852    75.8874 5.4079e-02  3.4758427    25.7016  0.000e+00
     72.139     72.748     9.7376  36.210562    33.2919    139.695    -0.0004      7.865    76.9202 6.1856e-02  3.9395179    25.6633  0.000e+00
     71.845     72.452     9.8461  36.300286    33.2835    141.312    -0.0150      7.879    78.5986 6.5322e-02  4.5687915    25.6388  0.000e+00
     71.679     72.285     9.8758  36.318724    33.2749    145.083    -0.0150      7.888    84.6151 6.6933e-02  4.5025521    25.6271  0.000e+00
     71.147     71.748     9.8718  36.311519    33.2716    149.721    -0.0370      7.893    86.5517 7.2923e-02  3.9395179    25.6252  0.000e+00
     70.048     70.640     9.8302  36.269800    33.2679    152.713    -0.0297      7.893    82.9883 9.1640e-02  3.8070393    25.6292  0.000e+00
     68.815     69.396     9.8317  36.251487    33.2483    153.447    -0.0150      7.893    83.2466 1.1553e-01  3.7408000    25.6136  0.000e+00
     68.158     68.734     9.8259  36.242488    33.2448    153.168    -0.0297      7.898    83.3240 1.3454e-01  3.6083214    25.6119  0.000e+00
     67.990     68.564     9.8529  36.259053    33.2369    153.157    -0.0297      7.903    82.8851 1.3713e-01  4.6681504    25.6012  0.000e+00
     67.587     68.157     9.9203  36.297841    33.2145    153.386    -0.0224      7.907    82.7301 1.4512e-01  3.5752017    25.5725  0.000e+00
     66.788     67.351     9.9635  36.325404    33.2031    154.814    -0.0224      7.916    82.4977 1.6756e-01  3.5420821    25.5564  0.000e+00
     66.028     66.585     9.9943  36.344715    33.1948    157.840    -0.0297      7.926    82.9109 1.9259e-01  4.3369538    25.5447  0.000e+00
     65.264     65.814    10.0452  36.378692    33.1829    161.543    -0.0224      7.935    84.2536 2.2128e-01  3.8070393    25.5269  0.000e+00
     64.386     64.929    10.0824  36.406529    33.1775    165.340    -0.0150      7.944    85.5447 2.5939e-01  3.3102444    25.5164  0.000e+00
     63.713     64.250    10.1185  36.432634    33.1711    168.345    -0.0150      7.949    85.5447 2.9603e-01  2.8134496    25.5054  0.000e+00
     63.430     63.965    10.1280  36.440467    33.1705    171.359    -0.0150      7.949    84.9250 3.1290e-01  2.6147316    25.5033  0.000e+00
     63.168     63.700    10.1305  36.442580    33.1704    173.117    -0.0297      7.954    83.6081 3.2112e-01  4.3038342    25.5028  0.000e+00
     62.469     62.996    10.1257  36.439096    33.1716    173.348    -0.0370      7.954    83.4531 3.5365e-01  3.4758427    25.5046  0.000e+00
     61.327     61.844    10.1328  36.445123    33.1717    173.455    -0.0370      7.954    83.6597 4.3427e-01  3.3102444    25.5034  0.000e+00
     60.195     60.702    10.2119  36.505949    33.1614    173.219    -0.0150      7.958    83.3240 5.3927e-01  3.4427231    25.4820  0.000e+00
     59.619     60.121    10.3213  36.587988    33.1445    173.411    -0.0004      7.967    82.6527 6.1294e-01  3.4096034    25.4502  0.000e+00
     59.509     60.011    10.3988  36.646981    33.1333    175.520    -0.0150      7.981    82.9625 6.2230e-01  2.7472103    25.4282  0.000e+00
     59.097     59.595    10.4406  36.675461    33.1240    179.860    -0.0297      7.985    82.5494 6.6310e-01  2.7803299    25.4138  0.000e+00
     58.203     58.693    10.4386  36.675583    33.1264    185.263    -0.0297      7.990    82.5494 7.8209e-01  3.0121675    25.4160  0.000e+00
     57.311     57.793    10.4502  36.685180    33.1258    188.477    -0.0297      7.995    82.4203 9.2098e-01  3.4758427    25.4135  0.000e+00
     56.644     57.121    10.4659  36.697958    33.1247    189.388    -0.0150      7.995    82.3428 1.0303e+00  3.5089624    25.4099  0.000e+00
     56.127     56.599    10.4764  36.706748    33.1241    189.581    -0.0224      7.995    82.3170 1.1154e+00  2.7140906    25.4077  0.000e+00
     55.562     56.030    10.4802  36.710113    33.1244    189.735    -0.0297      7.999    82.4977 1.2249e+00  2.6809709    25.4072  0.000e+00
     55.041     55.504    10.4857  36.715287    33.1247    189.812    -0.0297      7.999    82.6010 1.3409e+00  3.9726376    25.4065  0.000e+00
     54.408     54.866    10.4974  36.725201    33.1244    189.954    -0.0224      7.999    82.7043 1.4846e+00  1.7867402    25.4042  0.000e+00
     53.519     53.969    10.5020  36.728815    33.1242    190.634    -0.0370      8.004    82.7043 1.7061e+00  2.6147316    25.4032  0.000e+00
     52.579     53.021    10.5067  36.732928    33.1245    191.148    -0.0224      8.004    82.9625 1.9709e+00  3.0452872    25.4026  0.000e+00
     51.990     52.427    10.5173  36.741534    33.1237    191.229    -0.0297      8.004    83.1174 2.1922e+00  3.2108855    25.4002  0.000e+00
