Arg_L2_SF11_NV.cnv
* Sea-Bird SBE 9 Data File:
* FileName = S:\CTD_Data\CTD\Data\Argentina 2014\Data\Arg_L2_SF11.hex
* Software Version Seasave V 7.21g
* Temperature SN = 5769
* Conductivity SN = 4244
* Number of Bytes Per Scan = 31
* Number of Voltage Words = 4
* Number of Scans Averaged by the Deck Unit = 24
* NMEA Latitude = 45 56.86 S
* NMEA Longitude = 065 33.77 W
* NMEA UTC (Time) = Feb 08 2014 22:02:30
* NMEA baud rate = 9600
** R/V Coriolis II
** MARES project, ARGENTINA 2014
** Chief scientist : Dr. Gustavo Ferreyra
** Co-Chief scientist : Dr. José Luis Esteves
# nquan = 13
# nvalues = 312                                   
# units = specified
# name 0 = depSM: Depth [salt water, m]
# name 1 = prDM: Pressure, Digiquartz [db]
# name 2 = t090C: Temperature [ITS-90, deg C]
# name 3 = c0mS/cm: Conductivity [mS/cm]
# name 4 = sal00: Salinity, Practical [PSU]
# name 5 = sbeox0Mm/Kg: Oxygen, SBE 43 [umol/Kg]
# name 6 = flECO-AFL: Fluorescence, WET Labs ECO-AFL/FL [mg/m^3]
# name 7 = ph: pH
# name 8 = CStarTr0: Beam Transmission, WET Labs C-Star [%]
# name 9 = par: PAR/Irradiance, Biospherical/Licor
# name 10 = upoly0: Upoly 0, Nitrate
# name 11 = sigma-é00: Density [sigma-theta, Kg/m^3]
# name 12 = flag:  0.000e+00
# span 0 =     -0.279,     80.636                 
# span 1 =     -0.281,     81.319                 
# span 2 =     9.1244,    14.0939                 
# span 3 =   7.074103,  40.133260                 
# span 4 =     5.0383,    33.3264                 
# span 5 =    132.859,    276.352                 
# span 6 =    -0.2715,    19.0179                 
# span 7 =      7.791,      8.221                 
# span 8 =    28.8402,    97.2678                 
# span 9 = 1.0000e-12, 5.0919e+02                 
# span 10 = -0.7634735,  4.1713556                
# span 11 =     3.1432,    25.7891                
# span 12 = 0.0000e+00, 0.0000e+00                
# interval = seconds: 1
# start_time = Feb 08 2014 22:02:30 [NMEA time, header]
# bad_flag = -9.990e-29
*END*
[from data line 223]
     47.672     48.072    10.1646  36.448865    33.1525    176.418    -0.0150      7.958    89.7278 4.5224e-01  0.4288342    25.4828  0.000e+00
     46.932     47.326    10.1867  36.465093    33.1490    178.049    -0.0004      7.958    89.2888 4.9478e-01  0.4619538    25.4763  0.000e+00
     46.013     46.398    10.1960  36.471868    33.1477    179.725    -0.0004      7.963    89.0306 5.5773e-01  1.4886632    25.4737  0.000e+00
     45.137     45.515    10.2007  36.475659    33.1476    181.159    -0.0004      7.963    88.6949 6.3180e-01  1.5217829    25.4728  0.000e+00
     44.557     44.930    10.2020  36.476466    33.1475    182.189    -0.0150      7.963    88.4625 6.9166e-01  1.1574667    25.4725  0.000e+00
     44.134     44.504    10.2062  36.479077    33.1465    182.364    -0.0077      7.967    88.3334 7.2790e-01  1.1905863    25.4710  0.000e+00
     43.458     43.822    10.2068  36.478825    33.1460    182.383    -0.0004      7.967    87.6104 7.9148e-01  1.1905863    25.4705  0.000e+00
     42.551     42.907    10.2061  36.478138    33.1464    182.499     0.0143      7.967    87.7912 8.9411e-01  1.2237060    25.4709  0.000e+00
     41.683     42.032    10.2223  36.491447    33.1454    182.383    -0.0004      7.967    87.7395 1.0152e+00  0.7269111    25.4673  0.000e+00
     40.947     41.290    10.2482  36.512038    33.1428    182.493    -0.0077      7.972    87.5588 1.1252e+00  0.3294752    25.4609  0.000e+00
     40.656     40.996    10.2499  36.514277    33.1437    183.391    -0.0077      7.972    87.5071 1.1689e+00  0.5944325    25.4614  0.000e+00
     40.441     40.780    10.2916  36.549814    33.1416    184.127    -0.0077      7.981    87.4297 1.2107e+00  1.0912274    25.4526  0.000e+00
     40.499     40.838    10.3466  36.599379    33.1413    184.552    -0.0077      7.981    87.2747 1.1758e+00  1.2899453    25.4430  0.000e+00
     40.065     40.400    10.4915  36.723966    33.1348    184.595    -0.0077      7.985    87.3522 1.2430e+00  0.9587487    25.4130  0.000e+00
     39.313     39.642    10.5680  36.795027    33.1368    185.737    -0.0150      7.990    87.7137 1.3448e+00  0.3957145    25.4014  0.000e+00
     38.590     38.913    10.6716  36.886758    33.1348    187.589     0.0069      7.999    87.9978 1.4589e+00  0.0976376    25.3818  0.000e+00
     37.905     38.222    10.7653  36.978581    33.1419    189.777     0.0143      8.008    88.4884 1.5461e+00  0.7269111    25.3710  0.000e+00
     37.129     37.439    11.1049  37.293493    33.1481    190.771     0.0216      8.021    88.9532 1.6574e+00  0.9918684    25.3158  0.000e+00
     36.460     36.765    11.5739  37.707737    33.1348    191.901     0.0436      8.047    90.2959 1.7714e+00  0.6937915    25.2205  0.000e+00
     35.864     36.163    11.9535  38.074507    33.1537    196.197     0.0582      8.074    92.1292 1.8605e+00 -0.5316359    25.1650  0.000e+00
     35.175     35.469    12.1529  38.249862    33.1466    202.467     0.0582      8.092    93.7818 1.9709e+00 -0.4985162    25.1219  0.000e+00
     34.563     34.852    12.1857  38.285301    33.1519    206.880     0.0802      8.101    94.8405 2.0757e+00 -0.6641145    25.1198  0.000e+00
     34.008     34.292    12.3805  38.482205    33.1692    208.571     0.0948      8.110    95.0729 2.1672e+00 -0.6641145    25.0961  0.000e+00
     33.348     33.627    12.7363  38.821860    33.1806    209.177     0.1022      8.122    95.6926 2.2757e+00 -0.4653966    25.0362  0.000e+00
     32.690     32.963    13.1310  39.204251    33.1972    209.670     0.1168      8.139    95.9250 2.4170e+00 -0.4653966    24.9714  0.000e+00
     32.130     32.398    13.3015  39.370325    33.2049    213.131     0.1461      8.157    95.8476 2.5304e+00 -0.6641145    24.9433  0.000e+00
     31.486     31.749    13.4337  39.494679    33.2067    216.240     0.1681      8.166    96.3640 2.6796e+00 -0.4985162    24.9181  0.000e+00
     30.760     31.016    13.5069  39.563210    33.2075    217.714     0.2047      8.175    96.4673 2.8783e+00 -0.4653966    24.9040  0.000e+00
     30.073     30.324    13.5259  39.583321    33.2100    218.432     0.2780      8.180    96.6480 3.0738e+00 -0.4653966    24.9021  0.000e+00
     29.346     29.591    13.5439  39.600672    33.2109    218.701     0.3439      8.180    96.6480 3.2730e+00 -0.4653966    24.8991  0.000e+00
     28.584     28.823    13.5567  39.613397    33.2120    219.464     0.3439      8.184    96.6997 3.5048e+00 -0.4653966    24.8973  0.000e+00
     27.870     28.102    13.5650  39.622073    33.2132    219.794     0.4465      8.189    96.6997 3.7743e+00 -0.4653966    24.8965  0.000e+00
     27.284     27.511    13.5723  39.629851    33.2143    219.623     0.4904      8.189    96.3640 4.0296e+00 -0.4653966    24.8959  0.000e+00
     26.809     27.033    13.5753  39.633771    33.2156    219.735     0.5491      8.189    96.5706 4.1696e+00 -0.4653966    24.8962  0.000e+00
     26.281     26.500    13.5811  39.639814    33.2164    220.603     0.6223      8.193    96.4673 4.3513e+00 -0.4653966    24.8957  0.000e+00
     25.647     25.861    13.5868  39.645727    33.2173    220.960     0.6516      8.193    96.1316 4.6716e+00 -0.4653966    24.8952  0.000e+00
     24.801     25.008    13.5905  39.649904    33.2182    220.756     0.6296      8.198    96.0541 5.1305e+00 -0.5647556    24.8951  0.000e+00
     23.809     24.007    13.5973  39.656910    33.2193    220.587     0.6809      8.198    95.9508 5.7470e+00 -0.4985162    24.8946  0.000e+00
     23.003     23.194    13.6074  39.666684    33.2200    220.972     0.8128      8.198    95.8217 6.2216e+00 -0.4653966    24.8930  0.000e+00
     22.404     22.591    13.6108  39.670669    33.2210    221.955     0.7688      8.198    95.8217 6.6405e+00 -0.5647556    24.8931  0.000e+00
     21.849     22.031    13.6168  39.676907    33.2219    221.652     0.9080      8.202    95.7959 7.0873e+00 -0.4985162    24.8925  0.000e+00
     21.264     21.441    13.6217  39.681794    33.2224    222.219     1.0252      8.202    95.6152 7.5639e+00 -0.4653966    24.8919  0.000e+00
     20.664     20.836    13.6266  39.687002    33.2232    221.973     1.0399      8.202    95.4602 8.0725e+00 -0.5978752    24.8916  0.000e+00
     20.188     20.356    13.6297  39.690217    33.2237    221.839     1.1205      8.202    95.0729 8.5906e+00 -0.4985162    24.8913  0.000e+00
     19.648     19.811    13.6391  39.700574    33.2255    221.778     1.1571      8.202    95.1246 9.1160e+00 -0.4653966    24.8907  0.000e+00
     18.790     18.946    13.6448  39.706748    33.2266    223.096     1.1278      8.207    95.0213 9.9787e+00 -0.6309949    24.8904  0.000e+00
     17.847     17.996    13.6467  39.709254    33.2277    223.414     1.1864      8.207    94.9180 1.1267e+01 -0.4985162    24.8908  0.000e+00
     16.998     17.139    13.6532  39.716201    33.2289    222.693     1.2524      8.207    94.7631 1.2614e+01 -0.4653966    24.8904  0.000e+00
     16.334     16.469    13.6607  39.723342    33.2293    222.080     1.2963      8.207    94.5823 1.3347e+01 -0.6309949    24.8892  0.000e+00
     15.883     16.015    13.6628  39.725657    33.2298    222.208     1.3036      8.207    94.6598 1.3806e+01 -0.4985162    24.8891  0.000e+00
     15.421     15.549    13.6667  39.729710    33.2304    222.735     1.2450      8.207    94.4790 1.4282e+01 -0.4985162    24.8888  0.000e+00
     14.716     14.838    13.6729  39.735564    33.2308    222.838     1.1937      8.207    94.5307 1.5853e+01 -0.6309949    24.8878  0.000e+00
     14.016     14.132    13.6801  39.742320    33.2310    223.290     1.3036      8.207    94.6598 1.7695e+01 -0.4985162    24.8865  0.000e+00
     13.417     13.528    13.6835  39.745859    33.2317    223.408     1.5747      8.207    94.5823 1.8827e+01 -0.4985162    24.8863  0.000e+00
     12.713     12.818    13.6906  39.753388    33.2328    224.010     1.2670      8.211    94.5048 1.9975e+01 -0.4653966    24.8856  0.000e+00
     11.857     11.955    13.6983  39.760466    33.2331    222.684     1.2011      8.211    94.4790 2.2998e+01 -0.4653966    24.8843  0.000e+00
     11.039     11.131    13.7139  39.775401    33.2338    222.687     1.2011      8.211    94.4790 2.6402e+01 -0.4985162    24.8817  0.000e+00
     10.350     10.435    13.7246  39.784800    33.2336    223.227     1.2524      8.211    94.3241 2.8568e+01 -0.5647556    24.8793  0.000e+00
      9.856      9.938    13.7493  39.813267    33.2388    223.746     1.2230      8.211    94.3499 3.0308e+01 -0.4985162    24.8782  0.000e+00
      9.450      9.528    13.8536  39.910324    33.2388    222.550     1.1791      8.211    94.1433 3.0223e+01 -0.4653966    24.8568  0.000e+00
      8.848      8.921    14.0267  40.070102    33.2374    222.195     1.1644      8.210    93.9109 3.4113e+01 -0.5978752    24.8199  0.000e+00
      7.997      8.063    14.0406  40.080949    33.2358    224.249     1.1644      8.210    94.0917 3.9602e+01 -0.4985162    24.8158  0.000e+00
      7.139      7.199    14.0596  40.099162    33.2365    222.148     1.1644      8.210    94.1433 4.5844e+01 -0.4985162    24.8124  0.000e+00
      6.440      6.494    14.0714  40.109302    33.2361    222.478     1.1571      8.210    94.1950 5.2327e+01 -0.6309949    24.8096  0.000e+00
      5.901      5.950    14.0711  40.109559    33.2368    223.949     1.2084      8.210    94.0142 5.7097e+01 -0.4985162    24.8102  0.000e+00
      5.427      5.472    14.0704  40.108846    33.2369    221.410     1.3256      8.210    94.0142 5.4737e+01 -0.4653966    24.8104  0.000e+00
      5.025      5.067    14.0688  40.107682    33.2374    221.010     1.1571      8.210    93.7818 6.7407e+01 -0.6309949    24.8111  0.000e+00
      4.720      4.759    14.0689  40.108068    33.2377    221.641     1.1571      8.210    93.8076 7.5649e+01 -0.5647556    24.8113  0.000e+00
      4.380      4.416    14.0691  40.108131    33.2377    222.326     1.1498      8.210    93.8335 7.5862e+01 -0.5316359    24.8113  0.000e+00
      4.104      4.138    14.0701  40.108647    33.2375    223.554     1.1571      8.210    94.0400 7.5224e+01 -0.4985162    24.8109  0.000e+00
      3.744      3.775    14.0705  40.109680    33.2382    223.145     1.1278      8.210    94.0659 8.5858e+01 -0.4985162    24.8113  0.000e+00
      2.917      2.941    14.0609  40.100179    33.2381    221.878     1.1205      8.210    94.0659 1.0692e+02 -0.4985162    24.8132  0.000e+00
      2.132      2.150    14.0521  40.092683    33.2391    221.547     1.1058      8.210    93.9884 1.2101e+02 -0.5647556    24.8158  0.000e+00
      1.591      1.605    14.0556  40.095394    33.2388    222.607     1.0692      8.210    93.9626 1.5069e+02 -0.5316359    24.8148  0.000e+00
      0.901      0.909    14.0490  40.089060    33.2389    223.858     1.0399      8.210    94.0400 1.3019e+02 -0.5647556    24.8162  0.000e+00
      0.567      0.572    14.0568  40.095906    33.2386    222.723     1.0765      8.210    93.9626 1.2341e+02 -0.5647556    24.8144  0.000e+00
      0.721      0.727    14.0516  40.091773    33.2392    220.072     1.0692      8.215    93.9884 1.5325e+02 -0.5316359    24.8159  0.000e+00
      0.643      0.649    14.0501  40.090028    33.2389    220.819     1.0765      8.215    93.9884 1.5896e+02 -0.4985162    24.8160  0.000e+00
      0.553      0.557    14.0514  40.091707    33.2394    221.996     1.0619      8.215    94.0400 1.7940e+02 -0.4985162    24.8161  0.000e+00
      0.735      0.741    14.0624  40.101527    33.2389    221.755     1.0985      8.215    93.8593 1.6031e+02 -0.4985162    24.8134  0.000e+00
      0.358      0.361    14.0560  40.095647    33.2392    223.510     1.0985      8.215    93.6269 1.6076e+02 -0.4985162    24.8150  0.000e+00
     -0.160     -0.161    14.0600  40.012785    33.1592    221.863     1.0472      8.215    80.5611 1.6722e+02 -0.4985162    24.7524  0.000e+00
     -0.154     -0.156    14.0819  39.555821    32.7186    221.454     1.0326      8.214    28.8402 1.7296e+02 -0.4985162    24.4077  0.000e+00
     -0.276     -0.278    14.0037   7.964784     5.7148    276.352     1.0765      8.210    30.4669 2.1904e+02 -0.4985162     3.6565  0.000e+00
     -0.269     -0.271    13.9562   7.074103     5.0383    260.969    13.4721      8.210    76.6878 2.8773e+02 -0.4985162     3.1432  0.000e+00
     -0.270     -0.272    13.9825  15.089867    11.3947    235.265    19.0179      8.210    89.6503 2.2277e+02 -0.4985162     8.0236  0.000e+00
     -0.279     -0.281    13.9977  22.445030    17.5515    222.159    -0.2715      8.187    76.8944 1.7689e+02 -0.4985162    12.7485  0.000e+00
     -0.276     -0.278    13.9687  21.259237    16.5530    218.828    -0.0297      8.164    79.7606 2.4999e+02 -0.4985162    11.9867  0.000e+00
     -0.275     -0.277    13.9205  20.994648    16.3485    217.243     0.0948      8.155    85.3639 5.0919e+02 -0.4985162    11.8380  0.000e+00
