Arg_Leg3_SF15_NV.cnv
* Sea-Bird SBE 9 Data File:
* FileName = S:\CTD_Data\CTD\Data\Argentina 2014\Data\Leg3\Arg_Leg3_SF15.hex
* Software Version Seasave V 7.21g
* Temperature SN = 5769
* Conductivity SN = 4244
* Number of Bytes Per Scan = 31
* Number of Voltage Words = 4
* Number of Scans Averaged by the Deck Unit = 24
* NMEA Latitude = 45 56.72 S
* NMEA Longitude = 065 32.76 W
* NMEA UTC (Time) = Feb 14 2014 23:47:47
* NMEA baud rate = 9600
** R/V Coriolis II
** MARES project, ARGENTINA 2014
** Chief scientist : Dr. Gustavo Ferreyra
** Co-Chief scientist : Dr. José Luis Esteves
# nquan = 13
# nvalues = 546                                   
# units = specified
# name 0 = depSM: Depth [salt water, m]
# name 1 = prDM: Pressure, Digiquartz [db]
# name 2 = t090C: Temperature [ITS-90, deg C]
# name 3 = c0mS/cm: Conductivity [mS/cm]
# name 4 = sal00: Salinity, Practical [PSU]
# name 5 = sbeox0Mm/Kg: Oxygen, SBE 43 [umol/Kg]
# name 6 = flECO-AFL: Fluorescence, WET Labs ECO-AFL/FL [mg/m^3]
# name 7 = ph: pH
# name 8 = CStarTr0: Beam Transmission, WET Labs C-Star [%]
# name 9 = par: PAR/Irradiance, Biospherical/Licor
# name 10 = upoly0: Upoly 0, Nitrate
# name 11 = sigma-é00: Density [sigma-theta, Kg/m^3]
# name 12 = flag:  0.000e+00
# span 0 =     -0.001,     80.546                 
# span 1 =     -0.001,     81.228                 
# span 2 =     9.1508,    14.0694                 
# span 3 =   2.044758,  39.963307                 
# span 4 =     1.3614,    33.7962                 
# span 5 =    127.184,    293.682                 
# span 6 =    -0.1323,     2.6882                 
# span 7 =      7.426,      8.196                 
# span 8 =    58.1995,    97.5518                 
# span 9 = 1.0000e-12, 8.0098e-01                 
# span 10 = -0.7634735,  5.3305436                
# span 11 =     0.3627,    25.7832                
# span 12 = 0.0000e+00, 0.0000e+00                
# interval = seconds: 1
# start_time = Feb 14 2014 23:47:47 [NMEA time, header]
# bad_flag = -9.990e-29
*END*
[from data line 223]
     58.046     58.535    10.3122  36.580448    33.1458    175.322    -0.0224      7.920    85.0024 1.0000e-12 -0.3329179    25.4527  0.000e+00
     57.709     58.195    10.3102  36.575776    33.1431    173.931    -0.0150      7.920    85.0283 1.0000e-12 -0.0679607    25.4509  0.000e+00
     57.332     57.815    10.3136  36.585179    33.1497    173.546    -0.0004      7.915    84.8475 1.0000e-12 -0.6641145    25.4555  0.000e+00
     57.017     57.496    10.3475  36.608470    33.1423    173.580    -0.0150      7.915    84.7700 1.0000e-12 -0.6641145    25.4440  0.000e+00
     56.851     57.329    10.4216  36.665606    33.1324    173.886    -0.0077      7.915    84.9508 1.0000e-12 -0.6641145    25.4236  0.000e+00
     56.815     57.293    10.4334  36.677573    33.1337    174.842    -0.0150      7.920    85.0024 1.0000e-12 -0.5316359    25.4225  0.000e+00
     56.603     57.079    10.4170  36.665356    33.1365    176.909    -0.0224      7.920    85.0799 1.0000e-12 -0.2335590    25.4275  0.000e+00
     56.004     56.475    10.4182  36.667161    33.1374    178.221    -0.0297      7.920    85.2348 1.0000e-12 -0.6309949    25.4280  0.000e+00
     55.287     55.752    10.4181  36.666660    33.1374    178.342    -0.0297      7.920    85.2090 1.0000e-12 -0.6641145    25.4280  0.000e+00
     54.904     55.365    10.4053  36.654630    33.1371    177.939    -0.0224      7.924    84.9766 1.0000e-12  0.1969966    25.4299  0.000e+00
     54.768     55.228    10.4241  36.672393    33.1379    177.671    -0.0297      7.924    85.1574 1.0000e-12  1.5549026    25.4273  0.000e+00
     54.894     55.355    10.4463  36.689910    33.1351    177.915    -0.0297      7.929    85.1057 1.0000e-12 -0.6641145    25.4214  0.000e+00
     55.147     55.611    10.4328  36.678378    33.1358    177.880    -0.0297      7.929    85.1057 7.3199e-05 -0.3329179    25.4242  0.000e+00
     55.303     55.768    10.3952  36.648400    33.1398    178.776    -0.0297      7.929    85.1057 7.3199e-05 -0.3660376    25.4338  0.000e+00
     55.211     55.675    10.4023  36.655255    33.1403    178.908    -0.0297      7.929    85.1574 2.0988e-04 -0.6641145    25.4330  0.000e+00
     54.916     55.378    10.4288  36.676196    33.1373    177.606    -0.0297      7.929    85.2607 8.9907e-04 -0.6641145    25.4261  0.000e+00
     54.510     54.968    10.4432  36.688163    33.1364    177.285    -0.0297      7.929    85.1057 1.0000e-12 -0.6641145    25.4229  0.000e+00
     54.183     54.638    10.4466  36.690469    33.1357    177.942    -0.0150      7.929    85.1057 2.0988e-04 -0.6641145    25.4218  0.000e+00
     53.870     54.323    10.4547  36.697513    33.1356    178.743    -0.0150      7.929    85.2090 1.0000e-12 -0.5647556    25.4203  0.000e+00
     53.618     54.069    10.4670  36.708486    33.1356    178.851    -0.0150      7.929    85.3123 1.0000e-12 -0.2997983    25.4182  0.000e+00
     53.428     53.877    10.4837  36.717028    33.1291    179.114    -0.0077      7.929    85.3381 1.0000e-12 -0.6309949    25.4102  0.000e+00
     53.209     53.656    10.4678  36.708609    33.1351    179.747    -0.0077      7.929    85.4414 1.0000e-12 -0.6641145    25.4176  0.000e+00
     52.847     53.291    10.4486  36.693395    33.1375    179.720    -0.0150      7.934    85.5963 1.0000e-12 -0.6641145    25.4227  0.000e+00
     52.369     52.809    10.4657  36.708482    33.1373    179.966    -0.0224      7.934    85.5189 2.0988e-04 -0.6641145    25.4197  0.000e+00
     51.939     52.375    10.4947  36.732740    33.1355    179.586    -0.0297      7.938    85.4930 1.0000e-12 -0.6641145    25.4133  0.000e+00
     51.635     52.068    10.5073  36.742719    33.1342    179.438    -0.0224      7.938    85.4414 1.0000e-12 -0.6972342    25.4101  0.000e+00
     51.417     51.849    10.4873  36.724693    33.1343    179.931    -0.0297      7.943    85.3898 1.0000e-12 -0.6972342    25.4136  0.000e+00
     51.163     51.593    10.4873  36.726126    33.1359    180.505    -0.0224      7.943    85.3898 1.0000e-12 -0.6972342    25.4148  0.000e+00
     50.711     51.136    10.5029  36.739847    33.1357    180.595    -0.0150      7.943    85.1574 1.0000e-12 -0.6641145    25.4120  0.000e+00
     50.055     50.475    10.5473  36.780212    33.1361    179.891    -0.0297      7.943    85.2865 4.8439e-04 -0.6641145    25.4046  0.000e+00
     49.373     49.787    10.5666  36.795625    33.1342    180.380    -0.0150      7.947    85.2865 1.0000e-12 -0.6972342    25.3998  0.000e+00
     49.097     49.509    10.5726  36.799806    33.1331    181.602    -0.0150      7.947    85.0024 2.1643e-03 -0.6972342    25.3979  0.000e+00
     49.282     49.696    10.5577  36.787761    33.1345    181.990    -0.0297      7.947    84.9250 1.0000e-12 -0.6972342    25.4016  0.000e+00
     49.533     49.949    10.5434  36.774719    33.1344    182.125    -0.0370      7.948    85.0283 1.0000e-12 -0.6972342    25.4040  0.000e+00
     49.694     50.111    10.5472  36.777902    33.1340    181.604    -0.0297      7.947    84.8733 7.3199e-05 -0.4653966    25.4030  0.000e+00
     49.791     50.209    10.5392  36.771600    33.1349    181.546    -0.0150      7.948    84.8991 1.0000e-12 -0.2997983    25.4051  0.000e+00
     49.860     50.278    10.5363  36.770602    33.1365    181.557    -0.0004      7.948    84.8475 1.0000e-12 -0.5647556    25.4068  0.000e+00
     49.792     50.210    10.5723  36.799933    33.1332    181.577    -0.0077      7.947    84.6668 1.0000e-12 -0.4985162    25.3980  0.000e+00
     49.580     49.996    10.5704  36.798934    33.1341    181.579    -0.0077      7.947    84.5376 1.0000e-12 -0.3329179    25.3990  0.000e+00
     49.424     49.839    10.5674  36.797623    33.1355    181.748    -0.0150      7.947    85.2090 2.0988e-04 -0.3329179    25.4007  0.000e+00
     49.406     49.820    10.5744  36.803490    33.1351    182.137    -0.0297      7.947    85.3639 1.0000e-12 -0.6972342    25.3991  0.000e+00
     49.414     49.829    10.5839  36.812354    33.1352    181.844    -0.0297      7.947    85.1574 1.0000e-12 -0.6972342    25.3976  0.000e+00
     49.382     49.796    10.5893  36.817161    33.1352    181.985    -0.0224      7.947    85.4414 1.0000e-12 -0.6972342    25.3966  0.000e+00
     49.403     49.817    10.5946  36.820720    33.1339    182.798    -0.0150      7.947    85.5447 1.0000e-12 -0.3660376    25.3948  0.000e+00
     49.591     50.007    10.5987  36.825528    33.1350    182.531    -0.0150      7.947    85.0283 2.0988e-04  0.3625949    25.3949  0.000e+00
     49.808     50.226    10.5957  36.822844    33.1349    182.040    -0.0150      7.947    84.6668 1.0000e-12 -0.6641145    25.3954  0.000e+00
     49.834     50.253    10.5962  36.823406    33.1350    182.039    -0.0224      7.947    84.8475 1.0000e-12 -0.6972342    25.3953  0.000e+00
     49.708     50.126    10.5994  36.826090    33.1349    182.023    -0.0224      7.952    84.7184 2.0988e-04 -0.6972342    25.3947  0.000e+00
     49.616     50.033    10.5960  36.823530    33.1354    182.451    -0.0297      7.952    84.8991 4.8439e-04 -0.4322769    25.3956  0.000e+00
     49.570     49.986    10.5984  36.824841    33.1346    182.857    -0.0224      7.952    85.0283 1.0000e-12  1.6542615    25.3946  0.000e+00
     49.474     49.889    10.5991  36.825465    33.1346    182.598    -0.0077      7.952    85.1315 7.3199e-05 -0.1342000    25.3945  0.000e+00
     49.386     49.800    10.5996  36.826339    33.1351    182.756    -0.0077      7.952    85.2348 1.0000e-12 -0.6972342    25.3948  0.000e+00
     49.437     49.852    10.6003  36.827088    33.1351    182.754    -0.0150      7.952    85.1832 1.0000e-12 -0.4322769    25.3947  0.000e+00
     49.611     50.027    10.6017  36.828775    33.1355    182.499    -0.0297      7.952    85.0283 1.0000e-12  1.1574667    25.3947  0.000e+00
     49.738     50.156    10.5998  36.827277    33.1357    182.509    -0.0297      7.952    84.9766 7.3199e-05 -0.2997983    25.3952  0.000e+00
     49.704     50.122    10.6012  36.828276    33.1354    182.087    -0.0224      7.952    84.9766 1.0000e-12 -0.6972342    25.3948  0.000e+00
     49.590     50.006    10.6004  36.827526    33.1354    182.087    -0.0224      7.952    85.2090 1.0000e-12 -0.6972342    25.3949  0.000e+00
     49.580     49.996    10.6004  36.827588    33.1354    181.924    -0.0224      7.952    85.4930 7.3199e-05 -0.6972342    25.3949  0.000e+00
     49.665     50.082    10.6026  36.829150    33.1350    182.335    -0.0297      7.952    85.2865 7.3199e-05 -0.6972342    25.3942  0.000e+00
     49.702     50.119    10.6022  36.829025    33.1352    183.007    -0.0224      7.952    85.1832 1.0000e-12 -0.6972342    25.3944  0.000e+00
     49.675     50.092    10.6022  36.828962    33.1352    182.753    -0.0077      7.952    85.0799 1.0000e-12 -0.6972342    25.3944  0.000e+00
     49.655     50.072    10.6024  36.829087    33.1351    182.914    -0.0224      7.952    85.1574 1.0000e-12 -0.6972342    25.3943  0.000e+00
     49.579     49.995    10.6024  36.829149    33.1352    182.496    -0.0150      7.952    85.4672 1.0000e-12 -0.6972342    25.3944  0.000e+00
     49.417     49.832    10.6023  36.829086    33.1353    182.655    -0.0297      7.952    85.3381 7.3199e-05 -0.6972342    25.3945  0.000e+00
     49.313     49.726    10.6021  36.828711    33.1351    182.907    -0.0004      7.952    84.8475 7.3199e-05 -0.6972342    25.3944  0.000e+00
     49.393     49.808    10.6028  36.829461    33.1352    183.068    -0.0297      7.952    84.7959 7.3199e-05 -0.6309949    25.3943  0.000e+00
     49.649     50.066    10.6031  36.830024    33.1354    182.657    -0.0370      7.957    85.0541 1.0000e-12  0.2632359    25.3945  0.000e+00
     49.947     50.366    10.5980  36.825404    33.1354    182.847    -0.0370      7.957    84.9250 1.0000e-12 -0.4322769    25.3953  0.000e+00
     50.042     50.462    10.5973  36.825842    33.1363    183.105    -0.0150      7.952    85.1315 1.0000e-12 -0.6972342    25.3962  0.000e+00
     49.773     50.191    10.6016  36.828775    33.1355    182.828    -0.0224      7.952    85.1315 1.0000e-12 -0.6972342    25.3947  0.000e+00
     49.382     49.797    10.6009  36.827650    33.1351    182.406    -0.0224      7.952    84.9250 1.0000e-12 -0.6972342    25.3946  0.000e+00
     49.261     49.674    10.6005  36.827462    33.1354    182.405    -0.0224      7.957    84.3827 1.0000e-12 -0.6972342    25.3948  0.000e+00
     49.508     49.924    10.6019  36.828774    33.1353    183.075    -0.0370      7.957    84.7184 1.0000e-12 -0.6972342    25.3945  0.000e+00
     49.740     50.158    10.6014  36.828338    33.1352    183.499    -0.0297      7.957    84.6668 1.0000e-12 -0.6972342    25.3946  0.000e+00
     49.644     50.061    10.6024  36.829399    33.1354    183.239    -0.0224      7.957    84.7959 1.0000e-12 -0.6972342    25.3946  0.000e+00
     49.402     49.817    10.6005  36.827463    33.1353    182.987    -0.0297      7.957    84.9250 1.0000e-12 -0.6972342    25.3948  0.000e+00
     49.373     49.787    10.6008  36.827650    33.1353    182.569    -0.0150      7.957    84.7700 7.3199e-05 -0.6972342    25.3947  0.000e+00
     49.602     50.018    10.6012  36.828275    33.1354    182.989    -0.0297      7.957    84.8217 1.0000e-12 -0.6972342    25.3947  0.000e+00
     49.795     50.213    10.6000  36.827152    33.1354    183.252    -0.0297      7.957    84.7959 1.0000e-12 -0.6972342    25.3949  0.000e+00
     49.765     50.183    10.6006  36.827714    33.1353    182.995    -0.0297      7.957    84.9766 7.3199e-05 -0.6972342    25.3948  0.000e+00
     49.691     50.108    10.6010  36.827963    33.1352    182.992    -0.0224      7.957    85.1057 1.0000e-12 -0.6972342    25.3946  0.000e+00
     49.708     50.126    10.5998  36.827589    33.1360    182.997    -0.0224      7.957    85.1832 1.0000e-12 -0.6972342    25.3955  0.000e+00
     49.721     50.139    10.6003  36.827651    33.1356    182.995    -0.0004      7.957    85.2607 1.0000e-12 -0.6641145    25.3951  0.000e+00
     49.629     50.046    10.5994  36.826527    33.1353    182.997    -0.0004      7.957    85.3898 1.0000e-12 -0.3660376    25.3950  0.000e+00
     49.438     49.853    10.5981  36.825465    33.1355    182.998    -0.0150      7.957    85.2865 1.0000e-12 -0.5978752    25.3954  0.000e+00
     49.223     49.636    10.5952  36.822218    33.1350    183.005    -0.0150      7.957    84.8733 1.0000e-12 -0.6972342    25.3955  0.000e+00
     49.072     49.484    10.5931  36.820719    33.1355    183.426    -0.0004      7.957    84.3827 1.0000e-12 -0.6641145    25.3962  0.000e+00
     49.085     49.497    10.5939  36.821593    33.1356    183.007    -0.0224      7.957    84.3827 1.0000e-12 -0.3991573    25.3962  0.000e+00
     49.061     49.473    10.5961  36.823216    33.1352    182.744    -0.0150      7.957    84.6668 1.0000e-12 -0.5978752    25.3955  0.000e+00
     48.707     49.116    10.5963  36.823464    33.1355    182.988    -0.0150      7.957    84.5118 1.0000e-12 -0.6972342    25.3957  0.000e+00
     48.049     48.452    10.6088  36.835388    33.1363    182.921    -0.0297      7.957    84.2020 1.0000e-12 -0.2335590    25.3941  0.000e+00
     47.349     47.746    10.6169  36.841567    33.1355    182.873    -0.0150      7.957    83.9954 2.0988e-04  1.4555436    25.3920  0.000e+00
     46.789     47.181    10.6180  36.842002    33.1352    182.856    -0.0224      7.957    83.8405 1.0000e-12 -0.5647556    25.3916  0.000e+00
     46.420     46.809    10.6150  36.839503    33.1355    182.859    -0.0297      7.957    83.8921 7.3199e-05 -0.6972342    25.3924  0.000e+00
     46.070     46.457    10.6219  36.845622    33.1355    182.823    -0.0297      7.957    84.1503 3.4694e-04 -0.7303538    25.3912  0.000e+00
     45.521     45.903    10.6324  36.853926    33.1346    183.185    -0.0224      7.957    84.3052 1.0000e-12 -0.6972342    25.3886  0.000e+00
     44.837     45.213    10.6308  36.853049    33.1354    183.174    -0.0150      7.957    84.4860 7.6046e-04 -0.3329179    25.3895  0.000e+00
     44.239     44.609    10.6332  36.853796    33.1342    183.314    -0.0224      7.961    84.3569 1.0000e-12 -0.5647556    25.3882  0.000e+00
     43.830     44.197    10.6251  36.846738    33.1347    184.167    -0.0370      7.961    84.3052 7.3199e-05 -0.4985162    25.3900  0.000e+00
     43.469     43.833    10.6317  36.852669    33.1349    184.294    -0.0297      7.961    84.7700 4.8439e-04 -0.0679607    25.3889  0.000e+00
     42.932     43.292    10.6473  36.865596    33.1339    184.128    -0.0150      7.961    85.1832 8.9907e-04 -0.6972342    25.3854  0.000e+00
     42.082     42.434    10.6528  36.870091    33.1338    184.248    -0.0150      7.961    85.4672 1.0000e-12 -0.4322769    25.3844  0.000e+00
     41.024     41.368    10.6729  36.888829    33.1347    184.302    -0.0224      7.966    85.0541 1.0000e-12 -0.2666786    25.3816  0.000e+00
     40.095     40.431    10.6942  36.905696    33.1326    184.771    -0.0224      7.966    85.1315 6.2223e-04 -0.1673197    25.3762  0.000e+00
     39.572     39.903    10.6808  36.894946    33.1342    185.387    -0.0297      7.966    85.6222 1.0000e-12 -0.2004393    25.3798  0.000e+00
     39.367     39.697    10.6763  36.889885    33.1334    185.312    -0.0370      7.966    85.6996 1.0000e-12 -0.6309949    25.3800  0.000e+00
     39.041     39.367    10.6715  36.885385    33.1333    185.234    -0.0224      7.966    85.7771 6.2223e-04 -0.7303538    25.3807  0.000e+00
     38.349     38.670    10.6734  36.888757    33.1354    184.956    -0.0150      7.966    85.8804 7.3199e-05 -0.7634735    25.3819  0.000e+00
     37.442     37.755    10.7263  36.933436    33.1324    184.884    -0.0150      7.970    86.1386 7.3199e-05 -0.7634735    25.3704  0.000e+00
     36.523     36.828    10.7622  36.964817    33.1315    185.540    -0.0150      7.970    86.2935 1.8804e-03 -0.6641145    25.3634  0.000e+00
