Arg_Leg3_G6_NV.cnv
* Sea-Bird SBE 9 Data File:
* FileName = S:\CTD_Data\CTD\Data\Argentina 2014\Data\Leg3\Arg_Leg3_G6.hex
* Software Version Seasave V 7.21g
* Temperature SN = 5769
* Conductivity SN = 4244
* Number of Bytes Per Scan = 31
* Number of Voltage Words = 4
* Number of Scans Averaged by the Deck Unit = 24
* NMEA Latitude = 45 27.61 S
* NMEA Longitude = 066 11.83 W
* NMEA UTC (Time) = Feb 13 2014 13:30:45
* NMEA baud rate = 9600
** R/V Coriolis II
** MARES project, ARGENTINA 2014
** Chief scientist : Dr. Gustavo Ferreyra
** Co-Chief scientist : Dr. José Luis Esteves
# nquan = 13
# nvalues = 523                                   
# units = specified
# name 0 = depSM: Depth [salt water, m]
# name 1 = prDM: Pressure, Digiquartz [db]
# name 2 = t090C: Temperature [ITS-90, deg C]
# name 3 = c0mS/cm: Conductivity [mS/cm]
# name 4 = sal00: Salinity, Practical [PSU]
# name 5 = sbeox0Mm/Kg: Oxygen, SBE 43 [umol/Kg]
# name 6 = flECO-AFL: Fluorescence, WET Labs ECO-AFL/FL [mg/m^3]
# name 7 = ph: pH
# name 8 = CStarTr0: Beam Transmission, WET Labs C-Star [%]
# name 9 = par: PAR/Irradiance, Biospherical/Licor
# name 10 = upoly0: Upoly 0, Nitrate
# name 11 = sigma-é00: Density [sigma-theta, Kg/m^3]
# name 12 = flag:  0.000e+00
# span 0 =     -0.005,     80.900                 
# span 1 =     -0.005,     81.581                 
# span 2 =     8.3787,    15.3116                 
# span 3 =   2.981435,  41.392008                 
# span 4 =     1.9451,    33.5125                 
# span 5 =    140.291,    263.822                 
# span 6 =    -0.1176,    28.6077                 
# span 7 =      7.770,      8.239                 
# span 8 =    52.2605,    98.0941                 
# span 9 = 1.0000e-12, 1.6400e+03                 
# span 10 = -0.7634735,  4.2044752                
# span 11 =     0.5737,    25.9650                
# span 12 = 0.0000e+00, 0.0000e+00                
# interval = seconds: 1
# start_time = Feb 13 2014 13:30:45 [NMEA time, header]
# bad_flag = -9.990e-29
*END*
      2.284      2.303    15.0993  41.376688    33.5122    216.336     0.1828      8.219    94.2983 9.0107e+02 -0.5978752    24.8035  0.000e+00
      2.208      2.226    15.0966  41.373874    33.5120    217.338     0.1828      8.219    94.1950 9.2416e+02 -0.5647556    24.8040  0.000e+00
      2.172      2.189    15.0954  41.372827    33.5121    213.375     0.1901      8.219    94.2208 1.0909e+03 -0.5647556    24.8043  0.000e+00
      2.172      2.189    15.0944  41.371780    33.5120    216.133     0.1828      8.219    94.2466 8.5902e+02 -0.5978752    24.8045  0.000e+00
      2.169      2.187    15.0949  41.372304    33.5121    215.365     0.1535      8.219    94.1692 9.2416e+02 -0.4985162    24.8044  0.000e+00
      2.480      2.501    15.0963  41.373941    33.5122    214.517     0.1608      8.224    94.2466 1.0342e+03 -0.5647556    24.8042  0.000e+00
      3.235      3.262    15.1032  41.381141    33.5125    216.826     0.1535      8.224    94.2983 8.5420e+02 -0.5978752    24.8029  0.000e+00
      3.872      3.904    15.1087  41.386117    33.5121    215.607     0.1461      8.224    94.4015 7.1554e+02 -0.5316359    24.8014  0.000e+00
      4.449      4.485    15.1144  41.392008    33.5122    214.568     0.1461      8.224    94.2724 6.0107e+02 -0.5647556    24.8003  0.000e+00
      5.164      5.207    15.1080  41.386122    33.5121    213.991     0.1608      8.224    94.1433 4.7596e+02 -0.5647556    24.8017  0.000e+00
      5.789      5.836    15.1091  41.387237    33.5120    215.033     0.1608      8.224    94.1692 4.8270e+02 -0.6641145    24.8014  0.000e+00
      6.345      6.398    15.0992  41.378733    33.5125    215.312     0.1608      8.224    94.2208 4.3623e+02 -0.6641145    24.8039  0.000e+00
      6.905      6.962    15.0993  41.378735    33.5122    216.282     0.1608      8.224    94.4532 3.8438e+02 -0.6641145    24.8037  0.000e+00
      7.511      7.573    15.0963  41.376120    33.5122    214.510     0.1681      8.224    94.3241 3.4640e+02 -0.6641145    24.8043  0.000e+00
      8.240      8.308    15.0862  41.366767    33.5121    213.504     0.1828      8.229    94.2466 2.9844e+02 -0.6309949    24.8065  0.000e+00
      9.062      9.136    15.0804  41.361733    33.5122    213.995     0.1901      8.229    94.3499 3.0695e+02 -0.4985162    24.8079  0.000e+00
      9.881      9.962    15.0840  41.365465    33.5122    212.530     0.1828      8.229    94.2983 2.5930e+02 -0.5647556    24.8071  0.000e+00
     10.569     10.656    15.0784  41.360104    33.5119    214.931     0.2121      8.229    94.2724 2.4374e+02 -0.6972342    24.8081  0.000e+00
     11.188     11.280    15.0754  41.357620    33.5119    216.548     0.2267      8.229    94.2208 2.2912e+02 -0.5647556    24.8088  0.000e+00
     11.853     11.951    15.0696  41.351997    33.5115    214.156     0.3293      8.229    94.1175 2.5211e+02 -0.6972342    24.8098  0.000e+00
     12.473     12.576    15.0662  41.349187    33.5116    214.812     0.3659      8.233    94.2983 1.9031e+02 -0.5978752    24.8106  0.000e+00
     13.017     13.124    15.0669  41.350040    33.5116    215.564     0.4318      8.233    94.2724 1.7839e+02 -0.4985162    24.8105  0.000e+00
     13.612     13.725    15.0625  41.345790    33.5113    214.381     0.4831      8.233    94.1950 1.8924e+02 -0.5647556    24.8112  0.000e+00
     14.293     14.411    15.0610  41.344681    33.5113    214.073     0.4904      8.233    94.0659 1.6535e+02 -0.5978752    24.8116  0.000e+00
     14.938     15.061    15.0606  41.344487    33.5112    213.799     0.5124      8.233    94.0400 1.4447e+02 -0.4985162    24.8116  0.000e+00
     15.615     15.744    15.0597  41.343836    33.5112    214.338     0.5491      8.233    94.1433 1.3056e+02 -0.5316359    24.8118  0.000e+00
     16.384     16.519    15.0614  41.345932    33.5113    216.051     0.5784      8.238    94.1175 1.2693e+02 -0.5978752    24.8115  0.000e+00
     17.157     17.299    15.0613  41.346197    33.5113    214.226     0.6077      8.238    94.0659 1.1832e+02 -0.4985162    24.8116  0.000e+00
     17.864     18.012    15.0579  41.342733    33.5108    214.516     0.6003      8.238    94.2208 9.3945e+01 -0.4985162    24.8120  0.000e+00
     18.503     18.656    15.0439  41.328347    33.5095    212.529     0.6077      8.238    94.0659 1.0079e+02 -0.4985162    24.8141  0.000e+00
     19.051     19.208    15.0352  41.320371    33.5095    211.690     0.6956      8.238    94.1692 9.7170e+01 -0.4985162    24.8160  0.000e+00
     19.563     19.725    15.0329  41.317953    33.5092    214.053     0.7395      8.238    94.0659 8.4897e+01 -0.4985162    24.8162  0.000e+00
     20.179     20.347    15.0215  41.305859    33.5078    213.973     0.7908      8.238    93.9884 8.2542e+01 -0.4985162    24.8176  0.000e+00
     20.901     21.074    15.0070  41.291870    33.5072    215.684     0.7908      8.238    93.9626 7.4383e+01 -0.4985162    24.8204  0.000e+00
     21.567     21.745    14.9975  41.282002    33.5062    214.597     0.8641      8.238    94.1433 6.6279e+01 -0.4985162    24.8217  0.000e+00
     22.256     22.440    14.9733  41.256709    33.5037    213.269     0.9227      8.238    94.2466 6.6279e+01 -0.5647556    24.8250  0.000e+00
     22.988     23.179    14.9299  41.213066    33.5011    212.553     0.9227      8.239    94.1950 5.7581e+01 -0.4985162    24.8325  0.000e+00
     23.669     23.865    14.8773  41.160430    33.4982    213.992     0.9666      8.239    94.2466 5.2919e+01 -0.4985162    24.8416  0.000e+00
     24.359     24.561    14.8567  41.140521    33.4976    213.698     1.0619      8.239    94.2983 5.2622e+01 -0.5647556    24.8456  0.000e+00
     25.072     25.280    14.8316  41.114873    33.4955    212.925     1.1058      8.239    94.2724 4.6103e+01 -0.4985162    24.8494  0.000e+00
     25.683     25.896    14.8163  41.100650    33.4955    212.752     1.1058      8.239    94.3241 4.4073e+01 -0.4985162    24.8527  0.000e+00
     26.234     26.451    14.8109  41.095171    33.4950    212.643     1.1425      8.239    94.4274 4.3579e+01 -0.5978752    24.8535  0.000e+00
     26.864     27.086    14.7955  41.081276    33.4954    214.304     1.0692      8.239    94.5565 3.8287e+01 -0.4985162    24.8571  0.000e+00
     27.656     27.885    14.7894  41.076126    33.4956    213.867     1.0545      8.239    94.7631 3.3353e+01 -0.4985162    24.8587  0.000e+00
     28.486     28.723    14.7695  41.059496    33.4972    213.403     1.0106      8.239    94.8405 2.9969e+01 -0.6309949    24.8642  0.000e+00
     29.142     29.384    14.7652  41.055780    33.4973    212.467     0.9593      8.239    95.0213 2.9301e+01 -0.4653966    24.8652  0.000e+00
     29.694     29.940    14.7584  41.049195    33.4970    213.188     0.9520      8.239    95.2278 2.9219e+01 -0.4985162    24.8664  0.000e+00
     30.366     30.618    14.7316  41.024483    33.4972    213.066     0.9300      8.235    95.1762 2.6402e+01 -0.6309949    24.8724  0.000e+00
     31.115     31.373    14.6770  40.972793    33.4968    212.260     0.8787      8.235    95.3569 2.2548e+01 -0.4985162    24.8838  0.000e+00
     31.813     32.077    14.5743  40.873136    33.4940    212.274     0.8128      8.236    95.8217 2.1676e+01 -0.4985162    24.9036  0.000e+00
     32.443     32.712    14.4094  40.715967    33.4923    212.699     0.7908      8.232    96.1058 2.1984e+01 -0.6641145    24.9373  0.000e+00
     33.066     33.341    14.2896  40.605914    33.4946    212.085     0.7395      8.228    96.5706 2.0032e+01 -0.4985162    24.9644  0.000e+00
     33.754     34.034    14.2752  40.593191    33.4952    209.096     0.6003      8.223    96.8804 1.7645e+01 -0.4985162    24.9678  0.000e+00
     34.504     34.791    14.2320  40.553599    33.4959    205.769     0.5198      8.218    97.1386 1.6820e+01 -0.6641145    24.9775  0.000e+00
     35.249     35.542    14.1371  40.459478    33.4911    204.673     0.4611      8.214    97.3452 1.5853e+01 -0.4985162    24.9937  0.000e+00
     35.862     36.161    13.9744  40.300755    33.4856    205.845     0.4465      8.210    97.4227 1.5025e+01 -0.4985162    25.0233  0.000e+00
     36.396     36.699    13.9272  40.256359    33.4852    203.136     0.4245      8.206    97.6293 1.4566e+01 -0.6309949    25.0328  0.000e+00
     37.034     37.342    13.8564  40.183335    33.4789    201.124     0.4245      8.201    97.6034 1.3651e+01 -0.4985162    25.0426  0.000e+00
     37.774     38.089    13.7356  40.065084    33.4740    201.635     0.4099      8.197    97.7067 1.2160e+01 -0.4985162    25.0636  0.000e+00
     38.484     38.804    13.6641  39.995558    33.4714    200.782     0.4025      8.198    97.7067 1.1590e+01 -0.5978752    25.0762  0.000e+00
     39.175     39.501    13.6220  39.953234    33.4684    199.042     0.3806      8.193    97.8358 1.1236e+01 -0.4653966    25.0825  0.000e+00
     39.909     40.241    13.3376  39.678235    33.4597    200.271     0.3732      8.190    97.8617 1.0381e+01 -0.4985162    25.1335  0.000e+00
     40.617     40.956    12.9606  39.314875    33.4485    200.289     0.3219      8.173    97.8875 9.7008e+00 -0.5978752    25.1999  0.000e+00
     41.278     41.622    12.5556  38.947566    33.4572    197.027     0.2340      8.156    98.0166 9.4305e+00 -0.5316359    25.2859  0.000e+00
     41.964     42.313    12.4120  38.812048    33.4547    192.260     0.1754      8.137    98.0941 8.7871e+00 -0.4985162    25.3117  0.000e+00
     42.671     43.026    12.2815  38.678566    33.4425    187.988     0.1681      8.129    97.9649 8.2106e+00 -0.4653966    25.3272  0.000e+00
     43.335     43.696    11.5962  38.024980    33.4224    187.325     0.1461      8.117    97.8875 7.8473e+00 -0.6641145    25.4401  0.000e+00
     43.941     44.307    10.9321  37.429824    33.4371    186.187     0.1608      8.087    97.5518 7.6069e+00 -0.6309949    25.5716  0.000e+00
     44.607     44.979    10.5397  37.063360    33.4295    181.889     0.1681      8.060    97.0354 7.0672e+00 -0.7303538    25.6345  0.000e+00
     45.344     45.722    10.2436  36.799270    33.4354    177.219     0.0802      8.033    96.7771 6.4733e+00 -0.7303538    25.6900  0.000e+00
     46.146     46.531    10.0775  36.643980    33.4310    172.675     0.0362      8.020    96.3124 5.9966e+00 -0.4985162    25.7147  0.000e+00
     46.937     47.328     9.9163  36.499591    33.4330    169.190     0.0436      8.006    95.7701 5.6340e+00 -0.4653966    25.7434  0.000e+00
     47.573     47.970     9.8432  36.429128    33.4286    167.411     0.0143      7.992    94.9954 5.4765e+00 -0.6309949    25.7521  0.000e+00
     48.115     48.517     9.7606  36.348904    33.4230    165.996     0.0143      7.978    94.2983 5.2932e+00 -0.6972342    25.7614  0.000e+00
     48.717     49.123     9.6494  36.243992    33.4186    164.471     0.0143      7.965    93.2654 4.8888e+00 -0.6972342    25.7763  0.000e+00
     49.372     49.784     9.5304  36.135048    33.4172    161.989     0.0069      7.941    91.5353 4.5279e+00 -0.6972342    25.7947  0.000e+00
     50.007     50.425     9.4176  36.033538    33.4176    158.040     0.0069      7.928    88.5400 4.3143e+00 -0.6972342    25.8133  0.000e+00
     50.707     51.130     9.3239  35.950075    33.4186    154.283    -0.0004      7.914    86.8616 3.9389e+00 -0.6972342    25.8292  0.000e+00
     51.495     51.925     9.2233  35.858038    33.4172    151.977     0.0069      7.909    86.3968 3.4552e+00 -0.3991573    25.8443  0.000e+00
     52.245     52.682     9.1500  35.792699    33.4177    150.926     0.0069      7.900    86.4485 3.1091e+00  0.6275521    25.8564  0.000e+00
     52.939     53.381     9.1235  35.767269    33.4158    151.422     0.0143      7.896    86.2935 2.8293e+00 -0.4985162    25.8591  0.000e+00
     53.562     54.009     9.0812  35.727100    33.4135    151.129     0.0143      7.891    85.8804 2.5743e+00 -0.6972342    25.8640  0.000e+00
     54.112     54.565     9.0368  35.686270    33.4124    151.236     0.0289      7.886    85.3381 2.3826e+00 -0.6641145    25.8702  0.000e+00
     54.727     55.185     8.9927  35.646384    33.4120    150.895     0.0069      7.877    84.3052 2.1672e+00 -0.6641145    25.8768  0.000e+00
     55.426     55.890     8.9684  35.624014    33.4112    149.357    -0.0004      7.868    83.0658 1.9204e+00 -0.4653966    25.8800  0.000e+00
     56.093     56.563     8.9534  35.609475    33.4099    148.072    -0.0004      7.863    81.4649 1.7359e+00  0.0313983    25.8813  0.000e+00
     56.766     57.241     8.9429  35.599435    33.4089    147.224    -0.0077      7.858    80.3803 1.5596e+00  0.3625949    25.8822  0.000e+00
     57.498     57.980     8.9374  35.593831    33.4079    146.361    -0.0077      7.858    79.5024 1.3645e+00  0.1969966    25.8823  0.000e+00
     58.273     58.761     8.9331  35.589398    33.4070    145.664    -0.0004      7.854    78.5986 1.1758e+00 -0.2997983    25.8823  0.000e+00
     59.072     59.567     8.9293  35.585397    33.4060    145.873    -0.0077      7.854    77.9531 1.0033e+00 -0.3329179    25.8821  0.000e+00
     59.824     60.325     8.9170  35.573574    33.4049    145.370    -0.0224      7.849    77.4883 8.5773e-01  0.7931504    25.8832  0.000e+00
     60.453     60.960     8.8924  35.551407    33.4046    145.241    -0.0150      7.849    77.2043 7.5003e-01  2.3497744    25.8868  0.000e+00
     60.925     61.435     8.8745  35.535155    33.4042    145.374    -0.0150      7.844    77.0235 6.8339e-01  1.2237060    25.8893  0.000e+00
     61.445     61.960     8.8509  35.513428    33.4035    145.411    -0.0297      7.844    76.9202 6.0923e-01  0.1307573    25.8924  0.000e+00
     62.067     62.587     8.8135  35.480385    33.4039    145.037    -0.0150      7.840    76.8169 5.2620e-01  0.9918684    25.8985  0.000e+00
     62.695     63.220     8.7782  35.449200    33.4041    144.825    -0.0224      7.835    76.6878 4.6363e-01  2.3497744    25.9042  0.000e+00
     63.391     63.922     8.7613  35.434320    33.4042    144.385    -0.0224      7.835    76.6362 4.0025e-01  1.1574667    25.9069  0.000e+00
     64.288     64.827     8.7501  35.424177    33.4037    144.100    -0.0297      7.831    76.5587 3.2008e-01  1.8860991    25.9082  0.000e+00
     65.198     65.745     8.7297  35.405613    33.4031    144.135    -0.0224      7.831    76.4554 2.6113e-01  1.1574667    25.9110  0.000e+00
     65.914     66.466     8.6940  35.374024    33.4033    144.386     0.0143      7.826    76.7911 2.2742e-01  0.2301162    25.9166  0.000e+00
     66.479     67.037     8.6618  35.345394    33.4033    144.163     0.0362      7.826    77.2559 1.9738e-01  0.6937915    25.9216  0.000e+00
     67.087     67.650     8.6287  35.316159    33.4036    144.112    -0.0004      7.821    77.6174 1.7061e-01  1.6211419    25.9269  0.000e+00
     67.731     68.299     8.5936  35.284723    33.4034    143.900    -0.0150      7.822    78.0047 1.4350e-01  2.1179368    25.9322  0.000e+00
     68.309     68.883     8.5213  35.219859    33.4033    143.979    -0.0077      7.822    78.6503 1.2649e-01  2.4160137    25.9431  0.000e+00
     68.843     69.421     8.4620  35.169693    33.4062    144.306    -0.0077      7.812    78.8569 1.1279e-01  2.4160137    25.9544  0.000e+00
     69.435     70.018     8.4469  35.156024    33.4059    143.731    -0.0150      7.812    77.9789 9.8913e-02  3.0121675    25.9564  0.000e+00
     70.166     70.755     8.4357  35.145789    33.4053    142.676    -0.0077      7.808    76.5845 8.0669e-02  2.0185778    25.9577  0.000e+00
     71.019     71.616     8.3984  35.113128    33.4057    142.471    -0.0077      7.803    75.2935 6.4684e-02  1.9523385    25.9637  0.000e+00
     71.860     72.464     8.3901  35.106023    33.4057    142.468    -0.0004      7.803    73.3568 5.0956e-02  2.5816120    25.9649  0.000e+00
     72.552     73.162     8.3863  35.102349    33.4051    141.684     0.0069      7.798    70.6197 4.1638e-02  1.3230650    25.9650  0.000e+00
     73.121     73.736     8.3857  35.101310    33.4043    141.355     0.0289      7.798    68.7347 3.4117e-02  2.0848171    25.9645  0.000e+00
