Arg_L1_T1_NV.cnv
* Sea-Bird SBE 9 Data File:
* FileName = S:\CTD_Data\CTD\Data\Argentina 2014\Data\Arg_L1_T1.hex
* Software Version Seasave V 7.21g
* Temperature SN = 5769
* Conductivity SN = 4244
* Number of Bytes Per Scan = 31
* Number of Voltage Words = 4
* Number of Scans Averaged by the Deck Unit = 24
* NMEA Latitude = 45 56.53 S
* NMEA Longitude = 057 43.08 W
* NMEA UTC (Time) = Feb 01 2014 12:15:13
* NMEA baud rate = 9600
** R/V Coriolis II
** MARES project, ARGENTINA 2014
** Chief scientist : Dr. Gustavo Ferreyra
** Co-Chief scientist : Dr. José Luis Esteves
# nquan = 13
# nvalues = 2265                                  
# units = specified
# name 0 = depSM: Depth [salt water, m]
# name 1 = prDM: Pressure, Digiquartz [db]
# name 2 = t090C: Temperature [ITS-90, deg C]
# name 3 = c0mS/cm: Conductivity [mS/cm]
# name 4 = sal00: Salinity, Practical [PSU]
# name 5 = sbeox0Mm/Kg: Oxygen, SBE 43 [umol/Kg]
# name 6 = flECO-AFL: Fluorescence, WET Labs ECO-AFL/FL [mg/m^3]
# name 7 = ph: pH
# name 8 = CStarTr0: Beam Transmission, WET Labs C-Star [%]
# name 9 = par: PAR/Irradiance, Biospherical/Licor
# name 10 = upoly0: Upoly 0, Nitrate
# name 11 = sigma-é00: Density [sigma-theta, Kg/m^3]
# name 12 = flag:  0.000e+00
# span 0 =     -0.218,    603.160                 
# span 1 =     -0.219,    609.044                 
# span 2 =     2.9217,    12.9465                 
# span 3 =   4.422748,  40.011262                 
# span 4 =     3.1371,    34.2953                 
# span 5 =    169.263,    275.771                 
# span 6 =    -0.1396,     1.4795                 
# span 7 =      7.959,      8.255                 
# span 8 =    61.4530,    99.7983                 
# span 9 = 1.0799e-02, 5.5090e+02                 
# span 10 = -0.4985162,  24.871142                
# span 11 =     1.8287,    27.3330                
# span 12 = 0.0000e+00, 0.0000e+00                
# interval = seconds: 1
# start_time = Feb 01 2014 12:15:13 [NMEA time, header]
# bad_flag = -9.990e-29
*END*
[from data line 1001]
    601.989    607.860     2.9223  31.289080    34.2950    169.823    -0.1103      7.964    99.7466 1.9362e-02  23.513236    27.3328  0.000e+00
    602.385    608.260     2.9224  31.289374    34.2951    169.832    -0.1176      7.964    99.7725 1.8982e-02  23.612595    27.3328  0.000e+00
    602.309    608.184     2.9224  31.289140    34.2948    169.831    -0.1176      7.959    99.7466 2.1690e-02  23.082680    27.3326  0.000e+00
    601.812    607.681     2.9225  31.289079    34.2949    169.819    -0.1176      7.964    99.7725 1.8793e-02  23.943791    27.3327  0.000e+00
    601.622    607.488     2.9227  31.288903    34.2945    169.815    -0.1176      7.964    99.7466 2.0130e-02  24.208749    27.3324  0.000e+00
    601.883    607.752     2.9225  31.289021    34.2948    169.822    -0.1103      7.964    99.7725 2.0711e-02  24.109390    27.3326  0.000e+00
    602.154    608.026     2.9224  31.289256    34.2950    169.829    -0.1030      7.964    99.7725 1.9745e-02  23.215159    27.3328  0.000e+00
    602.163    608.035     2.9224  31.289198    34.2950    169.829    -0.1103      7.959    99.7725 1.8793e-02  24.308108    27.3327  0.000e+00
    602.170    608.043     2.9224  31.289139    34.2949    169.830    -0.1030      7.964    99.7725 1.9362e-02  23.678834    27.3327  0.000e+00
    602.093    607.965     2.9223  31.289080    34.2949    169.829    -0.1103      7.959    99.7466 1.7667e-02  22.685244    27.3327  0.000e+00
    601.919    607.789     2.9226  31.289021    34.2946    169.825    -0.1103      7.964    99.6950 1.9745e-02  22.685244    27.3325  0.000e+00
    602.013    607.884     2.9226  31.289139    34.2948    169.827    -0.1030      7.964    99.7208 1.9362e-02  22.486526    27.3326  0.000e+00
    602.449    608.325     2.9224  31.289374    34.2950    169.838    -0.1103      7.964    99.7725 1.7854e-02  23.546356    27.3327  0.000e+00
    602.774    608.653     2.9224  31.289493    34.2949    169.846    -0.1176      7.964    99.7725 1.8228e-02  24.010031    27.3327  0.000e+00
    602.582    608.459     2.9225  31.289375    34.2948    169.842    -0.1176      7.964    99.7725 1.8604e-02  23.513236    27.3326  0.000e+00
    602.022    607.893     2.9227  31.289080    34.2946    169.829    -0.1103      7.964    99.7725 1.7854e-02  23.678834    27.3324  0.000e+00
    601.512    607.377     2.9228  31.288961    34.2946    169.818    -0.1103      7.964    99.7725 1.6744e-02  24.043150    27.3324  0.000e+00
    601.565    607.431     2.9228  31.289079    34.2947    169.819    -0.1103      7.964    99.7725 1.9172e-02  24.010031    27.3325  0.000e+00
    602.225    608.098     2.9226  31.289315    34.2948    169.835    -0.1103      7.964    99.7725 1.6561e-02  23.645715    27.3326  0.000e+00
    602.767    608.647     2.9226  31.289610    34.2950    169.848    -0.1176      7.964    99.7466 1.6744e-02  23.745074    27.3327  0.000e+00
    602.407    608.282     2.9227  31.289433    34.2948    169.840    -0.1176      7.964    99.7466 1.7112e-02  23.811313    27.3326  0.000e+00
    601.900    607.769     2.9228  31.289197    34.2947    169.829    -0.1176      7.964    99.7466 1.7854e-02  23.678834    27.3325  0.000e+00
    602.151    608.024     2.9227  31.289373    34.2948    169.835    -0.1176      7.964    99.7466 1.8793e-02  23.480116    27.3326  0.000e+00
    602.869    608.750     2.9227  31.289786    34.2950    169.851    -0.1176      7.964    99.7725 1.9553e-02  23.612595    27.3328  0.000e+00
    602.875    608.756     2.9227  31.289786    34.2949    169.852    -0.1176      7.964    99.7725 2.0905e-02  23.612595    27.3327  0.000e+00
    602.107    607.979     2.9228  31.289315    34.2947    169.835    -0.1103      7.964    99.7725 2.2484e-02  23.546356    27.3325  0.000e+00
    601.383    607.247     2.9228  31.288961    34.2946    169.819    -0.1103      7.964    99.7208 2.2284e-02  23.612595    27.3324  0.000e+00
    601.269    607.131     2.9229  31.289078    34.2948    169.817    -0.1176      7.964    99.7466 1.9937e-02  23.844432    27.3325  0.000e+00
    601.774    607.642     2.9228  31.289431    34.2950    169.828    -0.1103      7.964    99.7466 1.8604e-02  22.883962    27.3327  0.000e+00
    602.594    608.472     2.9227  31.289551    34.2949    169.848    -0.1103      7.964    99.7725 1.7667e-02  23.314518    27.3326  0.000e+00
    603.133    609.017     2.9226  31.289728    34.2948    169.861    -0.1103      7.964    99.7725 1.6744e-02  23.513236    27.3326  0.000e+00
    603.160    609.044     2.9228  31.289845    34.2947    169.861    -0.1176      7.964    99.7725 1.8604e-02  23.380757    27.3325  0.000e+00
    602.807    608.687     2.9228  31.289669    34.2947    169.854    -0.1176      7.964    99.7725 2.0516e-02  23.811313    27.3325  0.000e+00
    602.004    607.874     2.9228  31.289314    34.2948    169.836    -0.1249      7.964    99.7466 2.0905e-02  23.281398    27.3326  0.000e+00
    601.378    607.242     2.9227  31.289020    34.2948    169.823    -0.1249      7.964    99.7466 2.0130e-02  23.016441    27.3326  0.000e+00
    601.575    607.441     2.9229  31.289196    34.2947    169.827    -0.1176      7.964    99.7466 1.9362e-02  22.950202    27.3325  0.000e+00
    602.151    608.024     2.9228  31.289373    34.2947    169.841    -0.1176      7.964    99.7466 1.8228e-02  23.082680    27.3325  0.000e+00
    602.446    608.322     2.9227  31.289374    34.2947    169.849    -0.1176      7.964    99.7466 1.8415e-02  24.043150    27.3325  0.000e+00
    602.597    608.474     2.9228  31.289492    34.2947    169.852    -0.1176      7.964    99.7725 1.9937e-02  24.374347    27.3325  0.000e+00
    602.691    608.569     2.9226  31.289492    34.2949    169.855    -0.1176      7.964    99.7725 1.9553e-02  24.241868    27.3327  0.000e+00
    602.762    608.642     2.9227  31.289551    34.2948    169.857    -0.1103      7.964    99.7725 2.0711e-02  23.248279    27.3326  0.000e+00
    602.932    608.813     2.9227  31.289669    34.2948    169.861    -0.1030      7.964    99.7725 2.0905e-02  23.513236    27.3326  0.000e+00
    602.730    608.609     2.9227  31.289551    34.2948    169.857    -0.1176      7.964    99.7725 1.8604e-02  23.778193    27.3326  0.000e+00
    601.878    607.748     2.9228  31.289255    34.2947    169.838    -0.1176      7.964    99.7725 1.8982e-02  24.043150    27.3325  0.000e+00
    600.632    606.488     2.9229  31.288548    34.2945    169.811    -0.1176      7.964    99.6950 1.9172e-02  24.208749    27.3323  0.000e+00
    599.782    605.628     2.9230  31.287901    34.2940    169.792    -0.1176      7.964    99.7725 1.8604e-02  24.142509    27.3319  0.000e+00
    599.730    605.576     2.9230  31.288018    34.2942    169.791    -0.1176      7.964    99.7466 1.8415e-02  23.910672    27.3321  0.000e+00
    600.071    605.920     2.9229  31.288195    34.2943    169.799    -0.1103      7.964    99.7725 1.9362e-02  23.844432    27.3322  0.000e+00
    600.234    606.085     2.9228  31.288430    34.2946    169.804    -0.1176      7.964    99.7466 1.8040e-02  23.943791    27.3324  0.000e+00
    599.982    605.830     2.9229  31.287785    34.2938    170.529    -0.1103      7.964    99.7725 2.0516e-02  23.745074    27.3318  0.000e+00
    599.229    605.069     2.9228  31.287313    34.2938    169.783    -0.1103      7.964    99.7725 2.0130e-02  23.215159    27.3317  0.000e+00
    597.994    603.820     2.9228  31.286606    34.2936    169.965    -0.1176      7.964    99.7466 2.1297e-02  23.182039    27.3316  0.000e+00
    596.745    602.557     2.9227  31.285782    34.2934    170.459    -0.1249      7.964    99.7466 1.9745e-02  23.745074    27.3315  0.000e+00
    595.891    601.694     2.9228  31.285487    34.2934    169.919    -0.1176      7.964    99.7725 1.8982e-02  23.745074    27.3314  0.000e+00
    595.515    601.313     2.9228  31.285368    34.2935    169.912    -0.1030      7.964    99.7725 1.9937e-02  23.347638    27.3315  0.000e+00
    595.405    601.202     2.9227  31.285368    34.2936    169.910    -0.1249      7.964    99.7466 2.0516e-02  23.645715    27.3316  0.000e+00
    595.446    601.243     2.9226  31.285075    34.2934    170.641    -0.1249      7.964    99.7466 2.2086e-02  24.109390    27.3314  0.000e+00
    595.397    601.193     2.9227  31.285075    34.2932    170.640    -0.1249      7.964    99.7466 2.1690e-02  23.612595    27.3313  0.000e+00
    594.923    600.715     2.9228  31.284781    34.2931    170.110    -0.1103      7.964    99.7725 2.0711e-02  23.579475    27.3312  0.000e+00
    594.099    599.881     2.9227  31.284426    34.2932    170.092    -0.1103      7.964    99.7725 2.2284e-02  23.877552    27.3312  0.000e+00
    593.171    598.943     2.9233  31.284365    34.2930    170.069    -0.1176      7.964    99.7466 2.1297e-02  24.142509    27.3310  0.000e+00
    592.233    597.994     2.9236  31.284010    34.2927    170.048    -0.1103      7.964    99.7725 2.1297e-02  23.811313    27.3308  0.000e+00
    591.467    597.219     2.9239  31.283598    34.2923    170.030    -0.1103      7.964    99.7466 1.8982e-02  23.844432    27.3304  0.000e+00
    590.977    596.725     2.9235  31.283362    34.2927    170.749    -0.1176      7.964    99.7466 1.9937e-02  24.076270    27.3308  0.000e+00
    590.707    596.451     2.9241  31.283537    34.2924    170.741    -0.1176      7.964    99.7725 2.0323e-02  24.109390    27.3305  0.000e+00
    590.420    596.161     2.9252  31.283888    34.2919    170.212    -0.1176      7.964    99.6434 2.2086e-02  23.612595    27.3300  0.000e+00
    589.972    595.708     2.9262  31.283476    34.2905    170.199    -0.1176      7.964    99.7466 2.0516e-02  23.678834    27.3288  0.000e+00
    589.438    595.168     2.9261  31.282537    34.2898    170.189    -0.1176      7.964    99.7466 2.1690e-02  23.678834    27.3282  0.000e+00
    588.964    594.689     2.9265  31.282066    34.2890    170.178    -0.1103      7.964    99.7466 2.0516e-02  23.844432    27.3275  0.000e+00
    588.514    594.233     2.9267  31.281831    34.2889    170.895    -0.1103      7.964    99.7466 2.1690e-02  24.043150    27.3274  0.000e+00
    588.026    593.740     2.9276  31.281829    34.2882    170.882    -0.1103      7.964    99.7466 2.1888e-02  23.711954    27.3268  0.000e+00
    587.604    593.313     2.9286  31.281945    34.2875    171.078    -0.1176      7.964    99.7725 2.0711e-02  23.678834    27.3261  0.000e+00
    587.100    592.804     2.9285  31.281943    34.2878    171.067    -0.1176      7.964    99.7725 2.2683e-02  23.745074    27.3264  0.000e+00
    585.977    591.669     2.9299  31.281764    34.2867    170.518    -0.1176      7.964    99.7466 2.0130e-02  23.778193    27.3254  0.000e+00
    584.345    590.018     2.9326  31.282228    34.2853    171.198    -0.1176      7.964    99.7725 1.9362e-02  23.314518    27.3240  0.000e+00
    583.166    588.826     2.9346  31.283454    34.2853    171.889    -0.1176      7.964    99.7725 1.7667e-02  23.546356    27.3238  0.000e+00
    583.064    588.723     2.9328  31.282400    34.2860    172.103    -0.1176      7.964    99.7725 1.8228e-02  23.380757    27.3245  0.000e+00
    583.552    589.216     2.9352  31.283983    34.2851    171.588    -0.1176      7.964    99.7466 1.7667e-02  23.182039    27.3236  0.000e+00
    584.304    589.977     2.9355  31.284044    34.2844    171.813    -0.1176      7.964    99.7725 1.9553e-02  23.844432    27.3230  0.000e+00
    584.490    590.165     2.9313  31.281877    34.2861    171.835    -0.1103      7.964    99.7466 1.8793e-02  23.380757    27.3248  0.000e+00
    582.672    588.327     2.9349  31.283629    34.2855    171.262    -0.1176      7.964    99.7466 1.7667e-02  23.678834    27.3240  0.000e+00
    580.409    586.038     2.9413  31.287665    34.2848    171.182    -0.1103      7.964    99.6692 1.9553e-02  24.076270    27.3228  0.000e+00
    578.949    584.563     2.9419  31.287426    34.2847    171.872    -0.1103      7.964    99.7208 1.7297e-02  24.076270    27.3226  0.000e+00
    578.654    584.264     2.9418  31.287249    34.2847    171.866    -0.1176      7.964    99.7466 1.8793e-02  22.685244    27.3227  0.000e+00
    578.915    584.528     2.9431  31.288422    34.2846    172.075    -0.1176      7.964    99.7466 1.8228e-02  23.546356    27.3225  0.000e+00
    579.467    585.086     2.9426  31.288131    34.2845    171.366    -0.1176      7.964    99.7466 1.8228e-02  23.811313    27.3224  0.000e+00
    579.660    585.281     2.9413  31.287252    34.2847    171.585    -0.1103      7.964    99.7466 1.8415e-02  23.612595    27.3228  0.000e+00
    578.850    584.462     2.9418  31.287426    34.2848    172.081    -0.1176      7.964    99.7466 1.8415e-02  23.413877    27.3227  0.000e+00
    577.773    583.373     2.9430  31.287188    34.2839    171.536    -0.1176      7.964    99.7466 1.8228e-02  23.645715    27.3219  0.000e+00
    576.650    582.238     2.9423  31.286071    34.2839    171.515    -0.1103      7.964    99.7466 1.7482e-02  23.612595    27.3219  0.000e+00
    575.887    581.466     2.9420  31.285190    34.2835    172.224    -0.1103      7.964    99.7466 1.7112e-02  23.446997    27.3217  0.000e+00
    575.474    581.048     2.9426  31.284016    34.2817    172.215    -0.1103      7.964    99.7466 1.8040e-02  24.043150    27.3202  0.000e+00
    575.302    580.874     2.9424  31.283840    34.2818    171.696    -0.1176      7.964    99.7466 1.8604e-02  24.076270    27.3203  0.000e+00
    575.315    580.888     2.9435  31.284485    34.2814    172.417    -0.1176      7.964    99.7725 1.8415e-02  23.976911    27.3199  0.000e+00
    575.177    580.748     2.9453  31.285304    34.2805    172.407    -0.1249      7.964    99.7466 1.8415e-02  23.778193    27.3190  0.000e+00
    574.579    580.143     2.9460  31.285654    34.2805    172.599    -0.1176      7.964    99.7725 1.8228e-02  23.480116    27.3190  0.000e+00
    573.708    579.263     2.9496  31.288288    34.2804    172.563    -0.1176      7.964    99.7725 1.7482e-02  23.480116    27.3185  0.000e+00
    572.849    578.394     2.9560  31.292739    34.2795    172.723    -0.1176      7.964    99.7725 1.9362e-02  23.645715    27.3172  0.000e+00
    572.008    577.544     2.9576  31.293791    34.2795    172.697    -0.1103      7.964    99.7466 1.7482e-02  23.745074    27.3171  0.000e+00
    571.358    576.887     2.9580  31.293321    34.2789    172.890    -0.1103      7.964    99.7725 1.9362e-02  23.612595    27.3165  0.000e+00
    571.060    576.585     2.9566  31.292616    34.2796    172.889    -0.1176      7.964    99.7466 1.8415e-02  23.049561    27.3173  0.000e+00
    570.846    576.369     2.9580  31.293436    34.2793    172.364    -0.1103      7.964    99.7466 1.7854e-02  23.513236    27.3168  0.000e+00
    570.316    575.833     2.9610  31.295720    34.2792    173.061    -0.1030      7.964    99.7725 1.8604e-02  23.943791    27.3165  0.000e+00
    569.506    575.014     2.9612  31.295542    34.2792    173.042    -0.1103      7.969    99.7725 1.9553e-02  24.241868    27.3165  0.000e+00
    568.826    574.327     2.9609  31.295012    34.2793    172.514    -0.1176      7.969    99.7725 2.0323e-02  23.413877    27.3166  0.000e+00
    568.473    573.970     2.9606  31.294425    34.2790    173.230    -0.1176      7.964    99.7725 1.7297e-02  24.043150    27.3164  0.000e+00
    568.162    573.656     2.9594  31.293721    34.2796    173.228    -0.1176      7.969    99.7725 1.9745e-02  23.678834    27.3169  0.000e+00
    567.670    573.158     2.9644  31.297118    34.2787    172.682    -0.1176      7.969    99.7725 1.8793e-02  22.751484    27.3158  0.000e+00
    566.947    572.427     2.9646  31.296999    34.2787    173.387    -0.1176      7.969    99.7725 2.1493e-02  23.943791    27.3158  0.000e+00
    566.205    571.677     2.9646  31.296469    34.2786    172.649    -0.1176      7.964    99.7466 1.9937e-02  23.943791    27.3157  0.000e+00
