Arg_Leg3_G15_NV.cnv
* Sea-Bird SBE 9 Data File:
* FileName = S:\CTD_Data\CTD\Data\Argentina 2014\Data\Leg3\Arg_Leg3_G15.hex
* Software Version Seasave V 7.21g
* Temperature SN = 5769
* Conductivity SN = 4244
* Number of Bytes Per Scan = 31
* Number of Voltage Words = 4
* Number of Scans Averaged by the Deck Unit = 24
* NMEA Latitude = 45 29.62 S
* NMEA Longitude = 065 24.09 W
* NMEA UTC (Time) = Feb 13 2014 20:28:34
* NMEA baud rate = 9600
** R/V Coriolis II
** MARES project, ARGENTINA 2014
** Chief scientist : Dr. Gustavo Ferreyra
** Co-Chief scientist : Dr. José Luis Esteves
# nquan = 13
# nvalues = 691                                   
# units = specified
# name 0 = depSM: Depth [salt water, m]
# name 1 = prDM: Pressure, Digiquartz [db]
# name 2 = t090C: Temperature [ITS-90, deg C]
# name 3 = c0mS/cm: Conductivity [mS/cm]
# name 4 = sal00: Salinity, Practical [PSU]
# name 5 = sbeox0Mm/Kg: Oxygen, SBE 43 [umol/Kg]
# name 6 = flECO-AFL: Fluorescence, WET Labs ECO-AFL/FL [mg/m^3]
# name 7 = ph: pH
# name 8 = CStarTr0: Beam Transmission, WET Labs C-Star [%]
# name 9 = par: PAR/Irradiance, Biospherical/Licor
# name 10 = upoly0: Upoly 0, Nitrate
# name 11 = sigma-é00: Density [sigma-theta, Kg/m^3]
# name 12 = flag:  0.000e+00
# span 0 =     -0.060,     90.565                 
# span 1 =     -0.061,     91.331                 
# span 2 =     8.6289,    16.1069                 
# span 3 =   7.934733,  42.359039                 
# span 4 =     5.4538,    33.5337                 
# span 5 =    137.164,    260.961                 
# span 6 =    -0.1909,    28.8201                 
# span 7 =      7.760,      8.240                 
# span 8 =    77.9531,    96.4156                 
# span 9 = 1.0000e-12, 1.0547e+03                 
# span 10 = -0.7634735,  7.1190051                
# span 11 =     3.1856,    25.9064                
# span 12 = 0.0000e+00, 0.0000e+00                
# interval = seconds: 1
# start_time = Feb 13 2014 20:28:34 [NMEA time, header]
# bad_flag = -9.990e-29
*END*
[from data line 334]
     70.009     70.597     8.6551  35.295777    33.3559    138.049     0.1315      7.765    83.1433 9.4424e-02  5.3305436    25.8856  0.000e+00
     69.952     70.540     8.6565  35.296943    33.3558    138.044     0.1461      7.769    83.1433 9.8086e-02  3.5752017    25.8853  0.000e+00
     69.935     70.523     8.6564  35.296820    33.3558    138.044     0.1535      7.769    83.1691 9.7675e-02  3.8732786    25.8853  0.000e+00
     69.877     70.464     8.6569  35.297250    33.3558    138.041     0.1461      7.769    83.1949 9.7265e-02  3.5420821    25.8852  0.000e+00
     69.822     70.408     8.6573  35.297495    33.3558    138.039     0.1388      7.769    83.1174 9.7675e-02  3.5420821    25.8851  0.000e+00
     69.900     70.487     8.6572  35.297495    33.3558    138.041     0.1535      7.769    83.1174 9.7265e-02  4.4694325    25.8852  0.000e+00
     70.009     70.597     8.6573  35.297619    33.3558    138.043     0.1388      7.769    83.1691 9.2826e-02  4.6350308    25.8852  0.000e+00
     69.924     70.511     8.6570  35.297434    33.3559    138.042     0.1315      7.769    83.1949 9.3623e-02  4.1713556    25.8852  0.000e+00
     69.661     70.247     8.6572  35.297433    33.3559    138.037     0.1241      7.769    83.2724 9.8913e-02  4.0057573    25.8852  0.000e+00
     69.670     70.255     8.6569  35.297188    33.3558    138.038     0.1388      7.769    83.2207 1.0312e-01  4.5356718    25.8852  0.000e+00
     70.031     70.620     8.6569  35.297434    33.3560    138.044     0.1241      7.769    83.0142 9.6040e-02  4.5356718    25.8853  0.000e+00
     70.237     70.827     8.6568  35.297312    33.3558    138.048     0.1168      7.769    82.9883 9.0073e-02  3.8401590    25.8852  0.000e+00
     70.043     70.631     8.6567  35.297250    33.3559    138.045     0.1241      7.769    83.0658 9.4023e-02  3.5420821    25.8853  0.000e+00
     69.792     70.378     8.6570  35.297311    33.3558    138.040     0.1388      7.769    83.1174 9.9744e-02  3.7739197    25.8852  0.000e+00
     69.769     70.355     8.6570  35.297311    33.3559    138.040     0.1754      7.769    83.1174 1.0142e-01  6.3903726    25.8852  0.000e+00
     69.841     70.428     8.6568  35.297127    33.3558    138.042     0.1388      7.769    82.9109 9.8913e-02  5.4299026    25.8852  0.000e+00
     69.810     70.396     8.6568  35.297065    33.3558    138.041     0.1388      7.769    82.9367 1.0016e-01  5.1649453    25.8852  0.000e+00
     69.782     70.368     8.6566  35.297004    33.3559    138.041     0.1828      7.769    83.0658 1.0058e-01  5.0324667    25.8853  0.000e+00
     69.939     70.527     8.6565  35.296943    33.3558    138.044     0.1608      7.769    83.0658 9.8499e-02  4.7012701    25.8853  0.000e+00
     70.230     70.820     8.6561  35.296760    33.3559    138.051     0.1241      7.769    82.9625 9.2826e-02  5.1980650    25.8854  0.000e+00
     70.291     70.881     8.6563  35.296821    33.3558    138.052     0.1241      7.769    83.0400 9.2034e-02  4.8337487    25.8853  0.000e+00
     70.023     70.611     8.6563  35.296759    33.3558    138.047     0.1241      7.769    83.0916 9.4023e-02  4.5025521    25.8853  0.000e+00
     69.702     70.288     8.6564  35.296819    33.3559    137.579     0.1461      7.769    83.2207 1.0100e-01  5.2974239    25.8853  0.000e+00
     69.567     70.152     8.6571  35.297249    33.3558    138.036     0.1608      7.769    83.2207 1.0569e-01  4.8999880    25.8851  0.000e+00
     69.655     70.241     8.6573  35.297433    33.3558    138.329     0.1461      7.769    83.0400 1.0397e-01  4.8006291    25.8851  0.000e+00
     69.835     70.422     8.6578  35.297864    33.3557    138.039     0.1168      7.769    83.0400 1.0142e-01  5.0324667    25.8850  0.000e+00
     69.962     70.549     8.6577  35.297925    33.3558    137.580     0.1241      7.769    80.9226 9.7265e-02  5.6286205    25.8851  0.000e+00
     70.035     70.624     8.6574  35.297803    33.3559    138.044     0.1241      7.769    82.7559 9.5230e-02  4.3700735    25.8852  0.000e+00
     70.099     70.688     8.6568  35.297250    33.3558    138.339     0.1315      7.769    83.1949 9.5635e-02  4.9993470    25.8852  0.000e+00
     70.078     70.667     8.6562  35.296759    33.3559    138.049     0.1315      7.769    83.1949 9.6447e-02  5.1318256    25.8854  0.000e+00
     70.000     70.588     8.6567  35.297127    33.3558    137.584     0.1535      7.769    83.1433 9.9328e-02  4.6350308    25.8852  0.000e+00
     69.926     70.514     8.6568  35.297188    33.3558    138.044     0.1608      7.769    83.2466 9.9328e-02  4.0719966    25.8852  0.000e+00
     69.857     70.444     8.6569  35.297250    33.3558    138.334     0.1608      7.769    83.2207 1.0058e-01  4.5687915    25.8852  0.000e+00
     69.827     70.414     8.6574  35.297618    33.3558    138.041     0.1901      7.769    83.1949 1.0058e-01  4.7675094    25.8851  0.000e+00
     69.859     70.446     8.6572  35.297372    33.3557    138.042     0.1828      7.769    83.1691 1.0016e-01  4.6681504    25.8851  0.000e+00
     69.875     70.462     8.6566  35.297004    33.3558    138.044     0.1535      7.769    83.1174 1.0312e-01  3.1777658    25.8852  0.000e+00
     69.861     70.448     8.6568  35.297065    33.3557    138.043     0.1461      7.769    83.2466 1.0184e-01  4.2707145    25.8852  0.000e+00
     69.950     70.538     8.6567  35.297066    33.3558    138.045     0.1388      7.769    83.1691 1.0184e-01  4.5356718    25.8852  0.000e+00
     70.115     70.704     8.6563  35.296821    33.3558    138.049     0.1315      7.769    83.1433 9.6447e-02  4.4363128    25.8853  0.000e+00
     70.089     70.678     8.6568  35.297189    33.3558    138.047     0.1168      7.769    83.1949 9.7265e-02  4.4031932    25.8852  0.000e+00
     69.894     70.481     8.6566  35.297004    33.3558    138.044     0.1388      7.769    83.2724 9.7675e-02  4.6019111    25.8852  0.000e+00
     69.780     70.366     8.6568  35.297004    33.3557    138.042     0.1388      7.769    83.1433 1.0397e-01  3.5752017    25.8851  0.000e+00
     69.908     70.495     8.6551  35.295838    33.3560    138.050     0.1388      7.769    83.0142 1.0354e-01  3.2440051    25.8856  0.000e+00
     70.072     70.661     8.6543  35.295040    33.3558    138.055     0.1241      7.769    83.0658 9.6855e-02  5.2311846    25.8856  0.000e+00
     69.962     70.549     8.6544  35.295162    33.3560    138.053     0.1241      7.769    83.0658 1.0058e-01  4.9662274    25.8857  0.000e+00
     69.772     70.358     8.6554  35.295899    33.3559    138.046     0.1388      7.769    83.2466 1.0440e-01  4.6681504    25.8855  0.000e+00
     69.852     70.439     8.6547  35.295162    33.3557    138.050     0.1388      7.769    83.1174 1.0184e-01  4.4694325    25.8855  0.000e+00
     70.092     70.681     8.6549  35.295593    33.3559    138.054     0.1241      7.769    83.0142 9.8086e-02  4.3700735    25.8856  0.000e+00
     70.224     70.814     8.6553  35.295962    33.3558    138.055     0.1241      7.769    82.9883 9.6447e-02  4.7675094    25.8855  0.000e+00
     70.028     70.617     8.6552  35.295899    33.3559    138.052     0.1315      7.769    83.1433 9.6855e-02  5.5955009    25.8856  0.000e+00
     69.669     70.255     8.6555  35.295898    33.3558    138.045     0.1315      7.769    83.1174 1.0312e-01  5.8273385    25.8854  0.000e+00
     69.621     70.206     8.6554  35.295775    33.3558    138.044     0.1461      7.769    82.9883 1.0483e-01  4.8337487    25.8854  0.000e+00
     69.916     70.504     8.6551  35.295653    33.3558    138.050     0.1168      7.769    82.9109 1.0016e-01  3.9726376    25.8855  0.000e+00
     70.122     70.711     8.6551  35.295777    33.3558    138.054     0.1168      7.769    82.8851 9.4424e-02  3.9395179    25.8855  0.000e+00
     69.991     70.579     8.6551  35.295715    33.3558    138.052     0.1315      7.769    82.9625 9.7265e-02  4.2707145    25.8855  0.000e+00
     69.837     70.424     8.6552  35.295715    33.3558    138.049     0.1388      7.769    83.0658 1.0184e-01  4.7675094    25.8855  0.000e+00
     69.963     70.551     8.6550  35.295592    33.3558    138.052     0.1461      7.769    82.9367 1.0016e-01  5.5623812    25.8855  0.000e+00
     70.164     70.754     8.6547  35.295409    33.3558    138.056     0.1241      7.769    82.8076 9.4023e-02  5.4630222    25.8855  0.000e+00
     70.106     70.695     8.6547  35.295409    33.3558    138.055     0.1241      7.769    83.0400 9.5635e-02  4.8006291    25.8855  0.000e+00
     69.884     70.471     8.6556  35.296022    33.3558    138.049     0.1315      7.769    83.2466 1.0016e-01  4.1713556    25.8854  0.000e+00
     69.874     70.461     8.6557  35.296145    33.3558    138.048     0.1388      7.769    83.0916 1.0100e-01  4.8999880    25.8854  0.000e+00
     69.964     70.552     8.6554  35.295838    33.3558    138.051     0.1461      7.769    83.0400 1.0058e-01  5.4630222    25.8854  0.000e+00
     69.903     70.491     8.6558  35.296267    33.3559    138.049     0.1388      7.769    83.0658 9.8913e-02  4.4694325    25.8854  0.000e+00
     69.752     70.338     8.6558  35.296083    33.3557    138.046     0.1608      7.769    83.1433 1.0100e-01  3.5752017    25.8853  0.000e+00
     69.762     70.348     8.6558  35.296144    33.3558    138.046     0.1608      7.769    83.1174 1.0100e-01  4.6681504    25.8854  0.000e+00
     69.701     70.286     8.6558  35.296083    33.3558    138.045     0.1388      7.769    83.0142 1.0269e-01  3.9726376    25.8853  0.000e+00
     69.192     69.773     8.6565  35.296572    33.3558    138.034     0.1095      7.769    83.0916 1.1324e-01  4.4031932    25.8853  0.000e+00
     68.500     69.075     8.6585  35.298166    33.3559    138.015     0.1241      7.769    83.0916 1.2797e-01  4.8668684    25.8850  0.000e+00
     67.860     68.430     8.6614  35.300129    33.3555    137.995     0.1461      7.769    82.9367 1.4786e-01  4.8668684    25.8843  0.000e+00
     67.222     67.787     8.6626  35.301047    33.3556    137.980     0.1461      7.774    82.8851 1.6756e-01  5.1649453    25.8841  0.000e+00
     66.380     66.937     8.6639  35.301720    33.3556    137.961     0.1388      7.769    82.9367 1.9600e-01  4.9662274    25.8839  0.000e+00
     65.511     66.061     8.6636  35.301103    33.3556    137.946     0.1168      7.769    82.8592 2.2976e-01  4.9993470    25.8840  0.000e+00
     64.817     65.361     8.6635  35.300671    33.3555    137.934     0.1241      7.769    82.8076 2.6287e-01  5.2643043    25.8839  0.000e+00
     64.190     64.729     8.6638  35.300607    33.3555    137.922     0.1535      7.774    82.7301 2.9507e-01  4.1713556    25.8838  0.000e+00
     63.480     64.013     8.6667  35.302876    33.3555    137.901     0.1608      7.769    82.7559 3.3380e-01  5.0987060    25.8834  0.000e+00
     62.721     63.247     8.6708  35.306067    33.3553    137.874     0.1535      7.774    82.9109 3.8051e-01  4.9662274    25.8826  0.000e+00
     62.069     62.589     8.6724  35.307416    33.3555    137.857     0.1535      7.774    82.9625 4.3427e-01  4.1382359    25.8825  0.000e+00
     61.644     62.160     8.6721  35.306923    33.3554    137.851     0.1388      7.774    82.9109 4.7381e-01  4.8337487    25.8824  0.000e+00
     61.142     61.655     8.6730  35.307658    33.3557    137.839     0.1315      7.774    82.9367 5.1659e-01  4.5025521    25.8825  0.000e+00
     60.349     60.854     8.6763  35.310234    33.3556    137.815     0.1315      7.774    83.1691 5.8920e-01  4.3700735    25.8819  0.000e+00
     59.434     59.931     8.6777  35.310968    33.3554    137.794     0.1241      7.774    83.2207 6.9375e-01  4.4031932    25.8815  0.000e+00
     58.626     59.117     8.6790  35.311825    33.3556    138.236     0.1461      7.774    83.0400 8.0098e-01  4.8337487    25.8814  0.000e+00
     57.997     58.483     8.6803  35.312683    33.3555    138.220     0.1535      7.774    83.4531 8.9676e-01  4.8337487    25.8812  0.000e+00
     57.453     57.934     8.6813  35.313418    33.3555    137.917     0.1461      7.774    83.6081 9.7994e-01  3.6745607    25.8810  0.000e+00
     56.749     57.224     8.6859  35.317530    33.3559    138.349     0.1535      7.774    83.5822 1.0863e+00  2.9790479    25.8806  0.000e+00
     55.836     56.303     8.7059  35.336751    33.3577    138.267     0.1535      7.774    83.9437 1.2249e+00  3.6745607    25.8789  0.000e+00
     54.998     55.458     8.7469  35.371645    33.3560    138.292     0.1388      7.778    83.8405 1.3845e+00  3.8401590    25.8713  0.000e+00
     54.389     54.844     8.7824  35.403787    33.3565    138.624     0.1535      7.778    84.3311 1.5194e+00  4.4031932    25.8661  0.000e+00
     53.838     54.288     8.8206  35.437601    33.3562    139.116     0.1535      7.778    84.8733 1.6431e+00  4.7343897    25.8600  0.000e+00
     53.229     53.674     8.8507  35.466138    33.3580    139.630     0.1828      7.783    85.1057 1.7765e+00  4.4031932    25.8567  0.000e+00
     52.611     53.050     8.9423  35.553776    33.3638    140.105     0.1828      7.787    86.0353 1.9039e+00  3.5752017    25.8469  0.000e+00
     51.897     52.331     9.1033  35.709508    33.3753    140.788     0.2267      7.796    86.4743 2.0460e+00  3.5752017    25.8306  0.000e+00
     51.083     51.510     9.7050  36.262487    33.3849    140.604     0.2194      7.823    86.6550 2.2368e+00  3.3102444    25.7409  0.000e+00
     50.300     50.721    10.4346  36.917389    33.3767    142.661     0.2487      7.887    87.7395 2.4309e+00  2.4160137    25.6116  0.000e+00
     49.591     50.006    10.9482  37.385041    33.3754    149.250     0.3806      7.923    91.0964 2.6264e+00 -0.6641145    25.5208  0.000e+00
     48.926     49.335    11.0907  37.514897    33.3750    159.313     0.4978      7.946    93.4203 2.7971e+00 -0.7303538    25.4951  0.000e+00
     48.247     48.650    11.2639  37.680653    33.3821    166.029     0.5710      7.964    94.4790 2.9872e+00 -0.7303538    25.4695  0.000e+00
     47.527     47.923    11.7234  38.119454    33.3983    167.821     0.6003      7.981    95.0471 3.2266e+00 -0.7303538    25.3980  0.000e+00
     46.886     47.277    12.4189  38.773621    33.4096    168.861     0.5710      8.007    94.9438 3.4750e+00 -0.7634735    25.2755  0.000e+00
     46.311     46.698    13.0071  39.312519    33.4028    171.776     0.6003      8.033    94.5048 3.6788e+00 -0.7634735    25.1555  0.000e+00
     45.643     46.024    13.3088  39.605972    33.4147    177.253     0.7835      8.064    94.7114 3.9502e+00 -0.7634735    25.1045  0.000e+00
     44.952     45.327    13.6672  39.972542    33.4445    181.225     1.0326      8.086    94.2724 4.2655e+00 -0.7634735    25.0551  0.000e+00
     44.400     44.770    13.7502  40.087588    33.4795    185.898     1.1644      8.100    93.8335 4.5537e+00 -0.7634735    25.0651  0.000e+00
     43.854     44.220    13.9074  40.164216    33.4139    189.341     1.0179      8.113    94.5048 4.8062e+00 -0.7634735    24.9820  0.000e+00
     43.208     43.568    13.9911  40.280583    33.4493    191.011     1.1351      8.117    95.1504 5.1451e+00 -0.7634735    24.9920  0.000e+00
     42.595     42.950    14.1691  40.415935    33.4202    192.111     1.3183      8.121    94.9438 5.5705e+00 -0.7634735    24.9324  0.000e+00
     42.126     42.477    13.8132  40.151226    33.4847    195.031     1.2230      8.127    95.1246 5.8621e+00 -0.7303538    25.0560  0.000e+00
     41.632     41.979    14.2062  40.500355    33.4663    192.253     1.2157      8.130    95.3569 6.1515e+00 -0.6309949    24.9602  0.000e+00
     41.096     41.438    14.4877  40.768925    33.4698    191.836     1.3989      8.125    95.5119 6.4733e+00 -0.7634735    24.9036  0.000e+00
     40.608     40.946    14.6715  40.945851    33.4732    194.256     1.5527      8.124    95.3828 6.7734e+00 -0.7634735    24.8671  0.000e+00
