Arg_L2_F9_NV.cnv
* Sea-Bird SBE 9 Data File:
* FileName = S:\CTD_Data\CTD\Data\Argentina 2014\Data\Arg_L2_F9.hex
* Software Version Seasave V 7.21g
* Temperature SN = 5769
* Conductivity SN = 4244
* Number of Bytes Per Scan = 31
* Number of Voltage Words = 4
* Number of Scans Averaged by the Deck Unit = 24
* NMEA Latitude = 46 33.72 S
* NMEA Longitude = 065 50.87 W
* NMEA UTC (Time) = Feb 09 2014 20:02:01
* NMEA baud rate = 9600
** R/V Coriolis II
** MARES project, ARGENTINA 2014
** Chief scientist : Dr. Gustavo Ferreyra
** Co-Chief scientist : Dr. José Luis Esteves
# nquan = 13
# nvalues = 279                                   
# units = specified
# name 0 = depSM: Depth [salt water, m]
# name 1 = prDM: Pressure, Digiquartz [db]
# name 2 = t090C: Temperature [ITS-90, deg C]
# name 3 = c0mS/cm: Conductivity [mS/cm]
# name 4 = sal00: Salinity, Practical [PSU]
# name 5 = sbeox0Mm/Kg: Oxygen, SBE 43 [umol/Kg]
# name 6 = flECO-AFL: Fluorescence, WET Labs ECO-AFL/FL [mg/m^3]
# name 7 = ph: pH
# name 8 = CStarTr0: Beam Transmission, WET Labs C-Star [%]
# name 9 = par: PAR/Irradiance, Biospherical/Licor
# name 10 = upoly0: Upoly 0, Nitrate
# name 11 = sigma-é00: Density [sigma-theta, Kg/m^3]
# name 12 = flag:  0.000e+00
# span 0 =     -0.257,     80.136                 
# span 1 =     -0.259,     80.819                 
# span 2 =    10.8909,    14.6413                 
# span 3 =   9.416321,  40.610312                 
# span 4 =     6.7778,    33.3321                 
# span 5 =    183.069,    267.244                 
# span 6 =    -0.1323,     1.7578                 
# span 7 =      8.036,      8.266                 
# span 8 =    34.5209,    96.8288                 
# span 9 = 1.0000e-12, 1.2485e+03                 
# span 10 = -0.7634735,  0.5613128                
# span 11 =     4.4167,    25.3840                
# span 12 = 0.0000e+00, 0.0000e+00                
# interval = seconds: 1
# start_time = Feb 09 2014 20:02:01 [NMEA time, header]
# bad_flag = -9.990e-29
*END*
[from data line 223]
     27.769     28.002    13.3045  39.385830    33.2187    219.976     0.6150      8.218    94.8405 1.1236e+01 -0.7634735    24.9533  0.000e+00
     27.219     27.448    13.3488  39.431505    33.2232    219.941     0.6443      8.218    94.5823 1.2091e+01 -0.7634735    24.9479  0.000e+00
     26.580     26.803    13.4007  39.485803    33.2292    220.758     0.6809      8.222    94.4532 1.3012e+01 -0.7634735    24.9421  0.000e+00
     25.896     26.114    13.4474  39.538847    33.2384    220.397     0.7469      8.222    94.2208 1.4042e+01 -0.7634735    24.9398  0.000e+00
     25.192     25.403    13.5035  39.599440    33.2466    221.280     0.8567      8.226    93.9109 1.5196e+01 -0.7634735    24.9348  0.000e+00
     24.490     24.696    13.5551  39.654796    33.2537    220.597     0.8934      8.226    93.8335 1.6537e+01 -0.7634735    24.9298  0.000e+00
     24.002     24.203    13.6134  39.717649    33.2620    219.991     1.0106      8.226    93.8593 1.7695e+01 -0.7634735    24.9243  0.000e+00
     23.595     23.793    13.6579  39.766248    33.2688    220.834     1.0179      8.230    93.7302 1.8616e+01 -0.5978752    24.9205  0.000e+00
     23.080     23.273    13.7038  39.812099    33.2718    220.552     1.0399      8.230    93.5494 2.0202e+01 -0.5978752    24.9134  0.000e+00
     22.544     22.733    13.7207  39.830522    33.2746    220.199     1.1571      8.235    93.4720 2.1737e+01 -0.7634735    24.9121  0.000e+00
     22.123     22.308    13.7278  39.838897    33.2763    220.658     1.2230      8.235    93.3170 2.3855e+01 -0.7634735    24.9120  0.000e+00
     21.681     21.863    13.7783  39.892003    33.2821    220.204     1.1791      8.234    93.0330 2.5596e+01 -0.7634735    24.9061  0.000e+00
     21.112     21.289    13.7893  39.901478    33.2816    220.087     1.1864      8.234    92.9555 2.7079e+01 -0.7634735    24.9034  0.000e+00
     20.508     20.680    13.8065  39.921207    33.2853    221.399     1.2304      8.239    92.7748 2.9885e+01 -0.7634735    24.9027  0.000e+00
     19.924     20.091    13.8260  39.942037    33.2879    221.087     1.2524      8.239    92.6457 3.3073e+01 -0.7634735    24.9007  0.000e+00
     19.352     19.515    13.8522  39.970290    33.2917    220.140     1.3476      8.239    92.5940 3.5087e+01 -0.7634735    24.8983  0.000e+00
     18.775     18.933    13.8673  39.986226    33.2937    221.460     1.3915      8.239    92.5166 3.7965e+01 -0.7303538    24.8967  0.000e+00
     18.056     18.207    13.8922  40.011780    33.2961    221.322     1.3769      8.239    92.2067 4.1896e+01 -0.7634735    24.8933  0.000e+00
     17.215     17.359    13.8983  40.019071    33.2979    220.465     1.4062      8.243    91.9227 4.6756e+01 -0.7303538    24.8934  0.000e+00
     16.487     16.625    13.9188  40.038177    33.2981    220.703     1.5088      8.243    91.8710 5.3669e+01 -0.7303538    24.8894  0.000e+00
     15.907     16.040    13.9161  40.034817    33.2976    221.401     1.5527      8.243    91.5612 5.8561e+01 -0.7303538    24.8896  0.000e+00
     15.360     15.488    13.9202  40.036881    33.2961    221.169     1.5600      8.243    91.4837 6.2829e+01 -0.7303538    24.8875  0.000e+00
     14.721     14.844    13.9246  40.040430    33.2959    220.731     1.5893      8.248    91.2255 7.2116e+01 -0.7303538    24.8864  0.000e+00
     14.055     14.173    13.9306  40.046884    33.2970    222.437     1.6553      8.248    91.0447 8.1161e+01 -0.7303538    24.8860  0.000e+00
     13.521     13.634    13.9318  40.047915    33.2971    223.117     1.6919      8.248    90.8898 8.9056e+01 -0.7303538    24.8858  0.000e+00
     12.911     13.019    13.9340  40.049204    33.2966    223.492     1.5967      8.248    90.6574 9.3945e+01 -0.7303538    24.8850  0.000e+00
     11.983     12.084    13.9331  40.048296    33.2969    222.368     1.6846      8.248    90.5283 1.1765e+02 -0.6972342    24.8854  0.000e+00
     11.050     11.142    13.9403  40.055202    33.2974    221.509     1.6699      8.248    90.7090 1.3353e+02 -0.5647556    24.8843  0.000e+00
     10.359     10.446    13.9387  40.053585    33.2976    222.947     1.6260      8.248    90.6316 1.5027e+02 -0.5978752    24.8847  0.000e+00
      9.743      9.824    13.9393  40.051516    33.2955    223.980     1.6553      8.248    90.5283 1.6121e+02 -0.6641145    24.8830  0.000e+00
      9.087      9.163    13.9325  40.043119    33.2938    221.646     1.6260      8.248    90.2959 1.8555e+02 -0.5978752    24.8830  0.000e+00
      8.471      8.542    13.9296  40.038597    33.2924    223.145     1.5747      8.248    90.2959 1.8765e+02 -0.5647556    24.8825  0.000e+00
      7.786      7.851    13.9267  40.034914    33.2917    224.489     1.5674      8.248    90.1926 2.3832e+02 -0.6309949    24.8826  0.000e+00
      6.973      7.031    13.9275  40.034652    33.2912    222.915     1.4868      8.248    90.1668 2.8212e+02 -0.4985162    24.8820  0.000e+00
      6.422      6.475    13.9337  40.039621    33.2907    221.623     1.3915      8.252    90.2442 2.7507e+02 -0.5316359    24.8803  0.000e+00
      6.102      6.153    13.9661  40.074879    33.2954    222.358     1.4208      8.252    90.2442 3.3210e+02 -0.5647556    24.8772  0.000e+00
      5.663      5.711    14.1271  40.235572    33.3049    223.579     1.3549      8.251    90.2701 3.4836e+02 -0.5647556    24.8511  0.000e+00
      5.011      5.053    14.2479  40.357265    33.3130    225.356     1.0326      8.251    90.3475 4.1354e+02 -0.4985162    24.8321  0.000e+00
      4.494      4.531    14.3308  40.434240    33.3125    223.833     0.8567      8.251    90.3217 4.7462e+02 -0.5316359    24.8143  0.000e+00
      4.323      4.359    14.3595  40.465359    33.3164    223.853     0.9813      8.250    90.3475 4.8406e+02 -0.5647556    24.8112  0.000e+00
      4.134      4.169    14.3416  40.442990    33.3114    222.417     0.8494      8.250    90.3992 4.5888e+02 -0.4985162    24.8112  0.000e+00
      3.635      3.666    14.4234  40.532295    33.3231    221.393     0.6663      8.255    90.5283 4.4741e+02 -0.5978752    24.8029  0.000e+00
      3.038      3.063    14.4204  40.525415    33.3197    223.043     0.6223      8.255    90.5025 6.3942e+02 -0.6309949    24.8009  0.000e+00
      2.680      2.702    14.4120  40.518082    33.3203    223.560     0.6956      8.255    90.5283 8.0749e+02 -0.5316359    24.8031  0.000e+00
      2.370      2.390    14.4010  40.508091    33.3207    221.848     0.7395      8.255    90.5799 7.0953e+02 -0.6309949    24.8057  0.000e+00
      1.912      1.928    14.3908  40.499138    33.3215    221.835     0.6663      8.255    90.6058 7.9622e+02 -0.5647556    24.8085  0.000e+00
      1.170      1.180    14.3907  40.498875    33.3216    223.613     0.5930      8.255    90.5541 1.0607e+03 -0.6641145    24.8086  0.000e+00
      0.306      0.309    14.3229  40.429817    33.3170    224.056     0.6516      8.255    90.1410 1.2381e+03 -0.6309949    24.8193  0.000e+00
     -0.002     -0.002    14.3130  40.373822    33.2741    221.861     0.7322      8.255    71.2395 1.2485e+03 -0.6309949    24.7882  0.000e+00
     -0.257     -0.259    14.2647  11.787865     8.6586    267.244     0.7762      8.255    34.5209 1.1605e+03 -0.4985162     5.8773  0.000e+00
     -0.253     -0.255    14.3695   9.416321     6.7778    260.187     0.5344      8.255    66.3850 1.1573e+03 -0.4985162     4.4167  0.000e+00
     -0.253     -0.255    14.5483  12.437512     9.1090    242.782    -0.1030      8.254    74.5705 1.1379e+03 -0.4985162     6.1766  0.000e+00
     -0.253     -0.255    14.6178  14.258066    10.5418    233.410    -0.1176      8.226    70.8005 1.1671e+03 -0.4985162     7.2636  0.000e+00
     -0.248     -0.250    14.5661  16.735301    12.5600    223.775    -0.1176      8.194    67.1596 1.1540e+03 -0.4985162     8.8195  0.000e+00
     -0.252     -0.254    14.5708  18.755094    14.2161    215.409    -0.1176      8.185    66.9789 1.1508e+03 -0.4985162    10.0882  0.000e+00
     -0.255     -0.257    14.6413  14.646489    10.8469    216.418    -0.1323      8.180    66.9014 1.2003e+03 -0.4985162     7.4934  0.000e+00
