Arg_L1_T4_NV.cnv
* Sea-Bird SBE 9 Data File:
* FileName = S:\CTD_Data\CTD\Data\Argentina 2014\Data\Arg_L1_T4.hex
* Software Version Seasave V 7.21g
* Temperature SN = 5769
* Conductivity SN = 4244
* Number of Bytes Per Scan = 31
* Number of Voltage Words = 4
* Number of Scans Averaged by the Deck Unit = 24
* NMEA Latitude = 46 01.99 S
* NMEA Longitude = 060 15.45 W
* NMEA UTC (Time) = Feb 02 2014 11:18:56
* NMEA baud rate = 9600
** R/V Coriolis II
** MARES project, ARGENTINA 2014
** Chief scientist : Dr. Gustavo Ferreyra
** Co-Chief scientist : Dr. José Luis Esteves
# nquan = 12
# nvalues = 724                                   
# units = specified
# name 0 = depSM: Depth [salt water, m]
# name 1 = prDM: Pressure, Digiquartz [db]
# name 2 = t090C: Temperature [ITS-90, deg C]
# name 3 = c0mS/cm: Conductivity [mS/cm]
# name 4 = sal00: Salinity, Practical [PSU]
# name 5 = sbeox0Mm/Kg: Oxygen, SBE 43 [umol/Kg]
# name 6 = flECO-AFL: Fluorescence, WET Labs ECO-AFL/FL [mg/m^3]
# name 7 = ph: pH
# name 8 = CStarTr0: Beam Transmission, WET Labs C-Star [%]
# name 9 = upoly0: Upoly 0, Nitrate
# name 10 = sigma-é00: Density [sigma-theta, Kg/m^3]
# name 11 = flag:  0.000e+00
# span 0 =     -0.353,    134.675                 
# span 1 =     -0.356,    135.835                 
# span 2 =     5.6440,    11.7620                 
# span 3 =   3.983235,  38.293317                 
# span 4 =     2.9076,    33.8500                 
# span 5 =    201.659,    273.916                 
# span 6 =    -0.2715,    28.7542                 
# span 7 =      8.122,      8.385                 
# span 8 =    58.3028,    99.4368                 
# span 9 = -0.6309949,  10.960885                 
# span 10 =     1.8171,    26.6823                
# span 11 = 0.0000e+00, 0.0000e+00                
# interval = seconds: 1
# start_time = Feb 02 2014 11:18:56 [NMEA time, header]
# bad_flag = -9.990e-29
*END*
[from data line 602]
     20.331     20.500    10.7137  37.555486    33.7735    243.247     3.7725      8.370    90.0893 -0.4985162    25.8717  0.000e+00
     20.247     20.415    10.7125  37.554605    33.7738    243.250     3.8384      8.370    90.1668 -0.6309949    25.8722  0.000e+00
     20.707     20.879    10.7144  37.556746    33.7740    243.663     3.6626      8.370    90.2442 -0.4653966    25.8719  0.000e+00
     21.421     21.599    10.7071  37.550142    33.7738    243.724     3.5381      8.370    90.2959 -0.4653966    25.8731  0.000e+00
     21.778     21.959    10.6902  37.535609    33.7747    243.986     3.5600      8.370    90.0893 -0.5647556    25.8768  0.000e+00
     21.493     21.672    10.6949  37.539698    33.7746    243.952     3.5747      8.370    89.9602 -0.4653966    25.8759  0.000e+00
     20.914     21.088    10.7089  37.552783    33.7750    243.200     3.6480      8.370    90.1151 -0.4653966    25.8737  0.000e+00
     20.388     20.558    10.7201  37.561528    33.7737    243.126     3.7725      8.370    90.1410 -0.5316359    25.8707  0.000e+00
     20.313     20.482    10.7214  37.562849    33.7738    243.365     3.8311      8.370    90.1410 -0.4653966    25.8706  0.000e+00
     20.823     20.996    10.7175  37.559452    33.7738    243.811     3.7505      8.370    90.2184 -0.4653966    25.8712  0.000e+00
     21.452     21.631    10.6976  37.541837    33.7743    243.937     3.5967      8.370    90.2442 -0.4653966    25.8751  0.000e+00
     21.509     21.688    10.6926  37.538125    33.7751    243.715     3.5014      8.370    90.2701 -0.4653966    25.8766  0.000e+00
     20.830     21.004    10.7131  37.556495    33.7748    243.584     3.4648      8.370    90.2701 -0.4653966    25.8728  0.000e+00
     20.030     20.197    10.7265  37.567253    33.7736    242.672     3.6846      8.370    90.1410 -0.4653966    25.8695  0.000e+00
     19.552     19.715    10.7264  37.567251    33.7739    242.657     3.8165      8.374    90.0377 -0.4653966    25.8697  0.000e+00
     19.330     19.491    10.7275  37.568069    33.7738    243.141     3.7359      8.370    89.8569 -0.4653966    25.8694  0.000e+00
     18.870     19.028    10.7301  37.570521    33.7741    243.521     3.7798      8.374    89.9860 -0.4653966    25.8692  0.000e+00
     17.771     17.919    10.7663  37.604761    33.7754    243.699     3.6113      8.374    89.9860 -0.4653966    25.8638  0.000e+00
     16.469     16.606    10.8918  37.720481    33.7756    243.146     3.7432      8.374    89.8569 -0.4653966    25.8418  0.000e+00
     15.633     15.763    10.9599  37.778867    33.7714    244.134     3.7432      8.373    89.8311 -0.4653966    25.8263  0.000e+00
     15.411     15.540    11.0833  37.897900    33.7763    242.813     3.5674      8.368    90.6058 -0.4653966    25.8080  0.000e+00
     15.331     15.459    11.2190  38.009746    33.7627    240.359     3.2084      8.367    91.0189 -0.4653966    25.7729  0.000e+00
     14.761     14.884    11.2903  38.077233    33.7643    238.224     2.6516      8.367    92.2325 -0.4653966    25.7613  0.000e+00
     13.547     13.660    11.3685  38.147043    33.7621    234.710     2.2414      8.362    92.8781 -0.4985162    25.7453  0.000e+00
     12.189     12.290    11.4435  38.218363    33.7644    231.933     2.4538      8.362    92.7748 -0.4653966    25.7333  0.000e+00
     11.277     11.370    11.4893  38.257718    33.7617    230.271     2.3586      8.357    94.4532 -0.4653966    25.7228  0.000e+00
     11.075     11.167    11.4912  38.260253    33.7626    228.049     1.8824      8.357    94.8922 -0.4985162    25.7231  0.000e+00
     11.062     11.154    11.4945  38.264755    33.7639    227.396     1.4575      8.357    95.1762 -0.4653966    25.7236  0.000e+00
     10.513     10.600    11.5005  38.270268    33.7642    226.794     1.1278      8.357    95.8476 -0.4653966    25.7226  0.000e+00
      9.434      9.513    11.5005  38.269884    33.7642    226.051     0.7176      8.352    96.3382 -0.4985162    25.7226  0.000e+00
      8.304      8.373    11.4978  38.267724    33.7650    226.338     0.9080      8.352    96.0541 -0.4985162    25.7238  0.000e+00
      7.372      7.433    11.4940  38.263917    33.7652    226.952     0.9520      8.352    96.4931 -0.4653966    25.7246  0.000e+00
      6.728      6.784    11.4942  38.264168    33.7656    227.086     0.8055      8.352    96.7255 -0.4985162    25.7248  0.000e+00
      6.401      6.454    11.4988  38.268858    33.7661    227.130     0.5857      8.352    97.0095 -0.4985162    25.7244  0.000e+00
      6.339      6.392    11.5017  38.271521    33.7660    227.191     0.3879      8.352    97.2161 -0.4985162    25.7238  0.000e+00
      6.100      6.150    11.4999  38.269491    33.7658    227.427     0.3219      8.352    97.1386 -0.4985162    25.7239  0.000e+00
      5.390      5.434    11.5027  38.272849    33.7669    227.234     0.3586      8.352    97.1903 -0.4985162    25.7243  0.000e+00
      4.362      4.398    11.5059  38.275001    33.7666    227.189     0.3439      8.352    97.0870 -0.4985162    25.7234  0.000e+00
      3.472      3.501    11.5045  38.273666    33.7669    227.012     0.4831      8.352    97.0612 -0.4985162    25.7239  0.000e+00
      3.290      3.317    11.5054  38.274489    33.7670    227.002     0.3732      8.352    97.1128 -0.4985162    25.7238  0.000e+00
      3.363      3.391    11.5052  38.274553    33.7672    227.631     0.3513      8.352    97.0870 -0.5647556    25.7240  0.000e+00
      3.168      3.194    11.5058  38.274933    33.7671    227.230     0.4172      8.352    97.1386 -0.6309949    25.7237  0.000e+00
      3.014      3.039    11.5046  38.273728    33.7671    226.606     0.3293      8.352    97.1903 -0.6309949    25.7240  0.000e+00
      2.508      2.529    11.5044  38.273662    33.7674    227.218     0.2780      8.347    97.1386 -0.6309949    25.7242  0.000e+00
      1.502      1.515    11.5039  38.272708    33.7674    227.033     0.3000      8.347    97.0870 -0.6309949    25.7243  0.000e+00
      1.101      1.110    11.5011  38.270233    33.7676    227.192     0.3366      8.352    97.1386 -0.6309949    25.7250  0.000e+00
      1.395      1.407    11.5003  38.269791    33.7678    227.439     0.3219      8.352    97.1128 -0.6309949    25.7253  0.000e+00
      1.611      1.624    11.5062  38.275434    33.7679    226.790     0.2707      8.352    97.0870 -0.6309949    25.7243  0.000e+00
      1.605      1.619    11.5037  38.272835    33.7677    226.411     0.3000      8.352    97.1645 -0.6309949    25.7246  0.000e+00
      1.707      1.721    11.5053  38.274484    33.7677    227.032     0.2853      8.347    97.2161 -0.6309949    25.7243  0.000e+00
      1.731      1.745    11.5064  38.275562    33.7678    227.652     0.3000      8.347    97.0354 -0.6309949    25.7242  0.000e+00
      1.620      1.633    11.5081  38.277273    33.7679    227.406     0.3293      8.347    97.0612 -0.6309949    25.7239  0.000e+00
      1.613      1.626    11.5086  38.277844    33.7680    226.778     0.3439      8.347    97.2161 -0.5978752    25.7239  0.000e+00
      1.883      1.899    11.5099  38.279367    33.7683    227.171     0.2853      8.352    97.0870 -0.5978752    25.7239  0.000e+00
      1.975      1.991    11.5105  38.279874    33.7682    227.405     0.2926      8.347    97.0870 -0.6309949    25.7237  0.000e+00
      1.653      1.667    11.5089  38.278224    33.7682    226.778     0.2853      8.352    97.1386 -0.6309949    25.7240  0.000e+00
      1.579      1.592    11.5082  38.277590    33.7682    226.779     0.2780      8.347    97.2161 -0.6309949    25.7242  0.000e+00
      1.925      1.941    11.5095  38.279240    33.7685    227.016     0.2633      8.347    97.0612 -0.6309949    25.7241  0.000e+00
      2.138      2.156    11.5106  38.280382    33.7685    227.408     0.2633      8.347    97.0354 -0.6309949    25.7239  0.000e+00
      1.679      1.693    11.5095  38.279112    33.7685    227.009     0.2853      8.352    97.1645 -0.6309949    25.7241  0.000e+00
      1.424      1.436    11.5094  38.278921    33.7685    226.768     0.3146      8.347    97.1128 -0.6309949    25.7242  0.000e+00
      1.572      1.585    11.5093  38.278922    33.7685    227.398     0.3073      8.347    97.1645 -0.6309949    25.7242  0.000e+00
      1.607      1.620    11.5093  38.278985    33.7686    227.008     0.3146      8.352    97.0354 -0.6309949    25.7243  0.000e+00
      2.072      2.089    11.5091  38.279177    33.7687    226.788     0.3000      8.347    97.1903 -0.6309949    25.7244  0.000e+00
      2.362      2.382    11.5090  38.278988    33.7685    227.422     0.2780      8.347    97.2678 -0.6309949    25.7242  0.000e+00
      1.732      1.747    11.5078  38.277591    33.7685    227.018     0.2414      8.347    97.1645 -0.6309949    25.7244  0.000e+00
      1.154      1.163    11.5062  38.276003    33.7687    226.776     0.2707      8.352    96.9321 -0.6309949    25.7249  0.000e+00
      1.487      1.500    11.5067  38.276766    33.7688    227.016     0.2780      8.347    96.9321 -0.6309949    25.7249  0.000e+00
      1.969      1.985    11.5081  38.278099    33.7686    227.024     0.2633      8.352    97.0354 -0.6309949    25.7245  0.000e+00
      1.758      1.772    11.5078  38.277971    33.7688    227.018     0.2487      8.352    97.1128 -0.6309949    25.7247  0.000e+00
      1.782      1.797    11.5076  38.277718    33.7687    227.020     0.2560      8.347    97.1128 -0.6309949    25.7247  0.000e+00
      1.765      1.780    11.5074  38.277527    33.7687    227.021     0.2780      8.347    97.1128 -0.6309949    25.7247  0.000e+00
      1.566      1.579    11.5069  38.276956    33.7687    227.017     0.3000      8.347    97.0612 -0.6309949    25.7248  0.000e+00
      1.621      1.635    11.5071  38.277146    33.7687    227.018     0.3073      8.347    97.0612 -0.6309949    25.7248  0.000e+00
      1.765      1.780    11.5076  38.277401    33.7685    226.629     0.3146      8.347    97.0612 -0.6309949    25.7245  0.000e+00
      1.992      2.008    11.5075  38.277782    33.7688    227.027     0.2560      8.347    97.1128 -0.6309949    25.7248  0.000e+00
      2.200      2.218    11.5071  38.277466    33.7688    227.269     0.2707      8.347    97.1386 -0.6309949    25.7248  0.000e+00
      1.969      1.985    11.5069  38.277338    33.7689    226.637     0.3806      8.347    97.1903 -0.6309949    25.7249  0.000e+00
      1.780      1.795    11.5061  38.276450    33.7689    226.636     0.3219      8.347    97.1128 -0.6309949    25.7251  0.000e+00
      1.769      1.784    11.5076  38.277527    33.7686    226.863     0.3219      8.347    97.1645 -0.6309949    25.7246  0.000e+00
      2.045      2.062    11.5072  38.277528    33.7688    226.872     0.3000      8.347    97.1128 -0.6309949    25.7248  0.000e+00
      2.500      2.521    11.5070  38.277594    33.7689    226.886     0.2853      8.347    97.0354 -0.6309949    25.7249  0.000e+00
      2.626      2.647    11.5070  38.277594    33.7688    226.890     0.3000      8.352    97.0354 -0.5647556    25.7248  0.000e+00
      2.537      2.558    11.5065  38.277150    33.7689    227.281     0.3000      8.347    96.9579 -0.6309949    25.7251  0.000e+00
      2.448      2.468    11.5065  38.276959    33.7688    227.279     0.2926      8.347    96.9837 -0.6309949    25.7249  0.000e+00
      2.421      2.441    11.5062  38.276832    33.7689    227.045     0.2707      8.347    97.0870 -0.6309949    25.7251  0.000e+00
      2.402      2.422    11.5061  38.276642    33.7688    227.437     0.3659      8.347    97.0095 -0.6309949    25.7250  0.000e+00
      2.347      2.366    11.5058  38.276515    33.7690    227.045     0.3366      8.347    97.1386 -0.6309949    25.7252  0.000e+00
      2.465      2.486    11.5058  38.276452    33.7689    226.815     0.2780      8.347    97.2161 -0.6309949    25.7252  0.000e+00
      2.615      2.636    11.5063  38.276960    33.7689    227.050     0.4099      8.347    97.1386 -0.6309949    25.7251  0.000e+00
      2.361      2.381    11.5056  38.276198    33.7688    227.046     0.3366      8.347    97.1645 -0.6309949    25.7251  0.000e+00
      2.133      2.150    11.5065  38.277022    33.7690    227.035     0.2926      8.347    97.0612 -0.6309949    25.7251  0.000e+00
      2.130      2.148    11.5065  38.276831    33.7688    226.644     0.2780      8.347    97.0612 -0.6309949    25.7249  0.000e+00
      2.423      2.443    11.5062  38.276959    33.7690    227.045     0.2853      8.347    97.1386 -0.6309949    25.7252  0.000e+00
      2.878      2.902    11.5075  38.278483    33.7691    226.894     0.2853      8.347    97.1645 -0.6309949    25.7250  0.000e+00
      2.912      2.936    11.5075  38.278356    33.7690    226.661     0.2780      8.352    97.1903 -0.6309949    25.7249  0.000e+00
      2.323      2.342    11.5066  38.277213    33.7690    226.883     0.3000      8.347    97.1903 -0.6309949    25.7251  0.000e+00
      1.819      1.834    11.5054  38.276006    33.7691    226.873     0.2780      8.347    97.1128 -0.6309949    25.7253  0.000e+00
      1.881      1.896    11.5056  38.276323    33.7692    226.874     0.2780      8.347    97.1128 -0.6309949    25.7254  0.000e+00
      2.498      2.519    11.5065  38.277277    33.7691    226.888     0.2633      8.352    97.0612 -0.6309949    25.7252  0.000e+00
      2.843      2.867    11.5071  38.277912    33.7689    226.895     0.2780      8.347    97.1645 -0.6309949    25.7249  0.000e+00
      2.447      2.468    11.5069  38.277593    33.7690    227.276     0.2707      8.352    97.0870 -0.6309949    25.7250  0.000e+00
      1.651      1.665    11.5058  38.276196    33.7690    227.258     0.2926      8.347    96.9837 -0.6309949    25.7252  0.000e+00
      1.026      1.035    11.5051  38.275179    33.7689    227.010     0.3073      8.352    97.0095 -0.6309949    25.7252  0.000e+00
      0.450      0.454    11.5050  38.275113    33.7691    226.993     0.3073      8.347    96.5964 -0.6309949    25.7254  0.000e+00
      0.044      0.045    11.5061  38.275365    33.7686    226.977     0.3219      8.352    94.8147 -0.6309949    25.7248  0.000e+00
     -0.353     -0.356    11.4910  10.452910     8.1803    272.607     0.1754      8.347    77.6949 -0.5316359     5.9097  0.000e+00
     -0.346     -0.349    11.4975   6.952111     5.2756    273.916    -0.1323      8.347    68.2183 -0.4985162     3.6596  0.000e+00
     -0.343     -0.346    11.5180   5.483213     4.0901    264.228    -0.2715      8.352    64.6549 -0.4985162     2.7378  0.000e+00
     -0.343     -0.346    11.5344   4.863867     3.5974    250.243     2.8714      8.347    60.2394 -0.4985162     2.3535  0.000e+00
     -0.340     -0.343    11.5405   3.983235     2.9076    239.934    28.7542      8.347    67.5469 -0.4985162     1.8171  0.000e+00
     -0.334     -0.337    11.5536   7.350919     5.5924    228.448    -0.1176      8.342    64.3450 -0.4985162     3.8982  0.000e+00
     -0.338     -0.341    11.5725   9.840915     7.6485    221.165    -0.1323      8.347    58.3028 -0.4985162     5.4878  0.000e+00
     -0.334     -0.337    11.5786  10.821151     8.4716    217.748    -0.1103      8.347    59.3098 -0.5978752     6.1239  0.000e+00
     -0.331     -0.334    11.5815  23.277668    19.4667    201.659    -0.1323      8.347    61.5047 -0.5647556    14.6245  0.000e+00
     -0.344     -0.347    11.5866  23.822997    19.9640    203.298    -0.1249      8.347    61.6338 -0.4985162    15.0084  0.000e+00
     -0.351     -0.354    11.6042  20.600591    17.0224    216.585    -0.1616      8.352    61.5305 -0.4653966    12.7309  0.000e+00
     -0.340     -0.342    11.6239  22.783475    18.9931    231.615    -0.1616      8.351    60.8849 -0.4985162    14.2518  0.000e+00
     -0.330     -0.332    11.6236  20.648782    17.0569    245.772    -0.1249      8.347    61.0140 -0.4653966    12.7548  0.000e+00
