Arg_L2_F1_NV.cnv
* Sea-Bird SBE 9 Data File:
* FileName = S:\CTD_Data\CTD\Data\Argentina 2014\Data\Arg_L2_F1.hex
* Software Version Seasave V 7.21g
* Temperature SN = 5769
* Conductivity SN = 4244
* Number of Bytes Per Scan = 31
* Number of Voltage Words = 4
* Number of Scans Averaged by the Deck Unit = 24
* NMEA Latitude = 46 33.58 S
* NMEA Longitude = 065 51.09 W
* NMEA UTC (Time) = Feb 06 2014 21:28:04
* NMEA baud rate = 9600
** R/V Coriolis II
** MARES project, ARGENTINA 2014
** Chief scientist : Dr. Gustavo Ferreyra
** Co-Chief scientist : Dr. José Luis Esteves
# nquan = 13
# nvalues = 669                                   
# units = specified
# name 0 = depSM: Depth [salt water, m]
# name 1 = prDM: Pressure, Digiquartz [db]
# name 2 = t090C: Temperature [ITS-90, deg C]
# name 3 = c0mS/cm: Conductivity [mS/cm]
# name 4 = sal00: Salinity, Practical [PSU]
# name 5 = sbeox0Mm/Kg: Oxygen, SBE 43 [umol/Kg]
# name 6 = flECO-AFL: Fluorescence, WET Labs ECO-AFL/FL [mg/m^3]
# name 7 = ph: pH
# name 8 = CStarTr0: Beam Transmission, WET Labs C-Star [%]
# name 9 = par: PAR/Irradiance, Biospherical/Licor
# name 10 = upoly0: Upoly 0, Nitrate
# name 11 = sigma-é00: Density [sigma-theta, Kg/m^3]
# name 12 = flag:  0.000e+00
# span 0 =     -0.297,     84.302                 
# span 1 =     -0.299,     85.022                 
# span 2 =    10.8705,    12.9543                 
# span 3 =  17.478764,  38.727468                 
# span 4 =    13.8324,    33.2006                 
# span 5 =    174.273,    264.832                 
# span 6 =    -0.2422,    25.1058                 
# span 7 =      8.007,      8.188                 
# span 8 =     6.3494,    96.0025                 
# span 9 = 1.0000e-12, 1.0112e+03                 
# span 10 = -0.5316359,  18.412809                
# span 11 =    10.1069,    25.3987                
# span 12 = 0.0000e+00, 0.0000e+00                
# interval = seconds: 1
# start_time = Feb 06 2014 21:28:04 [NMEA time, header]
# bad_flag = -9.990e-29
*END*
[from data line 445]
     17.106     17.250    12.4982  38.540802    33.1286    223.452     0.1974      8.160    95.7443 2.1134e+01  4.0388769    25.0416  0.000e+00
     16.704     16.844    12.5046  38.546268    33.1283    224.317     0.2047      8.165    95.7185 2.2676e+01  3.7076803    25.0402  0.000e+00
     16.206     16.342    12.5253  38.562418    33.1257    224.208     0.1754      8.165    95.7443 2.3990e+01  3.4758427    25.0342  0.000e+00
     15.381     15.510    12.5469  38.580668    33.1246    223.424     0.1681      8.165    95.6668 2.6106e+01  4.2044752    25.0291  0.000e+00
     14.439     14.560    12.5709  38.603184    33.1253    223.657     0.1901      8.165    95.6668 2.9969e+01  3.8070393    25.0250  0.000e+00
     13.594     13.708    12.6110  38.640534    33.1261    224.190     0.1828      8.169    95.6410 3.5685e+01  4.1382359    25.0178  0.000e+00
     12.820     12.927    12.6570  38.683056    33.1265    224.848     0.1828      8.169    95.5893 4.0163e+01  4.3038342    25.0092  0.000e+00
     12.083     12.184    12.6765  38.700374    33.1262    224.671     0.1754      8.169    95.6410 4.2489e+01  3.8070393    25.0051  0.000e+00
     11.411     11.507    12.6766  38.700626    33.1266    225.487     0.2047      8.169    95.5635 4.7153e+01  3.5089624    25.0054  0.000e+00
     11.034     11.126    12.6772  38.700879    33.1264    225.256     0.2853      8.169    95.4861 5.4737e+01  3.4758427    25.0052  0.000e+00
     10.876     10.967    12.6775  38.701579    33.1270    224.378     0.3439      8.169    95.2537 5.4737e+01  3.5420821    25.0056  0.000e+00
     10.671     10.760    12.6799  38.703999    33.1272    225.105     0.3879      8.169    95.1762 6.0743e+01  3.7076803    25.0053  0.000e+00
     10.613     10.702    12.6802  38.704572    33.1275    225.101     0.4099      8.169    95.0729 6.1258e+01  3.6083214    25.0054  0.000e+00
     10.643     10.732    12.6823  38.706610    33.1277    224.285     0.4025      8.169    94.9696 6.1604e+01  3.5089624    25.0052  0.000e+00
     10.237     10.323    12.6821  38.706481    33.1278    225.018     0.4025      8.169    95.1246 6.6653e+01  4.0388769    25.0053  0.000e+00
      9.442      9.521    12.6757  38.700874    33.1284    225.242     0.3952      8.169    95.1762 8.2542e+01  4.3700735    25.0070  0.000e+00
      8.920      8.995    12.6789  38.703483    33.1283    224.777     0.3366      8.174    95.2278 8.4184e+01  4.5025521    25.0063  0.000e+00
      9.140      9.217    12.6809  38.705522    33.1285    224.402     0.3439      8.169    95.0213 9.1083e+01  4.3700735    25.0060  0.000e+00
      9.552      9.632    12.6822  38.706670    33.1282    225.152     0.3659      8.174    94.9954 7.2319e+01  4.0057573    25.0056  0.000e+00
      9.589      9.669    12.6830  38.707625    33.1284    225.366     0.4245      8.169    95.1246 7.2932e+01  3.4096034    25.0056  0.000e+00
      9.369      9.447    12.6830  38.707561    33.1284    224.925     0.4245      8.174    95.1246 7.2116e+01  3.5752017    25.0056  0.000e+00
      9.362      9.440    12.6802  38.704822    33.1283    224.938     0.4245      8.174    95.0471 8.7812e+01  3.8732786    25.0060  0.000e+00
      9.591      9.671    12.6804  38.705269    33.1285    224.572     0.4465      8.174    95.0471 6.2126e+01  3.9063983    25.0061  0.000e+00
      9.738      9.819    12.6788  38.703868    33.1284    225.699     0.4538      8.174    95.0729 6.4986e+01  4.0057573    25.0064  0.000e+00
      9.683      9.764    12.6831  38.708135    33.1288    226.267     0.4392      8.174    94.7631 6.0232e+01  4.0057573    25.0058  0.000e+00
      9.457      9.536    12.6841  38.709090    33.1289    225.602     0.4392      8.174    94.9954 6.2126e+01  4.4694325    25.0057  0.000e+00
      9.216      9.293    12.6837  38.708515    33.1288    225.380     0.4318      8.174    94.9438 6.9331e+01  4.3038342    25.0057  0.000e+00
      9.161      9.238    12.6835  38.708452    33.1289    224.263     0.4099      8.174    94.9954 7.3138e+01  4.0388769    25.0059  0.000e+00
      9.425      9.504    12.6833  38.708325    33.1289    224.644     0.4831      8.174    94.9954 6.4440e+01  3.8070393    25.0059  0.000e+00
      9.759      9.841    12.6829  38.708263    33.1290    224.563     0.6077      8.174    95.0471 5.4277e+01  4.4363128    25.0060  0.000e+00
      9.800      9.882    12.6829  38.708135    33.1289    224.348     0.3732      8.174    95.0987 6.0402e+01  4.8337487    25.0060  0.000e+00
      9.527      9.606    12.6840  38.709154    33.1290    224.769     0.4025      8.174    95.0471 6.2829e+01  4.4694325    25.0058  0.000e+00
      9.304      9.381    12.6834  38.708516    33.1291    225.138     0.4245      8.174    95.0213 6.8942e+01  3.8070393    25.0060  0.000e+00
      9.417      9.495    12.6843  38.709599    33.1292    225.508     0.4099      8.174    95.0471 7.4174e+01  3.8070393    25.0059  0.000e+00
      9.714      9.795    12.6850  38.710428    33.1293    225.296     0.3879      8.174    95.0471 6.1604e+01  4.6681504    25.0058  0.000e+00
      9.739      9.821    12.6850  38.710365    33.1292    224.707     0.4025      8.174    94.9954 6.7029e+01  4.6019111    25.0058  0.000e+00
      9.374      9.453    12.6830  38.708198    33.1291    225.079     0.4172      8.174    95.0987 7.9132e+01  3.9726376    25.0061  0.000e+00
      9.119      9.195    12.6827  38.707942    33.1291    225.290     0.4172      8.174    95.0729 8.5617e+01  3.5752017    25.0062  0.000e+00
      9.329      9.407    12.6846  38.710045    33.1294    225.069     0.4318      8.174    95.0729 8.1161e+01  3.4096034    25.0061  0.000e+00
      9.667      9.748    12.6856  38.711065    33.1294    224.702     0.4831      8.174    95.0729 7.4383e+01  3.6083214    25.0058  0.000e+00
      9.683      9.764    12.6856  38.711256    33.1295    225.074     0.5857      8.174    94.9696 8.0479e+01  3.4758427    25.0059  0.000e+00
      9.390      9.468    12.6848  38.710108    33.1293    224.916     0.4025      8.174    95.0213 8.9811e+01  3.0784068    25.0059  0.000e+00
      9.273      9.350    12.6855  38.711000    33.1295    225.063     0.4172      8.174    95.0471 1.0107e+02  4.0388769    25.0059  0.000e+00
      9.481      9.561    12.6865  38.711956    33.1295    224.538     0.4318      8.174    94.9954 8.9558e+01  4.3038342    25.0057  0.000e+00
      9.658      9.738    12.6860  38.711574    33.1295    225.444     0.4685      8.174    94.9438 9.0572e+01  4.0719966    25.0058  0.000e+00
      9.631      9.711    12.6866  38.712211    33.1296    226.247     0.4904      8.174    94.9696 8.9307e+01  3.7408000    25.0058  0.000e+00
      9.464      9.544    12.6866  38.712083    33.1295    224.846     0.4611      8.174    94.9954 9.5813e+01  4.2044752    25.0057  0.000e+00
      9.345      9.423    12.6860  38.711446    33.1295    224.256     0.4611      8.174    94.9954 1.1536e+02  3.5089624    25.0058  0.000e+00
      9.384      9.463    12.6861  38.711637    33.1296    225.063     0.4611      8.174    94.8922 1.1184e+02  3.5752017    25.0059  0.000e+00
      9.493      9.572    12.6864  38.712020    33.1296    224.910     0.4538      8.174    94.9180 1.0602e+02  3.8732786    25.0059  0.000e+00
      9.531      9.610    12.6852  38.710873    33.1296    225.444     0.4685      8.174    94.9954 1.0396e+02  3.2771248    25.0061  0.000e+00
      9.596      9.676    12.6860  38.711765    33.1297    224.915     0.4831      8.174    94.9954 1.0337e+02  4.1713556    25.0060  0.000e+00
      9.687      9.768    12.6858  38.711638    33.1298    224.112     0.4978      8.174    95.0213 1.0966e+02  4.4363128    25.0061  0.000e+00
      9.755      9.836    12.6854  38.711256    33.1297    224.550     0.4831      8.174    94.8663 1.0366e+02  4.1713556    25.0061  0.000e+00
      9.755      9.836    12.6812  38.706670    33.1290    225.533     0.4245      8.174    95.0471 1.0396e+02  3.1115265    25.0063  0.000e+00
      9.581      9.662    12.6824  38.707434    33.1288    225.151     0.4465      8.178    95.1504 9.7994e+01  3.7739197    25.0059  0.000e+00
      9.332      9.410    12.6812  38.706350    33.1289    224.342     0.4392      8.178    95.1246 1.0753e+02  3.5420821    25.0063  0.000e+00
      9.328      9.406    12.6817  38.707242    33.1293    223.813     0.4318      8.174    95.0471 1.0222e+02  3.7408000    25.0065  0.000e+00
      9.481      9.561    12.6827  38.707752    33.1289    224.030     0.4318      8.178    95.1246 9.5544e+01  4.1713556    25.0060  0.000e+00
      9.589      9.669    12.6821  38.707307    33.1289    224.843     0.4318      8.178    95.0471 7.9578e+01  3.7408000    25.0061  0.000e+00
      9.638      9.718    12.6823  38.707562    33.1289    225.588     0.4538      8.178    95.0987 7.9578e+01  4.0388769    25.0061  0.000e+00
      9.670      9.751    12.6754  38.700301    33.1281    225.033     0.4465      8.174    95.1246 7.1913e+01  4.2044752    25.0068  0.000e+00
      9.676      9.757    12.6826  38.707880    33.1289    224.190     0.3806      8.178    95.0987 7.0313e+01  3.8732786    25.0060  0.000e+00
      9.683      9.764    12.6833  38.708645    33.1291    225.149     0.4245      8.178    95.0729 7.1510e+01  3.7739197    25.0061  0.000e+00
      9.699      9.780    12.6830  38.708326    33.1290    225.368     0.4538      8.178    95.0987 6.7788e+01  4.1382359    25.0060  0.000e+00
      9.676      9.757    12.6721  38.696862    33.1277    224.987     0.4611      8.178    95.1246 6.6841e+01  4.0719966    25.0072  0.000e+00
      9.590      9.670    12.6724  38.697308    33.1279    224.982     0.4538      8.178    95.0987 7.2319e+01  3.8732786    25.0073  0.000e+00
      9.398      9.477    12.6689  38.694123    33.1280    224.621     0.3732      8.178    95.3569 8.2542e+01  3.8732786    25.0080  0.000e+00
      9.250      9.328    12.6720  38.697052    33.1282    225.346     0.3366      8.178    95.2278 8.3947e+01  3.5752017    25.0075  0.000e+00
      9.460      9.539    12.6747  38.699791    33.1283    225.184     0.3219      8.178    95.1762 8.9307e+01  3.5752017    25.0071  0.000e+00
      9.831      9.913    12.6784  38.703741    33.1287    224.742     0.3439      8.178    95.2795 8.0933e+01  3.6083214    25.0067  0.000e+00
      9.895      9.977    12.6815  38.707053    33.1291    224.946     0.3366      8.178    95.3311 8.4184e+01  3.8070393    25.0064  0.000e+00
      9.702      9.783    12.6777  38.702785    33.1284    225.704     0.3219      8.178    95.3053 9.4210e+01  3.7076803    25.0066  0.000e+00
      9.510      9.589    12.6781  38.703294    33.1287    224.952     0.3513      8.178    95.2795 1.0844e+02  3.7408000    25.0067  0.000e+00
      9.403      9.481    12.6769  38.702020    33.1285    224.519     0.3806      8.178    95.2537 1.1439e+02  3.7739197    25.0068  0.000e+00
      9.482      9.561    12.6806  38.705396    33.1285    224.567     0.3732      8.178    95.2020 1.0813e+02  3.9063983    25.0061  0.000e+00
      9.632      9.713    12.6812  38.706734    33.1291    224.940     0.3806      8.178    95.0471 1.0813e+02  3.1446462    25.0065  0.000e+00
      9.637      9.717    12.6839  38.708708    33.1287    225.518     0.4099      8.178    94.8922 1.0874e+02  4.0057573    25.0056  0.000e+00
      9.538      9.618    12.6850  38.709982    33.1289    224.919     0.4538      8.178    95.0987 1.1216e+02  3.9063983    25.0056  0.000e+00
      9.438      9.517    12.6844  38.709344    33.1289    224.702     0.4465      8.178    95.0987 1.0966e+02  3.6083214    25.0057  0.000e+00
      9.500      9.580    12.6836  38.708644    33.1289    225.669     0.4172      8.178    95.0987 1.2135e+02  3.3764838    25.0058  0.000e+00
      9.672      9.753    12.6825  38.707498    33.1287    224.936     0.3879      8.178    95.0729 1.0337e+02  3.4758427    25.0059  0.000e+00
      9.660      9.740    12.6807  38.705778    33.1287    224.509     0.4025      8.178    94.9954 1.0722e+02  3.7739197    25.0062  0.000e+00
      9.440      9.518    12.6811  38.706096    33.1287    225.308     0.4025      8.178    95.0987 1.2272e+02  3.9395179    25.0062  0.000e+00
      9.348      9.426    12.6757  38.700045    33.1277    223.844     0.4099      8.178    95.1246 1.2307e+02  4.0719966    25.0064  0.000e+00
      9.574      9.653    12.6727  38.697945    33.1283    224.390     0.4172      8.178    95.1762 1.0662e+02  3.8070393    25.0075  0.000e+00
      9.871      9.953    12.6737  38.699092    33.1283    225.264     0.3879      8.178    95.2278 9.4741e+01  3.4096034    25.0073  0.000e+00
      9.840      9.922    12.6753  38.700811    33.1286    225.192     0.3806      8.178    95.2020 1.0874e+02  3.2771248    25.0072  0.000e+00
      9.480      9.560    12.6783  38.703612    33.1288    225.167     0.3879      8.178    95.2020 1.1732e+02  3.4427231    25.0068  0.000e+00
      9.237      9.314    12.6796  38.705076    33.1292    224.936     0.3879      8.178    95.1504 1.2203e+02  3.3764838    25.0068  0.000e+00
      9.371      9.449    12.6795  38.705077    33.1291    224.940     0.3146      8.178    95.1762 1.2067e+02  3.7739197    25.0068  0.000e+00
      9.643      9.723    12.6793  38.704950    33.1291    224.949     0.3732      8.178    95.0987 1.0222e+02  4.1382359    25.0068  0.000e+00
      9.719      9.800    12.6793  38.705142    33.1293    224.579     0.4099      8.178    95.1246 1.1375e+02  4.1051162    25.0070  0.000e+00
      9.537      9.617    12.6798  38.705460    33.1292    224.944     0.4172      8.178    95.0471 1.0279e+02  3.6745607    25.0068  0.000e+00
      9.393      9.472    12.6812  38.706860    33.1294    224.406     0.4318      8.178    94.9696 1.1832e+02  3.4096034    25.0067  0.000e+00
      9.646      9.726    12.6809  38.706989    33.1297    224.197     0.4245      8.178    95.0213 1.1059e+02  3.3433641    25.0070  0.000e+00
     10.076     10.160    12.6806  38.706990    33.1297    225.017     0.4245      8.178    94.9180 9.4741e+01  3.4758427    25.0070  0.000e+00
      9.991     10.075    12.6802  38.706735    33.1298    224.644     0.4465      8.178    95.0213 9.6354e+01  3.9395179    25.0072  0.000e+00
      9.367      9.445    12.6803  38.706287    33.1296    224.037     0.4245      8.178    95.0471 1.1216e+02  3.5752017    25.0070  0.000e+00
      8.959      9.034    12.6794  38.705139    33.1295    224.620     0.3952      8.178    95.0729 1.3056e+02  3.4758427    25.0071  0.000e+00
      9.007      9.082    12.6795  38.705330    33.1296    224.838     0.3659      8.178    95.0729 1.1311e+02  3.5420821    25.0071  0.000e+00
      8.969      9.044    12.6801  38.705840    33.1295    224.616     0.3879      8.178    94.9954 1.1898e+02  3.8070393    25.0069  0.000e+00
      8.669      8.741    12.6800  38.705775    33.1296    224.980     0.3952      8.178    95.0471 1.2765e+02  3.3764838    25.0071  0.000e+00
      8.033      8.100    12.6801  38.705581    33.1296    224.217     0.3952      8.178    95.0729 1.3695e+02  3.5752017    25.0070  0.000e+00
      7.386      7.448    12.6800  38.705006    33.1295    224.354     0.3806      8.178    94.9954 1.6863e+02  3.8070393    25.0069  0.000e+00
      6.999      7.057    12.6802  38.705068    33.1295    225.521     0.3586      8.178    94.8405 1.4651e+02  4.1713556    25.0069  0.000e+00
      6.751      6.807    12.6809  38.705704    33.1296    225.293     0.3732      8.178    95.0213 1.7198e+02  3.7408000    25.0068  0.000e+00
      6.276      6.328    12.6789  38.703537    33.1295    224.854     0.4099      8.178    95.0729 1.7442e+02  3.9395179    25.0071  0.000e+00
      5.552      5.598    12.6774  38.702196    33.1298    224.840     0.4025      8.178    95.0729 2.1904e+02  3.6745607    25.0076  0.000e+00
      4.985      5.027    12.6780  38.702385    33.1297    224.449     0.3659      8.178    95.0729 2.5424e+02  3.2440051    25.0074  0.000e+00
