Arg_L2_F6_NV.cnv
* Sea-Bird SBE 9 Data File:
* FileName = S:\CTD_Data\CTD\Data\Argentina 2014\Data\Arg_L2_F6.hex
* Software Version Seasave V 7.21g
* Temperature SN = 5769
* Conductivity SN = 4244
* Number of Bytes Per Scan = 31
* Number of Voltage Words = 4
* Number of Scans Averaged by the Deck Unit = 24
* NMEA Latitude = 46 29.68 S
* NMEA Longitude = 066 00.79 W
* NMEA UTC (Time) = Feb 08 2014 16:26:45
* NMEA baud rate = 9600
** R/V Coriolis II
** MARES project, ARGENTINA 2014
** Chief scientist : Dr. Gustavo Ferreyra
** Co-Chief scientist : Dr. José Luis Esteves
# nquan = 13
# nvalues = 584                                   
# units = specified
# name 0 = depSM: Depth [salt water, m]
# name 1 = prDM: Pressure, Digiquartz [db]
# name 2 = t090C: Temperature [ITS-90, deg C]
# name 3 = c0mS/cm: Conductivity [mS/cm]
# name 4 = sal00: Salinity, Practical [PSU]
# name 5 = sbeox0Mm/Kg: Oxygen, SBE 43 [umol/Kg]
# name 6 = flECO-AFL: Fluorescence, WET Labs ECO-AFL/FL [mg/m^3]
# name 7 = ph: pH
# name 8 = CStarTr0: Beam Transmission, WET Labs C-Star [%]
# name 9 = par: PAR/Irradiance, Biospherical/Licor
# name 10 = upoly0: Upoly 0, Nitrate
# name 11 = sigma-é00: Density [sigma-theta, Kg/m^3]
# name 12 = flag:  0.000e+00
# span 0 =     -0.232,     86.310                 
# span 1 =     -0.234,     87.047                 
# span 2 =     9.1058,    14.8116                 
# span 3 =   4.211776,  41.010794                 
# span 4 =     2.8568,    33.4280                 
# span 5 =    149.396,    268.442                 
# span 6 =    -0.0370,     2.4978                 
# span 7 =      7.829,      8.231                 
# span 8 =    63.8286,    96.2349                 
# span 9 = 1.0000e-12, 1.8507e+03                 
# span 10 = -0.7634735,  3.7739197                
# span 11 =     1.3837,    25.8113                
# span 12 = 0.0000e+00, 0.0000e+00                
# interval = seconds: 1
# start_time = Feb 08 2014 16:26:45 [NMEA time, header]
# bad_flag = -9.990e-29
*END*
[from data line 445]
     19.346     19.508    14.5766  40.778585    33.4105    217.205     2.3732      8.217    89.0306 5.8233e+01 -0.4985162    24.8383  0.000e+00
     19.201     19.362    14.5847  40.786520    33.4109    216.676     2.4099      8.217    89.0048 6.0914e+01 -0.5647556    24.8369  0.000e+00
     19.243     19.404    14.5820  40.783593    33.4106    218.434     2.4831      8.217    88.9015 5.9391e+01 -0.6972342    24.8372  0.000e+00
     19.542     19.706    14.5784  40.779626    33.4099    218.162     2.4025      8.217    89.0306 5.3972e+01 -0.4985162    24.8374  0.000e+00
     19.767     19.932    14.5753  40.776895    33.4100    217.414     2.3000      8.217    89.0048 4.9324e+01 -0.5647556    24.8382  0.000e+00
     19.645     19.810    14.5830  40.785416    33.4112    218.439     2.2487      8.217    88.9532 5.0164e+01 -0.5647556    24.8375  0.000e+00
     19.621     19.786    14.5818  40.783920    33.4109    218.445     2.2780      8.217    88.9273 4.9186e+01 -0.5978752    24.8375  0.000e+00
     19.892     20.059    14.5800  40.781904    33.4104    218.077     2.3366      8.217    88.9532 4.4572e+01 -0.7303538    24.8375  0.000e+00
     19.873     20.039    14.5783  40.780473    33.4106    217.063     2.3000      8.217    89.0564 4.2729e+01 -0.5978752    24.8381  0.000e+00
     19.404     19.567    14.5764  40.778520    33.4107    217.059     2.2780      8.217    89.1856 4.5715e+01 -0.5978752    24.8385  0.000e+00
     19.149     19.309    14.5826  40.784829    33.4112    216.238     2.3439      8.217    89.0306 5.4737e+01 -0.6972342    24.8376  0.000e+00
     19.287     19.448    14.5812  40.783073    33.4107    217.609     2.3806      8.217    89.0306 5.3218e+01 -0.5316359    24.8375  0.000e+00
     19.445     19.608    14.5804  40.782683    33.4110    219.064     2.4025      8.217    89.0564 4.7821e+01 -0.5316359    24.8379  0.000e+00
     19.565     19.729    14.5774  40.779301    33.4104    220.016     2.3879      8.217    88.9790 4.5331e+01 -0.7303538    24.8381  0.000e+00
     19.676     19.841    14.5778  40.780147    33.4108    216.911     2.3000      8.222    89.0564 4.1194e+01 -0.6309949    24.8383  0.000e+00
     19.645     19.810    14.5799  40.782229    33.4109    216.623     2.2780      8.217    89.0564 3.8287e+01 -0.4985162    24.8379  0.000e+00
     19.521     19.685    14.5804  40.782814    33.4111    218.831     2.2633      8.217    89.0564 4.1310e+01 -0.5978752    24.8379  0.000e+00
     19.600     19.764    14.5788  40.781058    33.4108    216.756     2.2707      8.222    89.0306 4.0163e+01 -0.7303538    24.8381  0.000e+00
     19.882     20.049    14.5784  40.780669    33.4107    217.063     2.2853      8.222    89.0564 3.4499e+01 -0.5978752    24.8381  0.000e+00
     19.959     20.126    14.5779  40.780344    33.4108    217.345     2.2853      8.222    89.1339 3.3826e+01 -0.4985162    24.8383  0.000e+00
     19.623     19.787    14.5789  40.781448    33.4111    217.628     2.2707      8.217    89.1081 3.3826e+01 -0.4653966    24.8383  0.000e+00
     19.207     19.367    14.5825  40.785349    33.4118    217.643     2.3146      8.222    88.9790 3.7224e+01 -0.5978752    24.8380  0.000e+00
     18.994     19.153    14.5883  40.791593    33.4125    216.887     2.4318      8.222    88.9015 4.2609e+01 -0.7303538    24.8373  0.000e+00
     19.142     19.302    14.5894  40.792830    33.4127    218.438     2.4099      8.222    88.7466 4.0163e+01 -0.7303538    24.8373  0.000e+00
     19.555     19.719    14.5811  40.783529    33.4112    217.660     2.3513      8.222    88.8241 3.4597e+01 -0.4985162    24.8379  0.000e+00
     19.943     20.110    14.5761  40.778522    33.4107    217.947     2.3366      8.222    88.8241 2.9301e+01 -0.4985162    24.8386  0.000e+00
     20.012     20.180    14.5761  40.778523    33.4107    217.503     2.2707      8.222    88.9015 2.7853e+01 -0.4985162    24.8385  0.000e+00
     19.821     19.986    14.5778  40.780538    33.4112    217.595     2.2414      8.222    88.9790 2.8328e+01 -0.6641145    24.8386  0.000e+00
     19.595     19.759    14.5812  40.783920    33.4114    218.489     2.2853      8.222    88.9015 3.0394e+01 -0.7303538    24.8380  0.000e+00
     19.370     19.533    14.5826  40.785415    33.4116    217.753     2.3806      8.222    88.9015 3.1794e+01 -0.5978752    24.8379  0.000e+00
     19.270     19.432    14.5839  40.786781    33.4118    217.893     2.3659      8.222    88.9273 3.2155e+01 -0.6641145    24.8378  0.000e+00
     19.428     19.591    14.5825  40.785350    33.4116    217.075     2.3439      8.222    88.8241 3.1350e+01 -0.5978752    24.8379  0.000e+00
     19.650     19.815    14.5826  40.785481    33.4116    217.229     2.3586      8.222    88.9015 2.9301e+01 -0.5647556    24.8379  0.000e+00
     19.601     19.765    14.5803  40.783009    33.4114    218.153     2.3073      8.222    88.9790 2.8089e+01 -0.4985162    24.8382  0.000e+00
     19.445     19.608    14.5839  40.787172    33.4121    216.239     2.2926      8.222    88.9015 2.6476e+01 -0.5316359    24.8380  0.000e+00
     19.543     19.706    14.5859  40.789059    33.4121    217.062     2.2926      8.222    88.8499 2.6852e+01 -0.5978752    24.8375  0.000e+00
     19.808     19.974    14.5844  40.787694    33.4120    217.694     2.3293      8.222    88.8499 2.5238e+01 -0.4985162    24.8378  0.000e+00
     19.811     19.977    14.5866  40.790231    33.4124    216.429     2.3439      8.222    88.9015 2.3721e+01 -0.5316359    24.8376  0.000e+00
     19.578     19.742    14.5865  40.789970    33.4124    217.975     2.2633      8.222    88.9015 2.4058e+01 -0.6309949    24.8376  0.000e+00
     19.551     19.715    14.5854  40.788864    33.4123    218.023     2.2780      8.222    88.9015 2.6106e+01 -0.6972342    24.8378  0.000e+00
     19.732     19.897    14.5850  40.788474    33.4122    217.943     2.3293      8.222    88.8499 2.2740e+01 -0.5978752    24.8379  0.000e+00
     19.742     19.907    14.5857  40.789255    33.4123    218.472     2.3366      8.222    88.8757 2.0897e+01 -0.6309949    24.8377  0.000e+00
     19.425     19.587    14.5858  40.789123    33.4123    218.760     2.2633      8.222    88.7208 2.4126e+01 -0.6972342    24.8377  0.000e+00
     19.127     19.287    14.5876  40.791204    33.4127    217.871     2.2853      8.222    88.8757 2.7931e+01 -0.7303538    24.8376  0.000e+00
     19.238     19.399    14.5879  40.791269    33.4125    217.830     2.3513      8.222    88.7982 2.5596e+01 -0.6972342    24.8375  0.000e+00
     19.682     19.846    14.5856  40.788929    33.4122    217.216     2.3293      8.222    88.6949 2.1494e+01 -0.5647556    24.8377  0.000e+00
     20.061     20.229    14.5827  40.786264    33.4120    217.387     2.3219      8.222    88.9273 2.0546e+01 -0.5647556    24.8382  0.000e+00
     19.961     20.128    14.5846  40.788150    33.4122    218.292     2.3073      8.222    88.9015 2.1015e+01 -0.7303538    24.8379  0.000e+00
     19.556     19.720    14.5834  40.786912    33.4122    217.754     2.2926      8.222    88.8499 2.2612e+01 -0.7303538    24.8382  0.000e+00
     19.284     19.445    14.5849  40.788082    33.4122    217.548     2.3439      8.222    88.8241 2.3588e+01 -0.7303538    24.8378  0.000e+00
     19.373     19.535    14.5882  40.791920    33.4128    219.087     2.4245      8.222    88.8757 2.3324e+01 -0.7303538    24.8376  0.000e+00
     19.756     19.922    14.5862  40.789710    33.4123    218.427     2.4245      8.222    88.8499 2.2046e+01 -0.5978752    24.8377  0.000e+00
     20.047     20.215    14.5811  40.784572    33.4119    217.011     2.3146      8.222    88.8241 2.0546e+01 -0.4985162    24.8385  0.000e+00
     19.653     19.818    14.5841  40.787758    33.4124    217.710     2.3293      8.222    88.9015 2.0956e+01 -0.6641145    24.8382  0.000e+00
     18.647     18.803    14.5934  40.797838    33.4140    217.682     2.2926      8.222    88.8241 2.4606e+01 -0.7303538    24.8374  0.000e+00
     17.705     17.853    14.5975  40.801867    33.4145    217.446     2.3586      8.222    88.6433 3.0479e+01 -0.5978752    24.8369  0.000e+00
     17.090     17.233    14.6041  40.808631    33.4153    218.949     2.3952      8.222    88.6691 3.4017e+01 -0.6972342    24.8361  0.000e+00
     16.754     16.894    14.6048  40.809606    33.4157    218.936     2.3513      8.222    88.7724 3.0053e+01 -0.6972342    24.8362  0.000e+00
     16.376     16.513    14.6083  40.813378    33.4163    218.483     2.3146      8.226    88.7466 2.9633e+01 -0.4653966    24.8359  0.000e+00
     15.525     15.655    14.6215  40.827496    33.4182    218.399     2.2926      8.226    88.6949 3.6911e+01 -0.5316359    24.8345  0.000e+00
     14.417     14.537    14.6372  40.843241    33.4195    218.106     2.3000      8.226    88.6691 4.0848e+01 -0.6641145    24.8322  0.000e+00
     13.547     13.660    14.6408  40.846231    33.4194    217.389     2.3146      8.226    88.5400 4.6756e+01 -0.5978752    24.8313  0.000e+00
     13.023     13.132    14.6387  40.843886    33.4193    217.723     2.2926      8.226    88.5142 5.3972e+01 -0.4985162    24.8316  0.000e+00
     12.565     12.670    14.6440  40.849873    33.4204    218.405     2.1754      8.226    88.5142 5.7097e+01 -0.4985162    24.8313  0.000e+00
     11.877     11.976    14.6889  40.894792    33.4231    217.993     2.0875      8.226    88.3851 6.1258e+01 -0.4985162    24.8238  0.000e+00
     10.925     11.017    14.6937  40.898761    33.4229    220.120     1.9337      8.226    88.2818 6.5170e+01 -0.4985162    24.8226  0.000e+00
     10.129     10.213    14.7073  40.912499    33.4241    219.360     1.8897      8.226    88.2818 8.4659e+01 -0.4985162    24.8206  0.000e+00
      9.628      9.709    14.7129  40.915233    33.4219    217.323     1.9410      8.226    88.1527 1.1765e+02 -0.4985162    24.8177  0.000e+00
      9.145      9.221    14.7208  40.925979    33.4252    218.661     1.9117      8.226    88.3334 1.0164e+02 -0.4985162    24.8185  0.000e+00
      8.388      8.458    14.7481  40.951709    33.4255    218.560     1.7359      8.226    88.3593 1.2729e+02 -0.4985162    24.8128  0.000e+00
      7.455      7.517    14.7611  40.964281    33.4261    217.574     1.6626      8.226    88.3593 2.0590e+02 -0.5978752    24.8105  0.000e+00
      6.692      6.748    14.7779  40.980049    33.4263    218.003     1.7066      8.225    88.3851 2.4306e+02 -0.4985162    24.8070  0.000e+00
      6.144      6.195    14.7955  40.996798    33.4266    219.106     1.7066      8.225    88.4625 3.5528e+02 -0.4985162    24.8035  0.000e+00
      5.632      5.679    14.8025  41.002663    33.4262    218.538     1.6333      8.225    88.6175 4.2773e+02 -0.6309949    24.8016  0.000e+00
      4.904      4.945    14.7962  40.996597    33.4264    217.981     1.4941      8.225    88.7982 5.3262e+02 -0.4985162    24.8031  0.000e+00
      4.026      4.060    14.7961  40.996398    33.4266    217.809     1.1937      8.225    88.7724 7.6119e+02 -0.4985162    24.8033  0.000e+00
      3.388      3.416    14.8058  41.005261    33.4266    217.414     1.2084      8.225    88.7208 7.2160e+02 -0.6641145    24.8011  0.000e+00
      3.155      3.182    14.8034  41.003109    33.4268    217.941     1.2524      8.225    88.8499 1.2658e+02 -0.4985162    24.8018  0.000e+00
      3.088      3.114    14.7849  40.984662    33.4259    218.545     1.1351      8.225    88.9273 1.1216e+02 -0.4985162    24.8051  0.000e+00
      2.774      2.797    14.7920  40.993525    33.4280    218.314     0.9227      8.225    89.0048 1.5896e+02 -0.6641145    24.8052  0.000e+00
      2.253      2.271    14.7965  40.997043    33.4276    218.093     0.8641      8.225    89.0048 8.5136e+01 -0.5316359    24.8039  0.000e+00
      1.803      1.818    14.7998  40.999584    33.4272    219.072     0.8787      8.225    88.9790 7.6505e+01 -0.5647556    24.8029  0.000e+00
      1.469      1.482    14.7961  40.995801    33.4271    218.074     0.8934      8.225    88.9273 7.8026e+01 -0.6641145    24.8036  0.000e+00
      1.375      1.386    14.7917  40.992086    33.4275    218.197     0.8714      8.225    88.9532 4.9786e+02 -0.5978752    24.8048  0.000e+00
      1.251      1.261    14.8019  41.001602    33.4274    218.042     0.8201      8.225    89.0306 1.2139e+03 -0.5316359    24.8026  0.000e+00
      1.319      1.330    14.8026  41.002385    33.4275    218.000     0.7908      8.225    89.0048 6.5030e+02 -0.4985162    24.8025  0.000e+00
      1.433      1.445    14.8024  41.002124    33.4275    218.045     0.7835      8.225    89.0048 5.7624e+02 -0.5978752    24.8025  0.000e+00
      1.326      1.337    14.8036  41.003428    33.4277    218.184     0.7981      8.225    88.9790 9.7488e+02 -0.6309949    24.8024  0.000e+00
      1.427      1.439    14.8043  41.004145    33.4277    218.371     0.8201      8.225    89.0306 1.2591e+03 -0.5978752    24.8023  0.000e+00
      1.685      1.699    14.8034  41.003429    33.4276    217.524     0.7395      8.225    88.9790 1.2734e+03 -0.4985162    24.8024  0.000e+00
      1.661      1.675    14.8045  41.004668    33.4279    218.188     0.6736      8.225    89.0048 1.0971e+03 -0.4985162    24.8024  0.000e+00
      1.387      1.398    14.8097  41.009295    33.4277    218.198     0.7029      8.225    89.0048 1.2591e+03 -0.4985162    24.8011  0.000e+00
      1.463      1.475    14.8095  41.008904    33.4275    218.162     0.7102      8.225    88.9790 1.3776e+03 -0.4985162    24.8010  0.000e+00
      1.702      1.717    14.8057  41.005841    33.4279    218.707     0.7249      8.225    88.9790 1.1220e+03 -0.5647556    24.8021  0.000e+00
      1.870      1.886    14.8052  41.005255    33.4277    219.532     0.7029      8.225    88.9790 1.0197e+03 -0.5647556    24.8021  0.000e+00
      1.591      1.604    14.8073  41.007275    33.4279    217.986     0.7249      8.225    88.9790 1.2950e+03 -0.5978752    24.8018  0.000e+00
      1.087      1.096    14.8094  41.008772    33.4276    217.736     0.7762      8.225    88.9790 1.4905e+03 -0.5978752    24.8011  0.000e+00
      1.153      1.163    14.8116  41.010794    33.4276    218.144     0.7981      8.225    89.0048 1.3170e+03 -0.5647556    24.8006  0.000e+00
      1.725      1.739    14.8065  41.006558    33.4279    218.999     0.7762      8.230    89.0048 1.2841e+03 -0.5316359    24.8019  0.000e+00
      1.997      2.014    14.8053  41.005777    33.4280    218.864     0.7176      8.230    89.0048 7.0753e+02 -0.5978752    24.8023  0.000e+00
      1.624      1.637    14.8070  41.007145    33.4280    217.278     0.6956      8.230    88.9790 1.0697e+03 -0.4985162    24.8019  0.000e+00
      1.435      1.447    14.8085  41.008252    33.4278    218.124     0.8128      8.230    88.9790 7.1755e+02 -0.4985162    24.8014  0.000e+00
      1.607      1.620    14.8078  41.007797    33.4279    218.360     0.7981      8.230    88.9790 1.3023e+03 -0.4985162    24.8016  0.000e+00
      1.651      1.664    14.8076  41.007471    33.4278    217.316     0.8201      8.230    89.0048 1.3357e+03 -0.5316359    24.8016  0.000e+00
      1.621      1.635    14.8080  41.007797    33.4277    217.837     0.8201      8.230    88.9015 1.6171e+03 -0.4985162    24.8015  0.000e+00
      1.634      1.647    14.8080  41.007471    33.4274    219.219     0.8348      8.230    88.9273 1.5201e+03 -0.5978752    24.8013  0.000e+00
      1.545      1.558    14.8070  41.006623    33.4276    218.027     0.8421      8.230    88.9532 1.3245e+03 -0.4985162    24.8016  0.000e+00
      1.525      1.538    14.8048  41.005058    33.4280    218.143     0.8494      8.230    88.9532 1.6126e+03 -0.4985162    24.8024  0.000e+00
      1.555      1.568    14.8070  41.006427    33.4274    218.363     0.8567      8.230    88.9790 1.4614e+03 -0.5978752    24.8014  0.000e+00
      1.430      1.442    14.8084  41.007600    33.4272    217.978     0.8421      8.230    88.9532 1.3319e+03 -0.5647556    24.8010  0.000e+00
