Arg_Leg3_G9_NV.cnv
* Sea-Bird SBE 9 Data File:
* FileName = S:\CTD_Data\CTD\Data\Argentina 2014\Data\Leg3\Arg_Leg3_G9.hex
* Software Version Seasave V 7.21g
* Temperature SN = 5769
* Conductivity SN = 4244
* Number of Bytes Per Scan = 31
* Number of Voltage Words = 4
* Number of Scans Averaged by the Deck Unit = 24
* NMEA Latitude = 46 38.83 S
* NMEA Longitude = 066 12.41 W
* NMEA UTC (Time) = Feb 14 2014 08:50:07
* NMEA baud rate = 9600
** R/V Coriolis II
** MARES project, ARGENTINA 2014
** Chief scientist : Dr. Gustavo Ferreyra
** Co-Chief scientist : Dr. José Luis Esteves
# nquan = 13
# nvalues = 518                                   
# units = specified
# name 0 = depSM: Depth [salt water, m]
# name 1 = prDM: Pressure, Digiquartz [db]
# name 2 = t090C: Temperature [ITS-90, deg C]
# name 3 = c0mS/cm: Conductivity [mS/cm]
# name 4 = sal00: Salinity, Practical [PSU]
# name 5 = sbeox0Mm/Kg: Oxygen, SBE 43 [umol/Kg]
# name 6 = flECO-AFL: Fluorescence, WET Labs ECO-AFL/FL [mg/m^3]
# name 7 = ph: pH
# name 8 = CStarTr0: Beam Transmission, WET Labs C-Star [%]
# name 9 = par: PAR/Irradiance, Biospherical/Licor
# name 10 = upoly0: Upoly 0, Nitrate
# name 11 = sigma-é00: Density [sigma-theta, Kg/m^3]
# name 12 = flag:  0.000e+00
# span 0 =     -0.019,     74.671                 
# span 1 =     -0.019,     75.308                 
# span 2 =     9.0749,    14.9727                 
# span 3 =  10.392001,  41.139966                 
# span 4 =     7.4613,    33.4059                 
# span 5 =    148.807,    295.281                 
# span 6 =    -0.1249,     1.8824                 
# span 7 =      7.834,      8.243                 
# span 8 =    48.4130,    96.0541                 
# span 9 = 1.0000e-12, 6.6310e-01                 
# span 10 = -0.7634735,  5.0655863                
# span 11 =     4.8773,    25.8139                
# span 12 = 0.0000e+00, 0.0000e+00                
# interval = seconds: 1
# start_time = Feb 14 2014 08:50:07 [NMEA time, header]
# bad_flag = -9.990e-29
*END*
[from data line 112]
     72.186     72.801     9.1274  35.713647    33.3476    151.427     0.0216      7.848    71.5493 1.0000e-12 -0.5647556    25.8054  0.000e+00
     72.817     73.438     9.1156  35.704336    33.3487    151.256     0.0143      7.844    70.6972 1.0000e-12 -0.6309949    25.8082  0.000e+00
     73.200     73.824     9.1073  35.698046    33.3497    150.786     0.0069      7.844    70.4132 1.0000e-12  0.5613128    25.8103  0.000e+00
     73.303     73.927     9.1059  35.696196    33.3491    150.740     0.0069      7.844    70.4390 1.0000e-12  2.7140906    25.8100  0.000e+00
     73.500     74.126     9.1020  35.692990    33.3493    151.155     0.0069      7.844    70.4906 1.0000e-12  0.2632359    25.8108  0.000e+00
     73.748     74.376     9.0991  35.690524    33.3494    150.833     0.0069      7.844    70.1808 1.0000e-12 -0.3660376    25.8113  0.000e+00
     73.856     74.485     9.0953  35.687441    33.3496    150.679     0.0069      7.844    69.8709 1.0000e-12 -0.6309949    25.8121  0.000e+00
     73.737     74.365     9.0961  35.687688    33.3492    150.338    -0.0004      7.844    69.8451 1.0000e-12 -0.6309949    25.8117  0.000e+00
     73.629     74.256     9.0958  35.687194    33.3490    150.621    -0.0077      7.839    69.9484 1.0000e-12 -0.6309949    25.8116  0.000e+00
     73.764     74.392     9.0977  35.688366    33.3484    150.733     0.0069      7.844    70.0000 1.0000e-12 -0.6309949    25.8108  0.000e+00
     74.064     74.695     9.0933  35.684852    33.3488    150.302     0.0216      7.839    70.0000 1.0000e-12 -0.6309949    25.8118  0.000e+00
     74.059     74.690     9.0929  35.684420    33.3486    150.587     0.0216      7.839    69.7418 1.0000e-12 -0.0348410    25.8117  0.000e+00
     73.830     74.459     9.0967  35.687133    33.3480    150.402     0.0069      7.839    69.4319 1.0000e-12  2.1841761    25.8107  0.000e+00
     73.884     74.514     9.0964  35.686393    33.3475    149.953     0.0143      7.839    69.5352 1.0000e-12  2.5484923    25.8103  0.000e+00
     74.223     74.855     9.0922  35.683249    33.3480    150.256     0.0216      7.839    69.6643 1.0000e-12  0.9256291    25.8114  0.000e+00
     74.476     75.110     9.0851  35.677947    33.3491    150.568     0.0216      7.839    69.6901 1.0000e-12 -0.3660376    25.8133  0.000e+00
     74.298     74.931     9.0883  35.680352    33.3486    150.102     0.0143      7.839    69.4578 1.0000e-12  0.4288342    25.8125  0.000e+00
     73.885     74.515     9.0981  35.687256    33.3468    150.063     0.0143      7.839    69.2254 1.0000e-12 -0.2004393    25.8095  0.000e+00
     73.681     74.309     9.1004  35.688612    33.3461    149.884     0.0143      7.839    69.3028 1.0000e-12 -0.4653966    25.8086  0.000e+00
     73.849     74.478     9.0972  35.686331    33.3467    149.897     0.0143      7.839    69.1221 1.0000e-12  0.0645179    25.8095  0.000e+00
     74.114     74.745     9.0950  35.684605    33.3468    150.193     0.0362      7.839    69.0704 1.0000e-12  2.1841761    25.8100  0.000e+00
     74.181     74.813     9.0925  35.682632    33.3472    150.203    -0.0004      7.839    69.8967 1.0000e-12  2.4160137    25.8106  0.000e+00
     74.124     74.755     9.0948  35.684297    33.3467    150.194     0.0143      7.839    69.8451 1.0000e-12  0.7269111    25.8099  0.000e+00
     74.193     74.825     9.0951  35.684482    33.3466    150.195     0.0143      7.839    69.7160 1.0000e-12  0.0645179    25.8098  0.000e+00
     74.362     74.996     9.0938  35.683311    33.3466    150.203     0.0143      7.839    69.6901 1.0000e-12  1.9854581    25.8100  0.000e+00
     74.393     75.027     9.0878  35.678810    33.3475    149.771     0.0143      7.839    69.7676 1.0000e-12  1.9854581    25.8116  0.000e+00
     74.176     74.808     9.0914  35.681522    33.3471    149.755     0.0143      7.839    69.6127 1.0000e-12  2.2172957    25.8107  0.000e+00
     73.934     74.564     9.0986  35.686701    33.3458    150.011     0.0069      7.839    69.2512 1.0000e-12  1.2899453    25.8086  0.000e+00
     73.934     74.564     9.0993  35.687009    33.3454    150.009     0.0216      7.839    69.2512 1.0000e-12 -0.2997983    25.8082  0.000e+00
     74.094     74.725     9.0974  35.685653    33.3458    150.018     0.0216      7.839    69.6385 1.0000e-12 -0.0348410    25.8088  0.000e+00
     74.137     74.768     9.0959  35.684544    33.3460    149.572     0.0143      7.839    69.9225 1.0000e-12 -0.4985162    25.8092  0.000e+00
     74.053     74.684     9.0983  35.686270    33.3456    149.563    -0.0004      7.839    69.8709 1.0000e-12  0.2963556    25.8085  0.000e+00
     74.091     74.722     9.0979  35.685838    33.3455    150.301     0.0143      7.839    69.8967 1.0000e-12  1.4224239    25.8085  0.000e+00
     74.375     75.009     9.0918  35.681215    33.3463    149.874     0.0143      7.839    69.7160 1.0000e-12 -0.0679607    25.8101  0.000e+00
     74.612     75.248     9.0853  35.676530    33.3473    149.616     0.0216      7.839    69.6643 1.0000e-12 -0.4985162    25.8119  0.000e+00
     74.433     75.067     9.0870  35.677700    33.3470    149.891     0.0069      7.839    69.6127 1.0000e-12 -0.5978752    25.8114  0.000e+00
     74.059     74.690     9.0940  35.682878    33.3461    149.409    -0.0004      7.839    69.3286 1.0000e-12 -0.4653966    25.8096  0.000e+00
     74.050     74.681     9.0971  35.684913    33.3452    149.399     0.0143      7.839    69.1995 1.0000e-12  0.2632359    25.8084  0.000e+00
     74.273     74.906     9.0921  35.681276    33.3461    149.704     0.0216      7.839    69.0704 1.0000e-12  0.5944325    25.8099  0.000e+00
     74.149     74.781     9.0915  35.680967    33.3463    149.703     0.0216      7.839    69.5610 1.0000e-12  0.6937915    25.8102  0.000e+00
     73.945     74.575     9.0974  35.685160    33.3453    149.680     0.0069      7.839    69.3028 1.0000e-12  0.4950735    25.8084  0.000e+00
     74.146     74.778     9.0941  35.682447    33.3455    150.147     0.0143      7.839    69.2254 1.0000e-12 -0.1010803    25.8091  0.000e+00
     74.436     75.070     9.0883  35.678317    33.3465    149.720     0.0362      7.839    69.7418 1.0000e-12  0.6606718    25.8108  0.000e+00
     74.425     75.059     9.0873  35.677700    33.3467    149.439     0.0143      7.839    69.5610 1.0000e-12 -0.0348410    25.8111  0.000e+00
     74.215     74.847     9.0915  35.680721    33.3461    149.705     0.0069      7.839    69.3028 1.0000e-12  0.3294752    25.8100  0.000e+00
     74.158     74.790     9.0929  35.681461    33.3455    149.699     0.0143      7.839    69.1221 1.0000e-12  2.8796889    25.8093  0.000e+00
     74.303     74.936     9.0893  35.678933    33.3463    149.714     0.0143      7.839    69.5610 1.0000e-12 -0.3660376    25.8105  0.000e+00
     74.365     74.999     9.0858  35.676220    33.3467    149.727     0.0143      7.839    69.7676 1.0000e-12  1.9523385    25.8113  0.000e+00
     74.243     74.876     9.0877  35.677638    33.3464    149.718     0.0143      7.839    69.7676 1.0000e-12  2.4822530    25.8108  0.000e+00
     74.129     74.761     9.0903  35.679487    33.3459    149.708     0.0143      7.839    69.4578 1.0000e-12 -0.6309949    25.8100  0.000e+00
     74.225     74.857     9.0887  35.678378    33.3462    149.715     0.0143      7.839    69.5869 1.0000e-12 -0.6309949    25.8105  0.000e+00
     74.447     75.082     9.0866  35.676776    33.3464    149.274     0.0216      7.839    69.6901 1.0000e-12 -0.1673197    25.8110  0.000e+00
     74.503     75.137     9.0829  35.673940    33.3470    149.287     0.0216      7.839    69.6901 1.0000e-12  0.1969966    25.8120  0.000e+00
     74.334     74.967     9.0854  35.675850    33.3467    150.012     0.0216      7.839    69.5094 1.0000e-12  0.2963556    25.8114  0.000e+00
     74.225     74.857     9.0890  35.678378    33.3460    149.546     0.0069      7.839    69.1221 1.0000e-12  0.2963556    25.8103  0.000e+00
     74.339     74.973     9.0899  35.679118    33.3458    149.262     0.0069      7.839    69.3028 1.0000e-12  0.5944325    25.8100  0.000e+00
     74.399     75.033     9.0899  35.679118    33.3458    149.547     0.0069      7.839    69.5352 1.0000e-12  0.1307573    25.8100  0.000e+00
     74.315     74.948     9.0902  35.679426    33.3459    149.544     0.0069      7.839    69.5869 1.0000e-12 -0.6309949    25.8100  0.000e+00
     74.246     74.878     9.0918  35.680536    33.3456    149.538     0.0069      7.839    69.5094 1.0000e-12 -0.6309949    25.8096  0.000e+00
     74.345     74.979     9.0914  35.680290    33.3457    149.541     0.0143      7.839    69.6643 1.0000e-12 -0.6309949    25.8097  0.000e+00
     74.420     75.054     9.0905  35.679673    33.3458    149.545     0.0216      7.839    69.5610 1.0000e-12 -0.6309949    25.8099  0.000e+00
     74.277     74.910     9.0912  35.680043    33.3457    149.540     0.0069      7.839    69.5610 1.0000e-12 -0.6309949    25.8097  0.000e+00
     74.210     74.843     9.0927  35.681214    33.3454    149.534    -0.0004      7.839    69.2512 1.0000e-12 -0.6309949    25.8093  0.000e+00
     74.434     75.069     9.0890  35.678440    33.3459    149.551     0.0069      7.839    69.4319 1.0000e-12 -0.6309949    25.8102  0.000e+00
     74.671     75.308     9.0846  35.675173    33.3465    149.570     0.0143      7.839    69.5610 1.0000e-12  0.6275521    25.8114  0.000e+00
     74.568     75.203     9.0818  35.673138    33.3471    149.577     0.0143      7.839    69.5352 1.0000e-12  1.6873812    25.8123  0.000e+00
     74.271     74.904     9.0910  35.679919    33.3457    149.089     0.0069      7.834    69.1479 1.0000e-12  0.1307573    25.8097  0.000e+00
     74.243     74.876     9.0910  35.679426    33.3452    149.089     0.0143      7.839    68.9413 1.0000e-12  2.3497744    25.8094  0.000e+00
     74.497     75.132     9.0839  35.674309    33.3464    149.401     0.0289      7.839    69.1221 1.0000e-12  2.7803299    25.8114  0.000e+00
     74.512     75.147     9.0794  35.671227    33.3474    149.415     0.0143      7.834    69.5610 1.0000e-12  2.5484923    25.8129  0.000e+00
     74.176     74.808     9.0881  35.677761    33.3462    149.381     0.0069      7.834    69.3286 1.0000e-12  2.0516974    25.8106  0.000e+00
     74.015     74.645     9.0921  35.680473    33.3454    149.365     0.0216      7.839    68.8639 1.0000e-12 -0.4985162    25.8093  0.000e+00
     74.287     74.920     9.0876  35.676960    33.3458    149.385     0.0362      7.839    68.6831 1.0000e-12  1.2237060    25.8104  0.000e+00
     74.545     75.180     9.0791  35.670919    33.3473    149.417     0.0289      7.839    69.1737 1.0000e-12  2.3497744    25.8129  0.000e+00
     74.464     75.099     9.0828  35.673693    33.3468    149.404     0.0143      7.839    69.4061 1.0000e-12  2.2172957    25.8119  0.000e+00
     74.334     74.967     9.0867  35.676405    33.3460    149.389     0.0069      7.834    69.1221 1.0000e-12 -0.5647556    25.8107  0.000e+00
     74.382     75.016     9.0837  35.674309    33.3467    149.400     0.0069      7.839    69.0188 1.0000e-12  1.0581077    25.8117  0.000e+00
     74.466     75.100     9.0827  35.673508    33.3467    149.405     0.0216      7.834    69.3545 1.0000e-12  1.9854581    25.8119  0.000e+00
     74.415     75.049     9.0836  35.674247    33.3466    149.401     0.0143      7.834    69.3803 1.0000e-12  1.8198598    25.8117  0.000e+00
     74.331     74.964     9.0866  35.676405    33.3461    149.389     0.0069      7.839    69.4319 1.0000e-12  0.1307573    25.8108  0.000e+00
     74.251     74.884     9.0862  35.676035    33.3462    149.389    -0.0004      7.839    69.6127 1.0000e-12  0.1638769    25.8109  0.000e+00
     74.180     74.812     9.0878  35.677206    33.3459    149.383     0.0216      7.839    69.6901 1.0000e-12  0.4288342    25.8104  0.000e+00
     74.270     74.903     9.0865  35.676158    33.3460    149.389     0.0143      7.834    69.5352 1.0000e-12  0.8262701    25.8107  0.000e+00
     74.463     75.097     9.0829  35.673631    33.3466    148.952     0.0069      7.839    69.5094 1.0000e-12  0.8262701    25.8117  0.000e+00
     74.472     75.107     9.0827  35.673508    33.3467    148.953     0.0069      7.834    69.5869 1.0000e-12  1.9523385    25.8118  0.000e+00
     74.377     75.011     9.0826  35.673261    33.3465    149.235     0.0069      7.839    69.3803 1.0000e-12  0.8262701    25.8117  0.000e+00
     74.460     75.094     9.0807  35.671966    33.3470    149.243     0.0069      7.839    69.3545 1.0000e-12 -0.3991573    25.8124  0.000e+00
     74.526     75.161     9.0772  35.669316    33.3474    149.256     0.0069      7.839    69.5352 1.0000e-12  0.4619538    25.8133  0.000e+00
     74.377     75.011     9.0798  35.671165    33.3470    149.245     0.0069      7.839    69.3803 1.0000e-12  3.4427231    25.8125  0.000e+00
     74.233     74.865     9.0844  35.674678    33.3464    149.227     0.0069      7.839    68.8639 1.0000e-12  1.6873812    25.8113  0.000e+00
     74.299     74.932     9.0834  35.673692    33.3464    149.232     0.0069      7.839    68.9930 1.0000e-12  0.0976376    25.8115  0.000e+00
     74.387     75.021     9.0804  35.671658    33.3470    149.243     0.0069      7.834    69.4319 1.0000e-12  2.8134496    25.8124  0.000e+00
     74.342     74.975     9.0801  35.671473    33.3471    149.243     0.0069      7.834    69.4836 1.0000e-12  0.1307573    25.8126  0.000e+00
     74.284     74.917     9.0804  35.671596    33.3470    149.241     0.0069      7.839    69.3545 1.0000e-12  0.4950735    25.8124  0.000e+00
     74.425     75.059     9.0812  35.672151    33.3467    149.242    -0.0004      7.839    69.3545 1.0000e-12  1.4886632    25.8121  0.000e+00
     74.635     75.271     9.0770  35.669069    33.3474    148.807     0.0143      7.834    69.4061 1.0000e-12  2.3166547    25.8133  0.000e+00
     74.638     75.274     9.0749  35.667528    33.3477    148.814     0.0216      7.839    69.3286 1.0000e-12  0.1307573    25.8139  0.000e+00
     74.394     75.028     9.0795  35.671041    33.3471    149.078     0.0143      7.839    68.9930 1.0000e-12 -0.2004393    25.8127  0.000e+00
     74.126     74.758     9.0877  35.677021    33.3458    149.046     0.0216      7.834    68.7606 1.0000e-12  0.6275521    25.8103  0.000e+00
     74.164     74.796     9.0837  35.674062    33.3465    149.060     0.0289      7.839    68.9155 1.0000e-12  2.1179368    25.8115  0.000e+00
     74.302     74.935     9.0833  35.673692    33.3465    149.065     0.0362      7.839    69.0704 1.0000e-12  2.2835350    25.8116  0.000e+00
     74.211     74.843     9.0852  35.675172    33.3462    149.057     0.0143      7.839    69.4578 1.0000e-12  3.9395179    25.8111  0.000e+00
     73.924     74.554     9.0879  35.677144    33.3459    149.494     0.0143      7.839    69.0962 1.0000e-12  3.1446462    25.8104  0.000e+00
     73.453     74.079     9.0946  35.682260    33.3451    149.463     0.0216      7.839    68.7864 1.0000e-12  0.3294752    25.8087  0.000e+00
     72.790     73.410     9.1067  35.691137    33.3434    149.579     0.0069      7.839    68.9671 1.0000e-12  2.9459282    25.8054  0.000e+00
     72.201     72.816     9.1137  35.696130    33.3423    149.545     0.0289      7.839    69.0446 1.0000e-12  0.3294752    25.8034  0.000e+00
     71.659     72.269     9.1188  35.700322    33.3421    149.235     0.0436      7.839    69.0704 1.0000e-12  0.3625949    25.8025  0.000e+00
     70.970     71.574     9.1409  35.716664    33.3386    149.600     0.0289      7.839    69.1479 1.0000e-12  1.8860991    25.7963  0.000e+00
     70.238     70.836     9.1549  35.726655    33.3363    149.541     0.0216      7.839    69.7676 1.0000e-12  0.9587487    25.7922  0.000e+00
     69.634     70.227     9.1631  35.732761    33.3352    149.670     0.0362      7.843    70.4390 1.0000e-12  1.0581077    25.7900  0.000e+00
