Arg_Leg3_G7_NV.cnv
* Sea-Bird SBE 9 Data File:
* FileName = S:\CTD_Data\CTD\Data\Argentina 2014\Data\Leg3\Arg_Leg3_G7.hex
* Software Version Seasave V 7.21g
* Temperature SN = 5769
* Conductivity SN = 4244
* Number of Bytes Per Scan = 31
* Number of Voltage Words = 4
* Number of Scans Averaged by the Deck Unit = 24
* NMEA Latitude = 45 49.72 S
* NMEA Longitude = 066 11.71 W
* NMEA UTC (Time) = Feb 13 2014 17:38:11
* NMEA baud rate = 9600
** R/V Coriolis II
** MARES project, ARGENTINA 2014
** Chief scientist : Dr. Gustavo Ferreyra
** Co-Chief scientist : Dr. José Luis Esteves
# nquan = 13
# nvalues = 702                                   
# units = specified
# name 0 = depSM: Depth [salt water, m]
# name 1 = prDM: Pressure, Digiquartz [db]
# name 2 = t090C: Temperature [ITS-90, deg C]
# name 3 = c0mS/cm: Conductivity [mS/cm]
# name 4 = sal00: Salinity, Practical [PSU]
# name 5 = sbeox0Mm/Kg: Oxygen, SBE 43 [umol/Kg]
# name 6 = flECO-AFL: Fluorescence, WET Labs ECO-AFL/FL [mg/m^3]
# name 7 = ph: pH
# name 8 = CStarTr0: Beam Transmission, WET Labs C-Star [%]
# name 9 = par: PAR/Irradiance, Biospherical/Licor
# name 10 = upoly0: Upoly 0, Nitrate
# name 11 = sigma-é00: Density [sigma-theta, Kg/m^3]
# name 12 = flag:  0.000e+00
# span 0 =      0.009,     90.773                 
# span 1 =      0.009,     91.543                 
# span 2 =     8.0210,    15.8464                 
# span 3 =   5.025940,  42.122242                 
# span 4 =     3.3572,    33.5463                 
# span 5 =    132.988,    274.661                 
# span 6 =    -0.1835,    29.3549                 
# span 7 =      7.705,      8.246                 
# span 8 =    63.7770,    94.8922                 
# span 9 = 1.0000e-12, 1.9089e+03                 
# span 10 = -0.7634735,  3.4427231                
# span 11 =     1.6010,    26.0226                
# span 12 = 0.0000e+00, 0.0000e+00                
# interval = seconds: 1
# start_time = Feb 13 2014 17:38:11 [NMEA time, header]
# bad_flag = -9.990e-29
*END*
[from data line 112]
     70.435     71.029     8.2513  34.955054    33.3782    142.711    -0.0004      7.785    82.8334 9.8913e-02  1.1905863    25.9641  0.000e+00
     71.117     71.717     8.2391  34.945882    33.3798    143.579    -0.0077      7.785    84.5893 8.7755e-02 -0.4985162    25.9672  0.000e+00
     71.955     72.562     8.2257  34.936468    33.3821    143.209    -0.0077      7.780    85.2348 7.7089e-02 -0.4985162    25.9710  0.000e+00
     72.711     73.325     8.2169  34.930233    33.3835    142.821    -0.0077      7.780    85.1832 6.4684e-02 -0.5647556    25.9734  0.000e+00
     73.270     73.889     8.2105  34.925466    33.3842    143.023     0.0143      7.775    85.1057 5.5239e-02 -0.6309949    25.9750  0.000e+00
     73.808     74.431     8.2054  34.921799    33.3849    142.275     0.0216      7.770    84.8733 4.9568e-02 -0.6309949    25.9763  0.000e+00
     74.477     75.106     8.2012  34.918744    33.3854    141.526     0.0069      7.771    84.3311 4.5784e-02 -0.6309949    25.9773  0.000e+00
     75.202     75.837     8.1974  34.916057    33.3858    141.379    -0.0004      7.766    83.6855 3.9634e-02 -0.4322769    25.9781  0.000e+00
     75.859     76.500     8.1952  34.914469    33.3859    140.753     0.0069      7.766    82.9367 3.1602e-02 -0.3991573    25.9786  0.000e+00
     76.500     77.147     8.1935  34.913249    33.3859    140.598     0.0069      7.761    82.2912 2.7650e-02 -0.6309949    25.9789  0.000e+00
     77.159     77.811     8.1920  34.912334    33.3860    140.271    -0.0004      7.761    81.8522 2.3894e-02 -0.6309949    25.9792  0.000e+00
     77.855     78.514     8.1898  34.910747    33.3861    139.644    -0.0077      7.761    81.5165 1.9745e-02  0.6606718    25.9796  0.000e+00
     78.601     79.265     8.1872  34.909038    33.3864    139.796    -0.0004      7.761    81.2583 1.6196e-02  0.7931504    25.9802  0.000e+00
     79.347     80.018     8.1864  34.908673    33.3864    139.942    -0.0077      7.756    81.0775 1.1133e-02 -0.2335590    25.9804  0.000e+00
     79.977     80.654     8.1862  34.908553    33.3863    139.783    -0.0077      7.756    80.7935 9.9713e-03  1.4555436    25.9803  0.000e+00
     80.518     81.199     8.1861  34.908616    33.3862    139.621    -0.0004      7.756    80.4578 7.8738e-03  0.0976376    25.9802  0.000e+00
     81.086     81.772     8.1859  34.908557    33.3860    139.460    -0.0077      7.752    80.2254 4.0493e-03 -0.6309949    25.9801  0.000e+00
     81.791     82.484     8.1859  34.908804    33.3860    139.301    -0.0150      7.752    79.9930 1.8804e-03 -0.6309949    25.9801  0.000e+00
     82.586     83.285     8.1850  34.908379    33.3860    139.146    -0.0077      7.752    79.7606 1.3173e-03 -0.6309949    25.9803  0.000e+00
     83.291     83.996     8.1820  34.906242    33.3862    138.996    -0.0150      7.752    79.5799 1.0000e-12 -0.3660376    25.9809  0.000e+00
     83.894     84.604     8.1778  34.903248    33.3867    138.847    -0.0150      7.747    79.3733 1.0000e-12 -0.4653966    25.9819  0.000e+00
     84.563     85.279     8.1759  34.902212    33.3871    138.693    -0.0150      7.747    79.1925 1.0000e-12 -0.4653966    25.9825  0.000e+00
     85.308     86.031     8.1740  34.900992    33.3873    138.540    -0.0077      7.747    79.0634 1.0000e-12  0.2963556    25.9830  0.000e+00
     86.025     86.754     8.1718  34.899588    33.3875    138.387    -0.0150      7.747    78.6761 1.0000e-12 -0.2666786    25.9835  0.000e+00
     86.741     87.476     8.1681  34.896840    33.3878    138.240    -0.0077      7.742    78.4695 1.0000e-12 -0.5316359    25.9843  0.000e+00
     87.407     88.148     8.1603  34.891219    33.3889    138.103    -0.0077      7.742    78.4437 1.0000e-12 -0.6309949    25.9863  0.000e+00
     87.897     88.643     8.1548  34.887309    33.3898    137.956    -0.0150      7.742    78.3146 1.0000e-12 -0.6309949    25.9878  0.000e+00
     88.311     89.060     8.1494  34.883216    33.3904    137.808     0.0143      7.737    78.4179 1.0000e-12 -0.0017214    25.9891  0.000e+00
     88.761     89.514     8.1370  34.873684    33.3918    137.682     0.0069      7.737    78.5986 1.0000e-12 -0.2335590    25.9921  0.000e+00
     89.370     90.128     8.1004  34.846253    33.3972    137.632    -0.0077      7.738    78.4954 1.0000e-12 -0.5647556    26.0017  0.000e+00
     90.065     90.829     8.0567  34.814434    33.4046    137.125    -0.0150      7.728    78.1339 1.0000e-12 -0.6309949    26.0140  0.000e+00
     90.624     91.392     8.0330  34.797155    33.4085    136.553    -0.0004      7.724    77.4625 1.0000e-12 -0.6309949    26.0205  0.000e+00
     90.773     91.543     8.0284  34.793737    33.4091    135.264     0.0069      7.719    76.7653 1.0000e-12  1.1574667    26.0217  0.000e+00
     90.639     91.408     8.0339  34.797338    33.4078    134.421     0.0143      7.719    75.7583 1.0000e-12  2.0848171    26.0198  0.000e+00
     90.605     91.374     8.0307  34.794286    33.4077    133.739     0.0216      7.719    76.5329 1.0000e-12  2.0848171    26.0202  0.000e+00
     90.670     91.440     8.0286  34.793126    33.4084    133.707     0.0289      7.714    75.9906 1.0000e-12 -0.1010803    26.0211  0.000e+00
     90.608     91.377     8.0239  34.789157    33.4087    133.989     0.0362      7.714    73.2535 1.0000e-12  1.5549026    26.0220  0.000e+00
     90.376     91.143     8.0230  34.788485    33.4089    133.641     0.0289      7.714    68.7864 1.0000e-12  1.8529795    26.0223  0.000e+00
     90.308     91.074     8.0218  34.787447    33.4089    133.778     0.0143      7.714    68.3216 1.0000e-12  1.2899453    26.0225  0.000e+00
     90.264     91.030     8.0210  34.786653    33.4090    133.914     0.0362      7.709    68.2183 1.0000e-12  1.8860991    26.0226  0.000e+00
     90.179     90.944     8.0215  34.786897    33.4088    133.738     0.0436      7.714    66.7206 1.0000e-12  0.8593897    26.0224  0.000e+00
     90.062     90.826     8.0275  34.791414    33.4079    133.546     0.0362      7.709    64.8098 1.0000e-12  0.4950735    26.0208  0.000e+00
     90.169     90.934     8.0286  34.792147    33.4075    133.372     0.0362      7.709    64.0352 1.0000e-12  0.4950735    26.0204  0.000e+00
     90.386     91.153     8.0339  34.796055    33.4066    133.667     0.0362      7.709    64.6291 1.0000e-12  0.1307573    26.0188  0.000e+00
     90.361     91.127     8.0381  34.799047    33.4058    133.961     0.0289      7.709    63.7770 1.0000e-12 -0.4322769    26.0176  0.000e+00
     90.156     90.921     8.0391  34.799718    33.4057    133.954     0.0362      7.709    67.4178 1.0000e-12 -0.6309949    26.0174  0.000e+00
     89.954     90.717     8.0404  34.800450    33.4053    133.947     0.0436      7.709    70.6197 1.0000e-12  0.0313983    26.0169  0.000e+00
     89.886     90.649     8.0470  34.805334    33.4042    133.926     0.0436      7.714    71.1103 1.0000e-12  2.4822530    26.0150  0.000e+00
     89.937     90.700     8.0476  34.805640    33.4040    134.405     0.0289      7.714    69.7160 1.0000e-12  0.8593897    26.0148  0.000e+00
     90.018     90.782     8.0421  34.801488    33.4048    134.423     0.0143      7.709    69.4319 1.0000e-12  1.0912274    26.0162  0.000e+00
     90.080     90.844     8.0372  34.798130    33.4058    134.132     0.0143      7.709    70.5939 1.0000e-12  1.0249880    26.0177  0.000e+00
     90.107     90.871     8.0365  34.797520    33.4058    134.135     0.0216      7.709    70.3357 1.0000e-12 -0.4322769    26.0178  0.000e+00
     90.139     90.904     8.0342  34.795810    33.4062    134.142     0.0436      7.709    70.8521 1.0000e-12 -0.4985162    26.0185  0.000e+00
     90.186     90.951     8.0326  34.794467    33.4062    134.148     0.0436      7.709    71.5751 7.3199e-05  0.6937915    26.0188  0.000e+00
     90.232     90.997     8.0319  34.794040    33.4064    133.671     0.0289      7.709    71.9883 1.0000e-12  1.6211419    26.0190  0.000e+00
     90.247     91.013     8.0302  34.792819    33.4067    133.677     0.0436      7.709    72.1949 1.0000e-12  2.0848171    26.0195  0.000e+00
     90.173     90.938     8.0300  34.792758    33.4069    133.983     0.0436      7.709    71.9883 1.0000e-12 -0.3660376    26.0196  0.000e+00
     90.016     90.779     8.0317  34.794100    33.4067    133.495     0.0362      7.709    71.3944 1.0000e-12 -0.0017214    26.0193  0.000e+00
     89.953     90.716     8.0323  34.794283    33.4065    133.493     0.0436      7.709    71.7301 1.0000e-12  0.5944325    26.0190  0.000e+00
     90.064     90.828     8.0319  34.793856    33.4063    133.803     0.0362      7.709    71.6784 1.0000e-12  1.1574667    26.0189  0.000e+00
     90.230     90.996     8.0297  34.792208    33.4066    133.813     0.0143      7.709    71.8592 1.0000e-12  1.1574667    26.0195  0.000e+00
     90.284     91.050     8.0286  34.791415    33.4067    133.817     0.0216      7.709    70.5681 1.0000e-12  0.9918684    26.0197  0.000e+00
     90.210     90.975     8.0291  34.791781    33.4067    133.814     0.0289      7.705    69.9225 1.0000e-12  0.5944325    26.0197  0.000e+00
     90.186     90.951     8.0301  34.792635    33.4066    133.811     0.0289      7.705    70.4390 1.0000e-12  0.0976376    26.0194  0.000e+00
     90.179     90.944     8.0316  34.793551    33.4062    133.327     0.0289      7.705    70.8779 1.0000e-12 -0.6309949    26.0189  0.000e+00
     90.091     90.855     8.0320  34.793856    33.4062    133.324     0.0362      7.709    70.5164 1.0000e-12 -0.3329179    26.0188  0.000e+00
     90.098     90.862     8.0321  34.793856    33.4061    134.110     0.0289      7.705    70.7747 1.0000e-12  0.2632359    26.0187  0.000e+00
     90.259     91.024     8.0298  34.792269    33.4065    134.120     0.0362      7.705    70.3615 1.0000e-12  1.1905863    26.0194  0.000e+00
     90.321     91.087     8.0267  34.789950    33.4070    133.344     0.0289      7.705    70.5164 1.0000e-12  3.2771248    26.0203  0.000e+00
     90.209     90.974     8.0303  34.792452    33.4063    133.332     0.0289      7.705    70.6456 1.0000e-12  0.1638769    26.0191  0.000e+00
     90.090     90.854     8.0319  34.793673    33.4061    133.632     0.0436      7.705    70.6972 1.0000e-12 -0.1010803    26.0188  0.000e+00
     90.104     90.868     8.0341  34.795260    33.4057    133.626     0.0509      7.705    71.4460 1.0000e-12  0.6606718    26.0181  0.000e+00
     90.232     90.997     8.0310  34.793002    33.4061    133.637     0.0436      7.705    71.1878 1.0000e-12  2.1179368    26.0189  0.000e+00
     90.296     91.062     8.0294  34.791781    33.4064    134.123     0.0216      7.705    71.3944 1.0000e-12  0.1638769    26.0194  0.000e+00
     90.263     91.029     8.0306  34.792758    33.4063    134.119     0.0362      7.705    71.6526 2.0988e-04 -0.2666786    26.0191  0.000e+00
     90.307     91.073     8.0312  34.793063    33.4060    133.331     0.0436      7.709    71.0587 7.3199e-05  0.7600308    26.0188  0.000e+00
     90.448     91.215     8.0322  34.793918    33.4059    133.331     0.0289      7.705    70.4648 1.0000e-12  3.2771248    26.0186  0.000e+00
     90.438     91.205     8.0305  34.792697    33.4062    133.642     0.0143      7.705    70.2840 2.0988e-04 -0.0348410    26.0191  0.000e+00
     90.256     91.021     8.0337  34.794895    33.4056    133.630     0.0362      7.705    70.5423 2.0988e-04 -0.3991573    26.0182  0.000e+00
     90.108     90.872     8.0356  34.796298    33.4053    133.622     0.0362      7.705    71.8075 1.0000e-12 -0.5978752    26.0176  0.000e+00
     90.111     90.875     8.0377  34.797703    33.4049    133.616     0.0362      7.705    71.9108 1.0000e-12 -0.6309949    26.0170  0.000e+00
     90.234     91.000     8.0323  34.793918    33.4059    133.634     0.0289      7.705    71.0071 1.0000e-12 -0.6309949    26.0186  0.000e+00
     90.297     91.063     8.0303  34.792453    33.4062    133.161     0.0216      7.705    71.6526 1.0000e-12  1.0249880    26.0191  0.000e+00
     90.237     91.003     8.0292  34.791781    33.4066    133.163     0.0289      7.705    71.3169 2.0988e-04  1.1905863    26.0195  0.000e+00
     90.210     90.976     8.0301  34.792269    33.4062    133.947     0.0362      7.705    70.9296 1.0381e-03  0.1638769    26.0191  0.000e+00
     90.288     91.054     8.0303  34.792453    33.4062    133.468     0.0362      7.705    70.7488 2.0988e-04 -0.1673197    26.0191  0.000e+00
     90.408     91.175     8.0323  34.793979    33.4059    133.158     0.0069      7.705    70.4906 1.0000e-12  0.2963556    26.0185  0.000e+00
     90.506     91.274     8.0317  34.793491    33.4058    133.468     0.0289      7.705    69.8967 2.0988e-04  0.1307573    26.0186  0.000e+00
     90.492     91.259     8.0314  34.793125    33.4058    133.469     0.0289      7.705    69.5610 1.0000e-12 -0.3991573    26.0186  0.000e+00
     90.362     91.129     8.0300  34.792209    33.4062    133.471     0.0362      7.705    69.9225 1.0000e-12 -0.3991573    26.0191  0.000e+00
     90.196     90.961     8.0314  34.793124    33.4059    133.464     0.0216      7.705    71.3686 1.0000e-12  0.0313983    26.0187  0.000e+00
     90.056     90.819     8.0329  34.794222    33.4057    133.457     0.0362      7.705    73.0728 1.0000e-12  0.5613128    26.0183  0.000e+00
     90.056     90.819     8.0356  34.796054    33.4051    133.449     0.0362      7.705    73.5892 1.0000e-12  0.6606718    26.0175  0.000e+00
     90.276     91.042     8.0332  34.794467    33.4056    133.460     0.0362      7.705    71.6268 2.0988e-04 -0.3660376    26.0182  0.000e+00
     90.509     91.277     8.0300  34.792148    33.4061    133.474     0.0216      7.705    72.2981 2.0988e-04  0.8262701    26.0191  0.000e+00
     90.493     91.261     8.0289  34.791354    33.4063    133.477     0.0143      7.705    72.4789 1.0000e-12  1.7205009    26.0194  0.000e+00
     90.313     91.079     8.0323  34.793918    33.4058    133.464     0.0289      7.705    72.7371 8.9907e-04  2.0848171    26.0185  0.000e+00
     90.233     90.999     8.0322  34.793673    33.4058    133.463     0.0362      7.705    73.7700 2.0988e-04  1.4224239    26.0185  0.000e+00
     90.304     91.070     8.0311  34.792819    33.4059    133.467     0.0436      7.705    73.0986 4.8439e-04  0.0313983    26.0187  0.000e+00
     90.375     91.142     8.0279  34.790560    33.4065    133.478     0.0216      7.705    72.8662 1.0000e-12  1.0581077    26.0197  0.000e+00
     90.387     91.153     8.0275  34.790194    33.4064    133.480     0.0143      7.705    72.4014 8.9907e-04  1.8198598    26.0197  0.000e+00
     90.355     91.122     8.0262  34.789461    33.4069    133.483     0.0289      7.705    71.9625 4.8439e-04  1.5217829    26.0203  0.000e+00
     90.337     91.103     8.0269  34.790133    33.4069    133.480     0.0436      7.705    71.7817 7.3199e-05  0.2632359    26.0202  0.000e+00
     90.355     91.122     8.0284  34.790743    33.4062    132.997     0.0436      7.705    71.5751 7.6046e-04  0.0976376    26.0193  0.000e+00
     90.331     91.097     8.0288  34.791232    33.4063    132.995     0.0509      7.705    71.2653 1.0381e-03  0.5281932    26.0194  0.000e+00
     90.257     91.023     8.0328  34.794040    33.4055    133.289     0.0362      7.705    71.3169 1.7390e-03  1.2237060    26.0182  0.000e+00
     90.215     90.980     8.0345  34.795261    33.4052    133.283     0.0362      7.705    71.4460 2.0221e-03  0.7269111    26.0177  0.000e+00
     90.294     91.060     8.0313  34.792758    33.4056    133.295     0.0362      7.705    71.3169 1.4574e-03  1.4224239    26.0185  0.000e+00
     90.426     91.194     8.0259  34.788851    33.4065    133.793     0.0216      7.705    71.2911 2.1643e-03  1.2237060    26.0200  0.000e+00
     90.389     91.156     8.0229  34.786714    33.4071    133.801     0.0143      7.705    71.9625 1.7390e-03  0.6937915    26.0209  0.000e+00
