Arg_L2_SF14_moy.cnv
* Sea-Bird SBE 9 Data File:
* FileName = S:\CTD_Data\CTD\Data\Argentina 2014\Data\Arg_L2_SF14.hex
* Software Version Seasave V 7.21g
* Temperature SN = 5769
* Conductivity SN = 4244
* Number of Bytes Per Scan = 31
* Number of Voltage Words = 4
* Number of Scans Averaged by the Deck Unit = 24
* NMEA Latitude = 45 56.69 S
* NMEA Longitude = 065 33.61 W
* NMEA UTC (Time) = Feb 08 2014 04:01:49
* NMEA baud rate = 9600
** R/V Coriolis II
** MARES project, ARGENTINA 2014
** Chief scientist : Dr. Gustavo Ferreyra
** Co-Chief scientist : Dr. José Luis Esteves
# nquan = 13
# nvalues = 674                                   
# units = specified
# name 0 = depSM: Depth [salt water, m]
# name 1 = prDM: Pressure, Digiquartz [db]
# name 2 = t090C: Temperature [ITS-90, deg C]
# name 3 = c0mS/cm: Conductivity [mS/cm]
# name 4 = sal00: Salinity, Practical [PSU]
# name 5 = sbeox0Mm/Kg: Oxygen, SBE 43 [umol/Kg]
# name 6 = flECO-AFL: Fluorescence, WET Labs ECO-AFL/FL [mg/m^3]
# name 7 = ph: pH
# name 8 = CStarTr0: Beam Transmission, WET Labs C-Star [%]
# name 9 = par: PAR/Irradiance, Biospherical/Licor
# name 10 = upoly0: Upoly 0, Nitrate
# name 11 = sigma-é00: Density [sigma-theta, Kg/m^3]
# name 12 = flag:  0.000e+00
# span 0 =     -0.267,     83.795                 
# span 1 =     -0.269,     84.505                 
# span 2 =     9.8003,    13.9444                 
# span 3 =  16.133367,  39.939378                 
# span 4 =    12.2705,    33.2427                 
# span 5 =    153.355,    263.199                 
# span 6 =    -0.0370,     1.4575                 
# span 7 =      7.884,      8.225                 
# span 8 =    61.2723,    97.3969                 
# span 9 = 1.0000e-12, 4.5649e-01                 
# span 10 = -0.7303538,  3.4096034                
# span 11 =     8.7054,    25.6075                
# span 12 = 0.0000e+00, 0.0000e+00                
# interval = seconds: 1
# start_time = Feb 08 2014 04:01:49 [NMEA time, header]
# bad_flag = -9.990e-29
*END*
[from data line 445]
     36.454     36.759    12.3030  38.403962    33.1616    208.321     0.0655      8.119    97.1128 1.0000e-12 -0.4653966    25.1051  0.000e+00
     35.670     35.968    12.4210  38.519454    33.1685    209.909     0.0729      8.128    96.9837 7.3199e-05 -0.4653966    25.0878  0.000e+00
     35.097     35.390    12.5643  38.652460    33.1697    211.224     0.1168      8.137    96.9579 1.0000e-12 -0.4653966    25.0612  0.000e+00
     34.716     35.006    12.6619  38.752831    33.1797    212.074     0.1388      8.141    97.1903 1.0000e-12 -0.4653966    25.0500  0.000e+00
     34.183     34.468    12.8148  38.896434    33.1822    212.889     0.1535      8.150    97.2936 1.0000e-12 -0.4653966    25.0222  0.000e+00
     33.391     33.670    12.9086  38.988433    33.1875    213.964     0.1608      8.159    97.2678 1.0000e-12 -0.4985162    25.0079  0.000e+00
     32.611     32.884    13.0479  39.120359    33.1907    214.824     0.1754      8.163    97.2936 1.0000e-12 -0.4653966    24.9829  0.000e+00
     32.014     32.281    13.1376  39.208346    33.1956    215.548     0.2267      8.167    97.2161 7.6046e-04 -0.4653966    24.9688  0.000e+00
     31.518     31.781    13.2397  39.308716    33.2011    216.216     0.2560      8.171    97.2678 1.0000e-12 -0.4985162    24.9528  0.000e+00
     31.002     31.261    13.3246  39.392447    33.2060    217.898     0.2926      8.180    97.2678 1.0000e-12 -0.4653966    24.9396  0.000e+00
     30.509     30.764    13.3686  39.434338    33.2072    217.963     0.3146      8.180    97.1386 1.0000e-12 -0.4653966    24.9316  0.000e+00
     30.058     30.309    13.3967  39.464694    33.2114    218.046     0.3659      8.185    97.1128 8.9907e-04 -0.4653966    24.9292  0.000e+00
     29.531     29.778    13.4501  39.516506    33.2136    217.974     0.4172      8.189    97.0354 1.0000e-12 -0.4653966    24.9202  0.000e+00
     28.805     29.045    13.4777  39.543480    33.2152    218.530     0.4099      8.189    96.9063 7.3199e-05 -0.5978752    24.9158  0.000e+00
     28.034     28.268    13.4961  39.562109    33.2169    219.388     0.4758      8.194    96.5189 1.0000e-12 -0.4985162    24.9134  0.000e+00
     27.446     27.675    13.5102  39.576822    33.2187    219.499     0.5930      8.194    96.3640 2.5932e-03 -0.4653966    24.9119  0.000e+00
     26.986     27.211    13.5289  39.596936    33.2215    219.797     0.6663      8.198    96.1316 7.6046e-04 -0.5647556    24.9102  0.000e+00
     26.449     26.670    13.5597  39.626698    33.2227    220.245     0.6882      8.198    96.1316 1.0000e-12 -0.4985162    24.9049  0.000e+00
     25.850     26.066    13.5770  39.643543    33.2237    220.754     0.7176      8.198    95.9767 1.0000e-12 -0.4653966    24.9021  0.000e+00
     25.274     25.485    13.5953  39.661869    33.2251    220.186     0.7615      8.203    95.5635 4.8439e-04 -0.5978752    24.8994  0.000e+00
     24.592     24.797    13.6130  39.678848    33.2259    220.692     0.8494      8.203    95.4086 3.4694e-04 -0.4985162    24.8965  0.000e+00
     23.857     24.055    13.6395  39.705545    33.2280    221.054     0.9007      8.202    95.1762 3.4694e-04 -0.4653966    24.8927  0.000e+00
     23.312     23.506    13.6819  39.746026    33.2292    220.380     1.1571      8.207    94.9180 3.4694e-04 -0.6309949    24.8850  0.000e+00
     23.004     23.195    13.7139  39.775125    33.2287    221.594     1.2011      8.207    94.6856 4.8439e-04 -0.4985162    24.8780  0.000e+00
     22.765     22.955    13.7101  39.771647    33.2288    221.756     1.1425      8.207    94.4532 7.3199e-05 -0.4653966    24.8789  0.000e+00
     22.512     22.700    13.7294  39.791029    33.2302    221.350     1.1058      8.207    94.2983 1.0000e-12 -0.6641145    24.8760  0.000e+00
     22.326     22.512    13.7451  39.806229    33.2308    221.423     1.1058      8.211    94.3241 1.0000e-12 -0.4985162    24.8733  0.000e+00
     22.048     22.231    13.7582  39.818724    33.2312    222.719     1.1058      8.211    94.3757 1.0000e-12 -0.4653966    24.8709  0.000e+00
     21.628     21.809    13.7636  39.823619    33.2313    222.125     1.1278      8.211    94.5307 3.4694e-04 -0.6309949    24.8698  0.000e+00
     21.250     21.427    13.7674  39.826903    33.2312    222.145     1.2157      8.211    94.5823 2.0988e-04 -0.7303538    24.8690  0.000e+00
     20.962     21.137    13.7699  39.830123    33.2321    221.973     1.3549      8.211    94.4015 1.0000e-12 -0.5978752    24.8691  0.000e+00
     20.734     20.906    13.7736  39.833601    33.2323    220.634     1.3549      8.211    94.3241 3.4694e-04 -0.6972342    24.8685  0.000e+00
     20.583     20.754    13.7723  39.832634    33.2325    222.607     1.2230      8.211    94.3499 7.3199e-05 -0.7303538    24.8690  0.000e+00
     20.489     20.660    13.7675  39.828640    33.2330    222.677     1.1644      8.211    94.2208 1.0000e-12 -0.6641145    24.8704  0.000e+00
     20.427     20.597    13.7676  39.828897    33.2332    220.953     1.2157      8.211    94.3499 6.2223e-04 -0.5978752    24.8705  0.000e+00
     20.389     20.558    13.7688  39.830121    33.2333    221.503     1.1864      8.216    94.3499 6.2223e-04 -0.5316359    24.8703  0.000e+00
     20.348     20.517    13.7693  39.830765    33.2335    221.551     1.1498      8.216    94.2724 7.3199e-05 -0.5978752    24.8703  0.000e+00
     20.304     20.473    13.7695  39.831216    33.2337    221.700     1.1644      8.216    94.2983 1.0381e-03 -0.7303538    24.8705  0.000e+00
     20.191     20.359    13.7674  39.829089    33.2336    220.847     1.1644      8.216    94.3757 1.0000e-12 -0.7303538    24.8708  0.000e+00
     20.173     20.341    13.7681  39.830378    33.2342    220.640     1.1791      8.216    94.2208 6.2223e-04 -0.5978752    24.8711  0.000e+00
     20.479     20.649    13.7627  39.825096    33.2339    221.990     1.2304      8.216    94.2983 1.0000e-12 -0.5978752    24.8720  0.000e+00
     20.762     20.935    13.7599  39.822649    33.2339    221.303     1.2670      8.216    94.2724 1.0000e-12 -0.7303538    24.8726  0.000e+00
     20.642     20.814    13.7560  39.818784    33.2337    222.328     1.2230      8.216    94.2466 7.3199e-05 -0.7303538    24.8732  0.000e+00
     20.326     20.496    13.7529  39.817043    33.2349    222.383     1.1791      8.216    94.3241 2.0988e-04 -0.5978752    24.8748  0.000e+00
     20.294     20.463    13.7718  39.834438    33.2348    222.192     1.2011      8.216    94.3757 1.0000e-12 -0.7303538    24.8708  0.000e+00
     20.469     20.639    13.7715  39.834116    33.2346    222.755     1.3842      8.216    94.2724 1.0000e-12 -0.7303538    24.8708  0.000e+00
     20.426     20.596    13.7686  39.831088    33.2344    220.593     1.2597      8.216    94.3757 1.0000e-12 -0.7303538    24.8712  0.000e+00
     20.312     20.481    13.7685  39.831603    33.2350    220.741     1.1864      8.216    94.2983 1.0000e-12 -0.7303538    24.8717  0.000e+00
     20.487     20.657    13.7679  39.830895    33.2347    220.700     1.3036      8.216    94.3241 1.0000e-12 -0.5978752    24.8716  0.000e+00
     20.829     21.002    13.7642  39.827739    33.2349    219.815     1.3256      8.216    94.2208 1.0000e-12 -0.7303538    24.8724  0.000e+00
     20.795     20.968    13.7679  39.831605    33.2353    222.176     1.2670      8.216    94.2466 1.0000e-12 -0.7303538    24.8720  0.000e+00
     20.380     20.549    13.7696  39.832763    33.2351    221.854     1.2230      8.216    94.3757 1.0000e-12 -0.7303538    24.8715  0.000e+00
     20.044     20.211    13.7708  39.833857    33.2352    220.472     1.2450      8.216    94.1433 1.0000e-12 -0.7303538    24.8713  0.000e+00
     20.090     20.257    13.7723  39.835339    33.2352    222.287     1.2817      8.216    94.1433 1.0000e-12 -0.7303538    24.8710  0.000e+00
     20.499     20.670    13.7692  39.832441    33.2351    222.869     1.2597      8.216    94.2724 8.9907e-04 -0.6972342    24.8716  0.000e+00
     20.938     21.113    13.7528  39.816981    33.2347    221.084     1.2157      8.216    94.3241 1.0000e-12 -0.5647556    24.8747  0.000e+00
     21.006     21.181    13.7492  39.814405    33.2354    220.544     1.2963      8.216    94.2983 1.0000e-12 -0.7303538    24.8759  0.000e+00
     20.474     20.644    13.7723  39.835727    33.2355    221.033     1.2084      8.216    94.2466 1.0000e-12 -0.7303538    24.8713  0.000e+00
     20.059     20.226    13.7718  39.835017    33.2354    221.934     1.1718      8.216    94.2983 3.4694e-04 -0.7303538    24.8713  0.000e+00
     20.042     20.209    13.7717  39.835145    33.2356    221.226     1.3183      8.216    94.3241 4.8439e-04 -0.5978752    24.8715  0.000e+00
     20.242     20.411    13.7746  39.837852    33.2356    221.521     1.2304      8.216    94.3499 7.6046e-04 -0.6972342    24.8709  0.000e+00
     20.314     20.484    13.7753  39.838755    33.2357    220.156     1.2890      8.216    94.1950 1.0000e-12 -0.6309949    24.8708  0.000e+00
     20.298     20.466    13.7773  39.840430    33.2356    220.803     1.2817      8.216    94.3757 1.0000e-12 -0.6972342    24.8703  0.000e+00
     20.396     20.566    13.7749  39.838111    33.2355    222.184     1.3183      8.216    94.2724 7.3199e-05 -0.4653966    24.8707  0.000e+00
     20.584     20.755    13.7740  39.837660    33.2357    221.585     1.3696      8.216    94.2208 1.0000e-12 -0.7303538    24.8711  0.000e+00
     20.540     20.711    13.7722  39.835792    33.2356    221.035     1.3110      8.216    94.1950 1.0000e-12 -0.7303538    24.8714  0.000e+00
     20.240     20.408    13.7724  39.835984    33.2357    221.733     1.2084      8.216    94.2724 2.0988e-04 -0.7303538    24.8714  0.000e+00
     20.094     20.262    13.7716  39.835210    33.2358    221.228     1.2230      8.216    94.4274 1.0000e-12 -0.7303538    24.8716  0.000e+00
     20.245     20.414    13.7716  39.835404    33.2359    220.827     1.4575      8.216    94.3757 2.0988e-04 -0.6972342    24.8717  0.000e+00
     20.440     20.610    13.7701  39.833923    33.2357    221.244     1.3622      8.216    94.3241 1.0000e-12 -0.6309949    24.8719  0.000e+00
     20.529     20.700    13.7688  39.832828    33.2358    222.669     1.3549      8.216    94.2983 7.6046e-04 -0.5647556    24.8722  0.000e+00
     20.454     20.624    13.7707  39.834761    33.2360    220.888     1.3110      8.216    94.3499 1.0000e-12 -0.5316359    24.8720  0.000e+00
     20.235     20.404    13.7709  39.834824    33.2359    219.362     1.2597      8.216    94.3499 1.0000e-12 -0.6309949    24.8719  0.000e+00
     20.070     20.237    13.7713  39.835146    33.2360    221.077     1.2084      8.216    94.2466 1.0000e-12 -0.7303538    24.8718  0.000e+00
     20.178     20.345    13.7720  39.835855    33.2359    222.897     1.3110      8.216    94.4532 1.0000e-12 -0.7303538    24.8716  0.000e+00
     20.408     20.577    13.7721  39.835985    33.2359    221.437     1.4062      8.216    94.2466 1.0000e-12 -0.7303538    24.8716  0.000e+00
     20.487     20.657    13.7721  39.836049    33.2359    219.920     1.3476      8.216    94.1950 1.0000e-12 -0.7303538    24.8716  0.000e+00
     20.413     20.583    13.7724  39.836307    33.2359    220.879     1.2377      8.216    94.3241 1.0000e-12 -0.6972342    24.8716  0.000e+00
     20.322     20.491    13.7724  39.836306    33.2360    221.282     1.2084      8.216    94.3241 1.0000e-12 -0.7303538    24.8716  0.000e+00
     20.224     20.392    13.7718  39.835404    33.2357    221.434     1.2084      8.220    94.3241 1.0000e-12 -0.7303538    24.8716  0.000e+00
     20.182     20.350    13.7724  39.836370    33.2361    221.783     1.1864      8.216    94.3757 1.0000e-12 -0.6972342    24.8717  0.000e+00
     20.261     20.429    13.7720  39.835984    33.2360    221.584     1.2377      8.216    94.4015 1.0000e-12 -0.4653966    24.8717  0.000e+00
     20.377     20.546    13.7727  39.836500    33.2359    221.028     1.3256      8.216    94.2724 1.0000e-12 -0.5978752    24.8715  0.000e+00
     20.391     20.560    13.7703  39.834567    33.2361    222.808     1.2670      8.216    94.3499 1.0000e-12 -0.7303538    24.8722  0.000e+00
     20.336     20.505    13.7712  39.835276    33.2361    221.944     1.2011      8.216    94.3499 1.0000e-12 -0.7303538    24.8719  0.000e+00
     20.340     20.509    13.7690  39.833214    33.2360    220.940     1.2377      8.216    94.1950 1.0000e-12 -0.7303538    24.8724  0.000e+00
     20.292     20.461    13.7681  39.832312    33.2360    221.551     1.2304      8.216    94.2983 1.0000e-12 -0.7303538    24.8725  0.000e+00
     20.152     20.320    13.7718  39.835790    33.2361    221.884     1.2011      8.216    94.2466 1.0000e-12 -0.5978752    24.8719  0.000e+00
     20.051     20.217    13.7711  39.835146    33.2361    221.884     1.2084      8.220    94.2208 1.0000e-12 -0.7303538    24.8720  0.000e+00
     20.090     20.257    13.7721  39.836112    33.2362    221.678     1.2450      8.216    94.3499 1.0000e-12 -0.7303538    24.8718  0.000e+00
     20.272     20.441    13.7695  39.833665    33.2361    221.342     1.2743      8.216    94.2983 1.0000e-12 -0.7303538    24.8723  0.000e+00
     20.461     20.632    13.7669  39.831281    33.2360    221.359     1.2890      8.216    94.2983 3.4694e-04 -0.6641145    24.8728  0.000e+00
     20.470     20.640    13.7666  39.831153    33.2361    222.979     1.2524      8.216    94.3757 3.4694e-04 -0.5316359    24.8729  0.000e+00
     20.288     20.456    13.7679  39.832376    33.2362    220.136     1.1791      8.220    94.3499 1.0000e-12 -0.6972342    24.8727  0.000e+00
     20.113     20.280    13.7692  39.833471    33.2362    220.376     1.1791      8.220    94.3241 1.0000e-12 -0.7303538    24.8724  0.000e+00
     20.084     20.252    13.7688  39.832955    33.2361    221.292     1.1937      8.220    94.3499 1.0000e-12 -0.7303538    24.8724  0.000e+00
     20.110     20.277    13.7676  39.831151    33.2354    220.691     1.2304      8.220    94.3241 1.0000e-12 -0.5978752    24.8721  0.000e+00
     20.107     20.274    13.7665  39.830829    33.2361    222.162     1.2304      8.220    94.3241 1.0000e-12 -0.6972342    24.8729  0.000e+00
     20.180     20.348    13.7669  39.831216    33.2361    222.162     1.2304      8.220    94.3499 1.0000e-12 -0.5978752    24.8728  0.000e+00
     20.341     20.511    13.7655  39.830057    33.2361    220.857     1.2377      8.220    94.3499 1.0000e-12 -0.5647556    24.8732  0.000e+00
     20.354     20.523    13.7671  39.831668    33.2362    220.496     1.2304      8.216    94.2466 1.0000e-12 -0.5647556    24.8729  0.000e+00
     20.123     20.290    13.7722  39.836563    33.2365    221.579     1.1864      8.220    94.3241 1.0000e-12 -0.6641145    24.8720  0.000e+00
     19.928     20.094    13.7805  39.844359    33.2366    223.506     1.1644      8.220    94.4790 1.0000e-12 -0.6972342    24.8704  0.000e+00
     20.041     20.207    13.7930  39.855959    33.2365    221.279     1.2377      8.220    94.3499 1.0000e-12 -0.7303538    24.8678  0.000e+00
     20.231     20.400    13.7907  39.853640    33.2363    219.930     1.3622      8.220    94.2208 1.0000e-12 -0.5978752    24.8681  0.000e+00
     20.242     20.411    13.7898  39.853124    33.2366    220.946     1.2524      8.220    94.3241 1.0000e-12 -0.7303538    24.8685  0.000e+00
     20.195     20.363    13.7895  39.852415    33.2362    220.795     1.1644      8.220    94.3499 1.0000e-12 -0.5978752    24.8682  0.000e+00
     20.300     20.469    13.7845  39.848034    33.2364    220.113     1.1718      8.220    94.3757 1.0000e-12 -0.7303538    24.8694  0.000e+00
     20.362     20.532    13.7715  39.835791    33.2362    222.500     1.2157      8.220    94.2724 1.0000e-12 -0.5978752    24.8720  0.000e+00
     19.806     19.971    13.7730  39.837400    33.2366    221.820     1.1644      8.220    94.2983 1.0000e-12 -0.7303538    24.8720  0.000e+00
