Arg_L2_F5_NV.cnv
* Sea-Bird SBE 9 Data File:
* FileName = S:\CTD_Data\CTD\Data\Argentina 2014\Data\Arg_L2_F5.hex
* Software Version Seasave V 7.21g
* Temperature SN = 5769
* Conductivity SN = 4244
* Number of Bytes Per Scan = 31
* Number of Voltage Words = 4
* Number of Scans Averaged by the Deck Unit = 24
* NMEA Latitude = 46 30.59 S
* NMEA Longitude = 065 56.88 W
* NMEA UTC (Time) = Feb 06 2014 02:35:54
* NMEA baud rate = 9600
** R/V Coriolis II
** MARES project, ARGENTINA 2014
** Chief scientist : Dr. Gustavo Ferreyra
** Co-Chief scientist : Dr. José Luis Esteves
# nquan = 13
# nvalues = 683                                   
# units = specified
# name 0 = depSM: Depth [salt water, m]
# name 1 = prDM: Pressure, Digiquartz [db]
# name 2 = t090C: Temperature [ITS-90, deg C]
# name 3 = c0mS/cm: Conductivity [mS/cm]
# name 4 = sal00: Salinity, Practical [PSU]
# name 5 = sbeox0Mm/Kg: Oxygen, SBE 43 [umol/Kg]
# name 6 = flECO-AFL: Fluorescence, WET Labs ECO-AFL/FL [mg/m^3]
# name 7 = ph: pH
# name 8 = CStarTr0: Beam Transmission, WET Labs C-Star [%]
# name 9 = par: PAR/Irradiance, Biospherical/Licor
# name 10 = upoly0: Upoly 0, Nitrate
# name 11 = sigma-é00: Density [sigma-theta, Kg/m^3]
# name 12 = flag:  0.000e+00
# span 0 =     -0.268,     87.625                 
# span 1 =     -0.270,     88.373                 
# span 2 =    10.1465,    13.6894                 
# span 3 =   5.840446,  39.778414                 
# span 4 =     4.1826,    33.2604                 
# span 5 =    169.073,    253.860                 
# span 6 =     0.0069,     0.8641                 
# span 7 =      7.939,      8.223                 
# span 8 =    36.7674,    96.8804                 
# span 9 = 1.0000e-12, 3.0586e-01                 
# span 10 = -0.7634735,  6.7546889                
# span 11 =     2.5897,    25.5559                
# span 12 = 0.0000e+00, 0.0000e+00                
# interval = seconds: 1
# start_time = Feb 06 2014 02:35:54 [NMEA time, header]
# bad_flag = -9.990e-29
*END*
[from data line 334]
     58.800     59.298    10.9921  37.240067    33.1876    188.903     0.0509      8.021    83.5306 4.8439e-04  4.3369538    25.3670  0.000e+00
     58.926     59.425    10.9920  37.240130    33.1877    188.906     0.0802      8.021    83.4531 1.0000e-12  3.0784068    25.3671  0.000e+00
     59.130     59.631    10.9901  37.238626    33.1878    189.167     0.0729      8.021    83.5048 1.0000e-12  3.9063983    25.3676  0.000e+00
     59.120     59.621    10.9884  37.237497    33.1883    189.173     0.0582      8.021    83.6339 7.3199e-05  3.9063983    25.3682  0.000e+00
     58.780     59.278    10.9916  37.239816    33.1878    189.152     0.0729      8.021    83.5822 1.0000e-12  2.8134496    25.3673  0.000e+00
     58.379     58.873    10.9947  37.242198    33.1876    189.130     0.0655      8.021    83.7113 7.3199e-05  3.8070393    25.3665  0.000e+00
     58.440     58.935    10.9963  37.243515    33.1874    189.534     0.0655      8.021    83.7113 2.0988e-04  3.1115265    25.3661  0.000e+00
     58.902     59.401    10.9933  37.241196    33.1876    189.558     0.0509      8.021    83.6597 1.0000e-12  2.5153726    25.3668  0.000e+00
     59.126     59.626    10.9891  37.237936    33.1880    189.741     0.0436      8.021    83.6597 1.0000e-12  2.2172957    25.3679  0.000e+00
     58.866     59.365    10.9921  37.240381    33.1878    189.722     0.0582      8.021    83.6855 1.0000e-12  3.3102444    25.3672  0.000e+00
     58.450     58.945    10.9963  37.243453    33.1873    189.448     0.0509      8.021    83.6855 7.6046e-04  3.4427231    25.3661  0.000e+00
     58.223     58.716    10.9990  37.245584    33.1871    189.432     0.0729      8.021    83.7113 7.6046e-04  3.3764838    25.3654  0.000e+00
     58.307     58.801    10.9994  37.245961    33.1870    189.432     0.0582      8.021    83.6597 7.3199e-05  3.1777658    25.3653  0.000e+00
     58.601     59.098    10.9971  37.244268    33.1874    189.449     0.0362      8.021    83.5822 1.0000e-12  2.2504154    25.3660  0.000e+00
     58.845     59.343    10.9938  37.241698    33.1877    189.877     0.0436      8.021    83.7113 1.0000e-12  2.2172957    25.3668  0.000e+00
     58.696     59.193    10.9942  37.241948    33.1876    189.872     0.0509      8.021    83.7888 2.0988e-04  2.5153726    25.3667  0.000e+00
     58.230     58.723    10.9977  37.244706    33.1874    189.598     0.0362      8.021    83.7888 1.0000e-12  2.8134496    25.3658  0.000e+00
     58.040     58.532    11.0012  37.247214    33.1868    189.580     0.0582      8.021    83.7888 1.0000e-12  3.0452872    25.3648  0.000e+00
     58.338     58.832    10.9998  37.246149    33.1869    189.593     0.0582      8.021    83.7113 1.0000e-12  3.2108855    25.3651  0.000e+00
     58.621     59.117    10.9971  37.244269    33.1874    189.611     0.0509      8.021    83.7113 7.3199e-05  3.3102444    25.3660  0.000e+00
     58.496     58.992    10.9983  37.245209    33.1872    189.603     0.0582      8.021    83.7630 1.0000e-12  3.6414410    25.3656  0.000e+00
     58.084     58.576    11.0010  37.247152    33.1869    189.582     0.0509      8.021    83.8146 1.0000e-12  4.6019111    25.3649  0.000e+00
     57.893     58.383    11.0028  37.248593    33.1868    189.570     0.0509      8.021    83.8405 1.0000e-12  3.3433641    25.3645  0.000e+00
     57.992     58.483    11.0037  37.249346    33.1867    189.569     0.0582      8.021    83.7888 1.0000e-12  2.9459282    25.3642  0.000e+00
     58.057     58.549    11.0038  37.249535    33.1868    189.979     0.0655      8.021    83.7113 1.0000e-12  2.7140906    25.3643  0.000e+00
     58.095     58.587    11.0035  37.249284    33.1867    189.981     0.0729      8.021    83.7888 1.0000e-12  2.4491333    25.3643  0.000e+00
     58.187     58.680    11.0032  37.249222    33.1869    189.737     0.0729      8.021    83.9179 2.0988e-04  2.4822530    25.3645  0.000e+00
     58.272     58.766    11.0023  37.248407    33.1869    189.743     0.0802      8.021    83.9179 3.4694e-04  2.5484923    25.3647  0.000e+00
     58.248     58.742    11.0030  37.249096    33.1869    189.739     0.0875      8.021    83.9437 1.0000e-12  2.5816120    25.3645  0.000e+00
     58.122     58.614    11.0038  37.249786    33.1869    189.733     0.0729      8.021    83.8663 1.0000e-12  2.6147316    25.3644  0.000e+00
     57.936     58.427    11.0050  37.250663    33.1868    189.723     0.0509      8.021    83.8405 1.0000e-12  2.7472103    25.3641  0.000e+00
     57.724     58.213    11.0065  37.251729    33.1867    189.712     0.0436      8.021    83.9437 2.0988e-04  2.4491333    25.3637  0.000e+00
     57.649     58.137    11.0085  37.253359    33.1865    190.111     0.0729      8.021    83.9179 7.3199e-05  2.3166547    25.3632  0.000e+00
     57.864     58.354    11.0073  37.252545    33.1866    190.121     0.0582      8.021    83.9954 1.0000e-12  2.2835350    25.3636  0.000e+00
     58.194     58.687    11.0046  37.250602    33.1870    189.892     0.0362      8.026    83.9954 1.0000e-12  2.3828940    25.3643  0.000e+00
     58.210     58.702    11.0043  37.250288    33.1869    189.485     0.0509      8.026    83.9437 1.0000e-12  2.5153726    25.3643  0.000e+00
     57.870     58.360    11.0072  37.252545    33.1867    189.466     0.0582      8.021    83.9179 1.0000e-12  3.0784068    25.3637  0.000e+00
     57.559     58.047    11.0115  37.255742    33.1862    190.097     0.0655      8.026    83.8921 2.0988e-04  3.5089624    25.3625  0.000e+00
     57.612     58.099    11.0153  37.258879    33.1858    190.083     0.0655      8.026    83.8663 1.0000e-12  2.4160137    25.3615  0.000e+00
     57.844     58.333    11.0120  37.256183    33.1860    189.855     0.0509      8.026    83.8663 1.0000e-12  2.5484923    25.3623  0.000e+00
     57.940     58.431    11.0097  37.254678    33.1865    190.274     0.0509      8.026    83.8663 7.3199e-05  3.0784068    25.3631  0.000e+00
     57.766     58.255    11.0133  37.257437    33.1861    190.256     0.0582      8.026    83.8146 2.0988e-04  3.3764838    25.3621  0.000e+00
     57.450     57.936    11.0177  37.260823    33.1856    189.983     0.0582      8.026    83.7888 1.0000e-12  1.9523385    25.3609  0.000e+00
     57.393     57.879    11.0200  37.262830    33.1855    189.972     0.0582      8.026    83.8663 1.0000e-12  1.9523385    25.3604  0.000e+00
     57.662     58.150    11.0177  37.261012    33.1857    189.988     0.0582      8.026    83.7888 1.0000e-12  1.6542615    25.3610  0.000e+00
     57.979     58.470    11.0121  37.256497    33.1862    190.019     0.0509      8.026    83.7372 2.0988e-04  1.7205009    25.3623  0.000e+00
     57.983     58.474    11.0126  37.257061    33.1863    190.017     0.0509      8.026    83.7888 3.4694e-04  2.4491333    25.3623  0.000e+00
     57.635     58.123    11.0168  37.260384    33.1859    189.991     0.0436      8.026    83.7630 3.4694e-04  2.2504154    25.3613  0.000e+00
     57.302     57.787    11.0202  37.262892    33.1855    190.378     0.0582      8.026    83.9437 1.0000e-12  2.7803299    25.3604  0.000e+00
     57.242     57.727    11.0229  37.264899    33.1851    190.366     0.0582      8.026    83.9954 7.3199e-05  3.1115265    25.3596  0.000e+00
     57.371     57.857    11.0227  37.264900    33.1852    190.531     0.0509      8.026    83.9437 1.0000e-12  3.1446462    25.3597  0.000e+00
     57.504     57.991    11.0212  37.263897    33.1855    190.540     0.0582      8.026    83.9437 1.0000e-12  2.1510564    25.3602  0.000e+00
     57.545     58.032    11.0215  37.264148    33.1854    190.293     0.0729      8.026    83.8921 1.0000e-12  2.1179368    25.3601  0.000e+00
     57.445     57.931    11.0221  37.264524    33.1854    190.288     0.0655      8.026    83.9437 2.0988e-04  2.2835350    25.3599  0.000e+00
     57.251     57.735    11.0229  37.265025    33.1852    190.280     0.0582      8.026    83.6597 1.0000e-12  2.4491333    25.3596  0.000e+00
     57.215     57.699    11.0240  37.266029    33.1852    190.275     0.0655      8.026    83.9954 1.0000e-12  1.5880222    25.3594  0.000e+00
     57.449     57.935    11.0229  37.265026    33.1851    190.285     0.0655      8.026    84.0729 7.3199e-05  2.6147316    25.3596  0.000e+00
     57.594     58.082    11.0214  37.264211    33.1856    190.294     0.0729      8.026    84.0729 3.4694e-04  3.0452872    25.3602  0.000e+00
     57.373     57.859    11.0227  37.264963    33.1852    190.284     0.0582      8.026    84.0470 4.8439e-04  3.1115265    25.3597  0.000e+00
     57.090     57.573    11.0260  37.267471    33.1849    190.264     0.0655      8.026    84.1761 3.4694e-04  3.4758427    25.3589  0.000e+00
     57.007     57.489    11.0282  37.269102    33.1846    190.253     0.0729      8.026    84.3052 3.4694e-04  2.3828940    25.3582  0.000e+00
     56.968     57.451    11.0282  37.269039    33.1845    190.661     0.0729      8.026    84.3052 1.0000e-12  2.6147316    25.3582  0.000e+00
     57.025     57.508    11.0268  37.268035    33.1847    190.668     0.0802      8.026    84.2020 1.0000e-12  3.1115265    25.3586  0.000e+00
     57.222     57.706    11.0256  37.267220    33.1849    190.838     0.0875      8.026    84.2278 1.0000e-12  3.6083214    25.3590  0.000e+00
     57.334     57.819    11.0246  37.266531    33.1851    190.845     0.0802      8.026    84.1503 1.0000e-12  2.3828940    25.3593  0.000e+00
     57.268     57.753    11.0257  37.267283    33.1849    190.184     0.0729      8.026    84.1503 1.0000e-12  2.2504154    25.3589  0.000e+00
     57.169     57.653    11.0272  37.268538    33.1849    190.175     0.0509      8.026    84.2020 1.0000e-12  2.1841761    25.3586  0.000e+00
     57.110     57.593    11.0281  37.269227    33.1848    190.418     0.0948      8.026    84.1503 1.0000e-12  1.8529795    25.3584  0.000e+00
     56.998     57.480    11.0288  37.269792    33.1847    190.820     0.0948      8.026    84.2020 1.0000e-12  2.6478513    25.3582  0.000e+00
     56.859     57.340    11.0293  37.270105    33.1846    190.815     0.0948      8.026    84.2020 1.0000e-12  2.4160137    25.3581  0.000e+00
     56.883     57.365    11.0297  37.270419    33.1845    190.975     0.0948      8.026    84.2278 1.0000e-12  2.2835350    25.3579  0.000e+00
     56.724     57.205    11.0306  37.271234    33.1846    190.967     0.0729      8.030    84.2020 1.0000e-12  2.3166547    25.3578  0.000e+00
     56.064     56.539    11.0340  37.273678    33.1843    190.690     0.0802      8.026    84.3569 1.0000e-12  2.3166547    25.3569  0.000e+00
     55.100     55.566    11.0410  37.278944    33.1836    190.639     0.0729      8.030    84.5635 1.0000e-12  2.2835350    25.3551  0.000e+00
     54.387     54.847    11.0705  37.303037    33.1811    190.909     0.0582      8.030    84.6926 1.0000e-12  2.3828940    25.3480  0.000e+00
     53.932     54.388    11.0923  37.320420    33.1788    191.216     0.0582      8.030    84.8991 1.0000e-12  2.5484923    25.3423  0.000e+00
     53.301     53.751    11.1109  37.336425    33.1782    191.691     0.0655      8.035    85.2348 1.0000e-12  2.0185778    25.3384  0.000e+00
     52.396     52.839    11.1312  37.353122    33.1767    192.557     0.0582      8.035    85.4414 1.0000e-12  2.2172957    25.3337  0.000e+00
     51.502     51.937    11.1484  37.367059    33.1754    193.189     0.0875      8.035    85.4930 1.0000e-12  2.4491333    25.3296  0.000e+00
     50.805     51.234    11.1663  37.382381    33.1747    193.983     0.0729      8.039    85.5963 1.0000e-12  2.6147316    25.3258  0.000e+00
     50.096     50.519    11.1755  37.387968    33.1722    194.410     0.1022      8.039    85.6996 1.0000e-12  2.9128085    25.3222  0.000e+00
     49.425     49.843    11.1754  37.386961    33.1717    194.631     0.0875      8.039    85.9320 1.0000e-12  2.1179368    25.3218  0.000e+00
     48.889     49.302    11.1809  37.392298    33.1722    195.074     0.0729      8.039    86.3452 1.0000e-12  2.0848171    25.3212  0.000e+00
     48.248     48.655    11.1853  37.395939    33.1721    195.924     0.0948      8.039    86.5259 1.0000e-12  2.2504154    25.3202  0.000e+00
     47.351     47.751    11.1894  37.398700    33.1715    195.962     0.0875      8.044    86.5776 1.0000e-12  2.0516974    25.3191  0.000e+00
     46.419     46.810    11.1996  37.405732    33.1697    195.730     0.0729      8.044    86.5001 1.0000e-12  2.1841761    25.3158  0.000e+00
     45.837     46.224    11.2120  37.415405    33.1683    195.984     0.0582      8.044    86.9391 1.0000e-12  2.2172957    25.3125  0.000e+00
     45.478     45.861    11.2307  37.429542    33.1656    196.219     0.0655      8.048    87.0940 1.0000e-12  2.4491333    25.3070  0.000e+00
     44.868     45.247    11.2576  37.451725    33.1635    196.813     0.0729      8.048    88.6433 1.0000e-12  3.0121675    25.3005  0.000e+00
     43.855     44.225    11.3111  37.496422    33.1598    198.084     0.0582      8.053    89.4954 1.0000e-12  2.6809709    25.2880  0.000e+00
     42.698     43.058    11.3689  37.545544    33.1568    199.084     0.0875      8.057    90.0119 1.0000e-12  2.2172957    25.2752  0.000e+00
     41.888     42.241    11.4212  37.591231    33.1551    200.428     0.0875      8.062    91.3546 1.0000e-12  2.0185778    25.2643  0.000e+00
     41.605     41.956    11.4371  37.604576    33.1540    202.742     0.0729      8.066    91.6644 1.0000e-12  2.1179368    25.2605  0.000e+00
     41.386     41.735    11.4326  37.601239    33.1549    204.668     0.0875      8.066    91.8452 1.0000e-12  1.2899453    25.2621  0.000e+00
     40.621     40.963    11.4490  37.617165    33.1562    205.207     0.0802      8.066    92.6198 1.0000e-12  1.5549026    25.2601  0.000e+00
     39.439     39.771    11.4981  37.662067    33.1567    205.188     0.0948      8.071    92.4133 1.0000e-12  1.8198598    25.2515  0.000e+00
     38.508     38.832    11.5312  37.691109    33.1559    204.936     0.0948      8.071    92.8522 1.0000e-12  1.8860991    25.2448  0.000e+00
     38.047     38.367    11.5753  37.730879    33.1555    204.886     0.0875      8.075    93.1621 1.0000e-12  1.0912274    25.2364  0.000e+00
     37.576     37.892    11.6219  37.773504    33.1557    206.087     0.0802      8.080    93.5236 1.0000e-12  1.0581077    25.2280  0.000e+00
     36.885     37.195    11.7578  37.901180    33.1592    206.471     0.0875      8.084    94.1692 1.0000e-12  0.4950735    25.2056  0.000e+00
     36.146     36.450    11.8640  37.997602    33.1586    206.916     0.1022      8.093    94.4790 1.0000e-12 -0.1673197    25.1855  0.000e+00
     35.544     35.843    12.2045  38.330912    33.1788    207.263     0.1095      8.101    94.8405 1.0000e-12 -0.1673197    25.1372  0.000e+00
     35.053     35.348    12.5211  38.623058    33.1797    210.144     0.1168      8.118    95.5377 1.0000e-12 -0.4322769    25.0773  0.000e+00
     34.598     34.889    12.6057  38.705754    33.1843    213.975     0.1608      8.127    95.8992 7.3199e-05 -0.4653966    25.0645  0.000e+00
     34.136     34.423    12.6565  38.756335    33.1880    215.663     0.1095      8.132    96.2865 1.0000e-12 -0.4653966    25.0575  0.000e+00
     33.462     33.743    12.7260  38.829642    33.1970    216.650     0.1168      8.136    96.4931 1.0000e-12 -0.4985162    25.0510  0.000e+00
     32.620     32.894    12.8920  38.992457    33.2062    216.121     0.1241      8.140    96.5447 1.0000e-12 -0.5316359    25.0256  0.000e+00
     31.936     32.204    12.9909  39.088576    33.2108    216.521     0.1461      8.145    96.5964 1.0000e-12 -0.4653966    25.0097  0.000e+00
     31.583     31.848    13.0258  39.121958    33.2120    217.361     0.1974      8.154    96.7255 1.0000e-12 -0.4653966    25.0037  0.000e+00
     31.298     31.560    13.0633  39.158935    33.2142    217.975     0.2340      8.154    96.6739 1.0000e-12 -0.4653966    24.9980  0.000e+00
