Arg_L2_F8_NV.cnv
* Sea-Bird SBE 9 Data File:
* FileName = S:\CTD_Data\CTD\Data\Argentina 2014\Data\Arg_L2_F8.hex
* Software Version Seasave V 7.21g
* Temperature SN = 5769
* Conductivity SN = 4244
* Number of Bytes Per Scan = 31
* Number of Voltage Words = 4
* Number of Scans Averaged by the Deck Unit = 24
* NMEA Latitude = 46 32.44 S
* NMEA Longitude = 065 54.15 W
* NMEA UTC (Time) = Feb 08 2014 18:52:58
* NMEA baud rate = 9600
** R/V Coriolis II
** MARES project, ARGENTINA 2014
** Chief scientist : Dr. Gustavo Ferreyra
** Co-Chief scientist : Dr. José Luis Esteves
# nquan = 13
# nvalues = 589                                   
# units = specified
# name 0 = depSM: Depth [salt water, m]
# name 1 = prDM: Pressure, Digiquartz [db]
# name 2 = t090C: Temperature [ITS-90, deg C]
# name 3 = c0mS/cm: Conductivity [mS/cm]
# name 4 = sal00: Salinity, Practical [PSU]
# name 5 = sbeox0Mm/Kg: Oxygen, SBE 43 [umol/Kg]
# name 6 = flECO-AFL: Fluorescence, WET Labs ECO-AFL/FL [mg/m^3]
# name 7 = ph: pH
# name 8 = CStarTr0: Beam Transmission, WET Labs C-Star [%]
# name 9 = par: PAR/Irradiance, Biospherical/Licor
# name 10 = upoly0: Upoly 0, Nitrate
# name 11 = sigma-é00: Density [sigma-theta, Kg/m^3]
# name 12 = flag:  0.000e+00
# span 0 =     -0.268,     84.030                 
# span 1 =     -0.270,     84.747                 
# span 2 =    10.3490,    14.8690                 
# span 3 =   3.750996,  41.052146                 
# span 4 =     2.5291,    33.4189                 
# span 5 =    173.405,    267.664                 
# span 6 =    -0.1176,     3.2084                 
# span 7 =      7.967,      8.264                 
# span 8 =    54.7652,    97.8875                 
# span 9 = 1.0000e-12, 1.7644e+03                 
# span 10 = -0.7634735,  1.1243470                
# span 11 =     1.1391,    25.4979                
# span 12 = 0.0000e+00, 0.0000e+00                
# interval = seconds: 1
# start_time = Feb 08 2014 18:52:58 [NMEA time, header]
# bad_flag = -9.990e-29
*END*
[from data line 445]
     20.461     20.632    14.4799  40.675156    33.3988    219.464     2.4978      8.245    88.1269 4.6233e+01 -0.7303538    24.8499  0.000e+00
     20.487     20.659    14.4799  40.675221    33.3988    218.736     2.4685      8.245    88.1269 4.4823e+01 -0.7634735    24.8499  0.000e+00
     20.263     20.433    14.4796  40.674830    33.3988    222.090     2.4318      8.245    88.0236 4.5844e+01 -0.7634735    24.8499  0.000e+00
     20.068     20.236    14.4795  40.674310    33.3985    221.595     2.4538      8.245    88.0752 5.0164e+01 -0.7303538    24.8497  0.000e+00
     20.221     20.390    14.4791  40.674115    33.3986    219.224     2.5198      8.245    88.0752 4.8091e+01 -0.7634735    24.8499  0.000e+00
     20.438     20.609    14.4795  40.674766    33.3987    220.981     2.5857      8.245    88.0494 4.3213e+01 -0.7303538    24.8499  0.000e+00
     20.463     20.635    14.4793  40.674571    33.3987    220.878     2.4831      8.245    88.0236 4.4697e+01 -0.7634735    24.8499  0.000e+00
     20.389     20.559    14.4790  40.674051    33.3985    221.131     2.4318      8.245    88.1010 4.7153e+01 -0.7303538    24.8498  0.000e+00
     20.363     20.534    14.4790  40.674116    33.3986    219.123     2.4318      8.245    88.1269 4.5715e+01 -0.7634735    24.8499  0.000e+00
     20.399     20.569    14.4793  40.674506    33.3987    220.253     2.4538      8.245    88.1010 4.6625e+01 -0.6309949    24.8499  0.000e+00
     20.475     20.646    14.4791  40.674311    33.3987    220.924     2.4099      8.245    88.0752 4.7020e+01 -0.6972342    24.8499  0.000e+00
     20.548     20.720    14.4795  40.675027    33.3990    219.958     2.4172      8.245    88.0236 4.4073e+01 -0.7634735    24.8501  0.000e+00
     20.521     20.693    14.4794  40.675026    33.3990    219.318     2.4025      8.245    88.1527 4.3579e+01 -0.7634735    24.8501  0.000e+00
     20.301     20.471    14.4791  40.674506    33.3989    219.998     2.4172      8.245    88.0752 4.6625e+01 -0.7303538    24.8501  0.000e+00
     20.044     20.212    14.4784  40.673400    33.3986    219.890     2.4611      8.245    88.1269 4.9743e+01 -0.7634735    24.8500  0.000e+00
     20.094     20.262    14.4782  40.673140    33.3986    220.874     2.5051      8.245    88.0752 4.8499e+01 -0.7303538    24.8500  0.000e+00
     20.465     20.636    14.4793  40.674766    33.3990    219.555     2.5124      8.245    87.9719 4.5459e+01 -0.7303538    24.8501  0.000e+00
     20.612     20.784    14.4794  40.675027    33.3990    219.812     2.4611      8.245    88.0494 4.3092e+01 -0.7303538    24.8501  0.000e+00
     20.399     20.569    14.4782  40.673401    33.3987    219.068     2.4758      8.245    87.9978 4.4697e+01 -0.7634735    24.8501  0.000e+00
     20.252     20.421    14.4774  40.672361    33.3985    218.830     2.6150      8.245    88.1527 4.8772e+01 -0.7634735    24.8501  0.000e+00
     20.408     20.579    14.4779  40.673012    33.3985    219.798     2.6296      8.245    88.0236 4.7821e+01 -0.7634735    24.8500  0.000e+00
     20.476     20.648    14.4780  40.673077    33.3985    220.974     2.6003      8.245    88.1269 4.5203e+01 -0.5978752    24.8500  0.000e+00
     20.345     20.515    14.4774  40.672102    33.3982    220.632     2.4465      8.245    88.0494 4.5973e+01 -0.7303538    24.8499  0.000e+00
     20.377     20.548    14.4777  40.672557    33.3984    219.858     2.4099      8.245    88.1010 4.5973e+01 -0.7303538    24.8500  0.000e+00
     20.624     20.797    14.4789  40.674637    33.3991    220.736     2.4392      8.245    88.0752 4.4322e+01 -0.7303538    24.8503  0.000e+00
     20.514     20.686    14.4785  40.673792    33.3987    219.367     2.4318      8.245    88.1269 4.4697e+01 -0.7634735    24.8501  0.000e+00
     20.040     20.208    14.4777  40.672815    33.3986    219.313     2.4318      8.245    88.0752 4.9048e+01 -0.7303538    24.8502  0.000e+00
     19.878     20.044    14.4777  40.672620    33.3986    219.740     2.4758      8.245    88.0236 5.2622e+01 -0.7303538    24.8501  0.000e+00
     20.332     20.502    14.4779  40.673206    33.3988    220.926     2.4611      8.245    87.9719 4.6625e+01 -0.7634735    24.8502  0.000e+00
     20.724     20.898    14.4792  40.675157    33.3993    220.439     2.3806      8.245    88.1269 4.0848e+01 -0.6972342    24.8504  0.000e+00
     20.496     20.667    14.4782  40.673532    33.3988    219.324     2.4318      8.245    88.1527 4.4697e+01 -0.7634735    24.8502  0.000e+00
     20.077     20.245    14.4780  40.673270    33.3988    220.725     2.4465      8.245    88.0494 5.0590e+01 -0.7303538    24.8502  0.000e+00
     20.098     20.266    14.4774  40.672426    33.3986    220.922     2.5564      8.245    88.0236 5.0590e+01 -0.6641145    24.8502  0.000e+00
     20.501     20.673    14.4776  40.672687    33.3985    220.695     2.4465      8.245    88.0752 4.5587e+01 -0.5316359    24.8501  0.000e+00
     20.706     20.879    14.4782  40.673793    33.3989    220.355     2.4245      8.245    88.1269 4.3335e+01 -0.7634735    24.8503  0.000e+00
     20.446     20.617    14.4775  40.672492    33.3984    220.843     2.3732      8.245    87.9719 4.4823e+01 -0.7303538    24.8501  0.000e+00
     20.123     20.291    14.4776  40.672426    33.3984    221.026     2.4245      8.245    87.9719 4.7020e+01 -0.5978752    24.8500  0.000e+00
     20.096     20.264    14.4774  40.672296    33.3984    219.956     2.5124      8.245    87.9203 4.8499e+01 -0.7634735    24.8501  0.000e+00
     20.188     20.357    14.4775  40.672296    33.3983    218.933     2.5930      8.245    87.9719 4.8772e+01 -0.7634735    24.8500  0.000e+00
     20.066     20.234    14.4771  40.671451    33.3979    218.976     2.5417      8.245    87.9719 4.8226e+01 -0.7303538    24.8497  0.000e+00
     19.543     19.707    14.4753  40.668330    33.3968    219.893     2.4245      8.245    87.9719 5.1451e+01 -0.7303538    24.8493  0.000e+00
     18.809     18.967    14.4755  40.668002    33.3967    221.090     2.4392      8.245    87.9203 5.9558e+01 -0.7303538    24.8491  0.000e+00
     18.027     18.178    14.4777  40.669298    33.3962    220.182     2.4904      8.245    87.8686 6.7597e+01 -0.5978752    24.8482  0.000e+00
     17.401     17.547    14.4784  40.669296    33.3959    220.267     2.4904      8.250    87.9461 7.3757e+01 -0.7303538    24.8479  0.000e+00
     16.775     16.915    14.4807  40.670918    33.3957    220.626     2.5344      8.250    87.8686 8.1161e+01 -0.7303538    24.8472  0.000e+00
     16.100     16.235    14.4827  40.671824    33.3950    221.237     2.6370      8.250    87.8686 9.1083e+01 -0.7303538    24.8462  0.000e+00
     15.425     15.554    14.4862  40.674616    33.3949    220.179     3.2084      8.250    87.8686 9.6625e+01 -0.7303538    24.8453  0.000e+00
     14.607     14.729    14.4868  40.673443    33.3936    219.919     2.7469      8.250    87.9461 1.1407e+02 -0.4985162    24.8442  0.000e+00
     13.629     13.743    14.5055  40.691699    33.3946    221.407     2.4245      8.250    87.9461 1.2873e+02 -0.4985162    24.8410  0.000e+00
     12.815     12.922    14.5236  40.708074    33.3943    221.792     2.3586      8.250    87.9978 1.4487e+02 -0.4985162    24.8369  0.000e+00
     12.360     12.463    14.5236  40.707097    33.3936    220.523     2.2926      8.250    88.0494 1.7006e+02 -0.5647556    24.8363  0.000e+00
     11.906     12.005    14.5422  40.728742    33.3976    220.378     2.1315      8.250    88.1785 1.6121e+02 -0.5316359    24.8354  0.000e+00
     11.153     11.246    14.6045  40.790975    33.4011    221.134     1.8604      8.249    88.3076 1.7889e+02 -0.4985162    24.8249  0.000e+00
     10.424     10.511    14.6625  40.847583    33.4033    221.337     1.6113      8.249    88.2818 2.3106e+02 -0.6641145    24.8141  0.000e+00
      9.822      9.904    14.6979  40.882344    33.4048    220.103     1.7359      8.249    88.3334 2.4650e+02 -0.5316359    24.8077  0.000e+00
      9.094      9.170    14.7362  40.922263    33.4085    218.518     1.7872      8.244    88.3334 2.6971e+02 -0.4985162    24.8024  0.000e+00
      8.235      8.303    14.7993  40.984094    33.4110    219.600     1.7139      8.249    88.5917 3.1928e+02 -0.5978752    24.7907  0.000e+00
      7.583      7.647    14.8309  41.014859    33.4121    219.669     1.5893      8.244    88.7208 3.4640e+02 -0.5647556    24.7847  0.000e+00
      7.051      7.109    14.8289  41.012510    33.4119    218.429     1.5527      8.244    88.8241 4.0891e+02 -0.4985162    24.7850  0.000e+00
      6.321      6.373    14.8385  41.023330    33.4138    219.892     1.3183      8.244    88.9532 4.1470e+02 -0.5978752    24.7843  0.000e+00
      5.622      5.668    14.8612  41.044129    33.4135    219.478     1.2084      8.244    89.0564 4.5120e+02 -0.5647556    24.7792  0.000e+00
      5.068      5.110    14.8613  41.044649    33.4141    218.712     1.2157      8.244    89.0823 5.6660e+02 -0.4985162    24.7796  0.000e+00
      4.479      4.516    14.8690  41.052146    33.4145    217.363     0.9886      8.244    89.1081 7.5692e+02 -0.5978752    24.7783  0.000e+00
      4.191      4.226    14.8656  41.048558    33.4143    217.036     0.7029      8.244    89.3147 5.8770e+02 -0.5647556    24.7789  0.000e+00
      4.480      4.518    14.8645  41.048168    33.4148    216.646     0.6077      8.244    89.3921 6.1129e+02 -0.4985162    24.7795  0.000e+00
      4.666      4.705    14.8630  41.046930    33.4149    217.179     0.5930      8.244    89.4180 6.3942e+02 -0.5647556    24.7799  0.000e+00
      4.317      4.353    14.8603  41.044320    33.4150    218.265     0.6077      8.248    89.4438 6.9180e+02 -0.5316359    24.7805  0.000e+00
      3.753      3.784    14.8582  41.042035    33.4149    218.406     0.6296      8.248    89.4438 6.5951e+02 -0.4985162    24.7809  0.000e+00
      3.602      3.632    14.8580  41.041578    33.4148    218.550     0.6663      8.244    89.3663 7.5057e+02 -0.5978752    24.7808  0.000e+00
      3.692      3.723    14.8576  41.041643    33.4151    218.032     0.7102      8.244    89.3405 6.4665e+02 -0.5978752    24.7812  0.000e+00
      3.378      3.406    14.8548  41.038447    33.4147    218.518     0.6956      8.248    89.3663 7.0159e+02 -0.5316359    24.7814  0.000e+00
      2.633      2.655    14.8451  41.028336    33.4142    218.729     0.6516      8.248    89.3663 1.0140e+03 -0.4985162    24.7831  0.000e+00
      2.184      2.202    14.8452  41.028595    33.4144    219.010     0.6663      8.248    89.3147 1.0697e+03 -0.5316359    24.7833  0.000e+00
      2.139      2.156    14.8459  41.029312    33.4146    218.001     0.6150      8.248    89.3147 1.1970e+03 -0.5647556    24.7832  0.000e+00
      2.210      2.229    14.8452  41.028661    33.4145    216.962     0.5710      8.248    89.3663 9.6669e+02 -0.5978752    24.7833  0.000e+00
      2.475      2.496    14.8527  41.036552    33.4152    217.833     0.5564      8.248    89.3921 1.1869e+03 -0.4985162    24.7822  0.000e+00
      2.351      2.371    14.8524  41.036225    33.4152    218.539     0.5417      8.248    89.4180 1.1126e+03 -0.5647556    24.7823  0.000e+00
      2.230      2.248    14.8545  41.038181    33.4152    220.347     0.5344      8.248    89.3663 1.2521e+03 -0.5978752    24.7819  0.000e+00
      2.274      2.293    14.8560  41.039746    33.4153    220.154     0.5491      8.248    89.3663 1.0140e+03 -0.4985162    24.7816  0.000e+00
      2.065      2.082    14.8559  41.039746    33.4155    218.022     0.5491      8.248    89.3921 1.1064e+03 -0.4985162    24.7818  0.000e+00
      1.906      1.922    14.8539  41.037789    33.4155    218.360     0.5198      8.248    89.3663 1.1704e+03 -0.5978752    24.7822  0.000e+00
      2.202      2.220    14.8559  41.039942    33.4156    217.249     0.5417      8.248    89.3663 1.1126e+03 -0.5978752    24.7819  0.000e+00
      2.362      2.382    14.8555  41.039486    33.4154    218.071     0.5198      8.248    89.3663 9.9146e+02 -0.5316359    24.7818  0.000e+00
      2.031      2.048    14.8533  41.037398    33.4156    218.673     0.5344      8.248    89.3921 9.3462e+02 -0.5647556    24.7824  0.000e+00
      1.931      1.947    14.8518  41.035832    33.4155    218.450     0.5564      8.248    89.4180 1.3134e+03 -0.4985162    24.7827  0.000e+00
      2.300      2.320    14.8551  41.039225    33.4156    218.967     0.5491      8.248    89.4180 1.1379e+03 -0.4985162    24.7821  0.000e+00
      2.519      2.540    14.8553  41.039617    33.4157    218.785     0.5344      8.248    89.4180 9.2157e+02 -0.4985162    24.7820  0.000e+00
      2.413      2.433    14.8570  41.041312    33.4158    217.584     0.5417      8.248    89.4180 1.1095e+03 -0.4985162    24.7818  0.000e+00
      2.298      2.317    14.8560  41.040073    33.4156    220.261     0.5710      8.248    89.4180 9.4785e+02 -0.4985162    24.7818  0.000e+00
      2.205      2.223    14.8552  41.039355    33.4157    219.486     0.5857      8.248    89.3921 1.0518e+03 -0.5647556    24.7821  0.000e+00
      2.029      2.045    14.8548  41.038963    33.4157    217.985     0.5564      8.248    89.3921 1.0909e+03 -0.5316359    24.7822  0.000e+00
      2.005      2.021    14.8546  41.038963    33.4159    218.065     0.4978      8.248    89.2372 1.2208e+03 -0.5647556    24.7823  0.000e+00
      2.283      2.302    14.8540  41.038508    33.4159    218.410     0.5198      8.248    89.3405 9.7762e+02 -0.4985162    24.7825  0.000e+00
      2.364      2.383    14.8533  41.037725    33.4157    218.120     0.5564      8.248    89.2888 9.1640e+02 -0.5316359    24.7825  0.000e+00
      2.038      2.055    14.8509  41.035116    33.4156    218.939     0.5271      8.248    89.3921 1.2003e+03 -0.5647556    24.7830  0.000e+00
      1.968      1.984    14.8503  41.034789    33.4158    217.975     0.5564      8.248    89.3663 1.2878e+03 -0.4985162    24.7832  0.000e+00
      2.371      2.391    14.8523  41.037008    33.4160    218.085     0.5564      8.248    89.3663 1.0112e+03 -0.5647556    24.7829  0.000e+00
      2.550      2.571    14.8512  41.035835    33.4158    220.182     0.5564      8.248    89.3663 7.9846e+02 -0.6309949    24.7830  0.000e+00
      2.251      2.270    14.8499  41.034464    33.4157    219.471     0.5784      8.248    89.3921 9.6941e+02 -0.5647556    24.7833  0.000e+00
      1.979      1.996    14.8521  41.036354    33.4157    218.036     0.6077      8.248    89.3921 1.1126e+03 -0.5647556    24.7828  0.000e+00
      2.144      2.162    14.8534  41.037594    33.4157    218.556     0.6077      8.248    89.3921 1.0607e+03 -0.6309949    24.7824  0.000e+00
      2.338      2.358    14.8515  41.036030    33.4158    218.609     0.5710      8.248    89.4180 1.1189e+03 -0.5978752    24.7829  0.000e+00
      2.361      2.381    14.8507  41.035313    33.4158    219.095     0.5564      8.248    89.4438 8.9350e+02 -0.5978752    24.7831  0.000e+00
      2.234      2.253    14.8502  41.034790    33.4158    218.947     0.5344      8.248    89.3663 1.1379e+03 -0.5978752    24.7832  0.000e+00
      2.026      2.043    14.8513  41.035637    33.4157    218.227     0.5491      8.248    89.3921 1.0940e+03 -0.6309949    24.7829  0.000e+00
      2.002      2.018    14.8530  41.037007    33.4155    217.738     0.5637      8.248    89.3663 1.1869e+03 -0.5316359    24.7824  0.000e+00
      2.257      2.276    14.8500  41.034269    33.4155    218.949     0.5344      8.248    89.3921 1.1737e+03 -0.6309949    24.7830  0.000e+00
      2.447      2.467    14.8477  41.032313    33.4156    219.673     0.5344      8.253    89.3663 1.0112e+03 -0.5978752    24.7837  0.000e+00
      2.371      2.391    14.8497  41.033878    33.4153    218.766     0.5271      8.253    89.4180 9.9986e+02 -0.4985162    24.7830  0.000e+00
      2.086      2.104    14.8511  41.035377    33.4156    218.899     0.5857      8.253    89.3921 1.2277e+03 -0.5647556    24.7829  0.000e+00
