Arg_Leg3_G7_NV.cnv
* Sea-Bird SBE 9 Data File:
* FileName = S:\CTD_Data\CTD\Data\Argentina 2014\Data\Leg3\Arg_Leg3_G7.hex
* Software Version Seasave V 7.21g
* Temperature SN = 5769
* Conductivity SN = 4244
* Number of Bytes Per Scan = 31
* Number of Voltage Words = 4
* Number of Scans Averaged by the Deck Unit = 24
* NMEA Latitude = 45 49.72 S
* NMEA Longitude = 066 11.71 W
* NMEA UTC (Time) = Feb 13 2014 17:38:11
* NMEA baud rate = 9600
** R/V Coriolis II
** MARES project, ARGENTINA 2014
** Chief scientist : Dr. Gustavo Ferreyra
** Co-Chief scientist : Dr. José Luis Esteves
# nquan = 13
# nvalues = 702                                   
# units = specified
# name 0 = depSM: Depth [salt water, m]
# name 1 = prDM: Pressure, Digiquartz [db]
# name 2 = t090C: Temperature [ITS-90, deg C]
# name 3 = c0mS/cm: Conductivity [mS/cm]
# name 4 = sal00: Salinity, Practical [PSU]
# name 5 = sbeox0Mm/Kg: Oxygen, SBE 43 [umol/Kg]
# name 6 = flECO-AFL: Fluorescence, WET Labs ECO-AFL/FL [mg/m^3]
# name 7 = ph: pH
# name 8 = CStarTr0: Beam Transmission, WET Labs C-Star [%]
# name 9 = par: PAR/Irradiance, Biospherical/Licor
# name 10 = upoly0: Upoly 0, Nitrate
# name 11 = sigma-é00: Density [sigma-theta, Kg/m^3]
# name 12 = flag:  0.000e+00
# span 0 =      0.009,     90.773                 
# span 1 =      0.009,     91.543                 
# span 2 =     8.0210,    15.8464                 
# span 3 =   5.025940,  42.122242                 
# span 4 =     3.3572,    33.5463                 
# span 5 =    132.988,    274.661                 
# span 6 =    -0.1835,    29.3549                 
# span 7 =      7.705,      8.246                 
# span 8 =    63.7770,    94.8922                 
# span 9 = 1.0000e-12, 1.9089e+03                 
# span 10 = -0.7634735,  3.4427231                
# span 11 =     1.6010,    26.0226                
# span 12 = 0.0000e+00, 0.0000e+00                
# interval = seconds: 1
# start_time = Feb 13 2014 17:38:11 [NMEA time, header]
# bad_flag = -9.990e-29
*END*
[from data line 445]
     48.675     49.083     8.4894  35.124624    33.3422    139.148     0.1241      7.770    85.3898 4.1342e+00 -0.6972342    25.8997  0.000e+00
     48.263     48.667     8.4960  35.128545    33.3403    140.048     0.1022      7.770    85.4156 4.3885e+00 -0.4985162    25.8972  0.000e+00
     47.840     48.241     8.5037  35.132220    33.3371    140.358     0.1241      7.770    85.5447 4.6058e+00 -0.5316359    25.8935  0.000e+00
     47.336     47.733     8.5075  35.133383    33.3350    140.216     0.1535      7.770    85.8029 4.8611e+00 -0.7634735    25.8913  0.000e+00
     46.742     47.134     8.5290  35.153056    33.3356    140.011     0.1681      7.770    85.9320 5.2186e+00 -0.4322769    25.8885  0.000e+00
     46.156     46.543     8.5558  35.177455    33.3363    139.620     0.1754      7.774    85.9320 5.5863e+00 -0.1010803    25.8850  0.000e+00
     45.599     45.981     8.5838  35.204866    33.3390    139.686     0.1754      7.779    85.9062 5.9458e+00  0.3625949    25.8828  0.000e+00
     45.125     45.503     8.6373  35.257937    33.3446    140.877     0.1901      7.788    86.8358 6.2570e+00  1.3230650    25.8790  0.000e+00
     44.742     45.117     8.7297  35.340950    33.3448    142.562     0.1828      7.797    87.8945 6.5471e+00 -0.3660376    25.8650  0.000e+00
     44.332     44.703     8.8009  35.401784    33.3417    145.100     0.1974      7.807    88.9015 6.9286e+00 -0.7634735    25.8515  0.000e+00
     43.881     44.248     8.9207  35.510836    33.3433    147.774     0.3879      7.816    89.7795 7.3321e+00 -0.6309949    25.8341  0.000e+00
     43.523     43.887     9.0303  35.612196    33.3463    150.510     0.7102      7.830    90.5283 7.5854e+00 -0.5647556    25.8192  0.000e+00
     43.151     43.512     9.1522  35.729400    33.3541    153.055     0.7322      7.844    91.2513 7.7810e+00  0.8262701    25.8061  0.000e+00
     42.484     42.839     9.4079  35.961356    33.3556    155.390     0.7542      7.857    91.4837 8.3275e+00  0.1638769    25.7663  0.000e+00
     41.615     41.963     9.4823  36.030282    33.3577    158.997     0.6809      7.876    90.1151 9.2719e+00 -0.7634735    25.7559  0.000e+00
     41.003     41.346     9.5008  36.034921    33.3456    162.731     0.6003      7.890    89.6503 1.0149e+01 -0.5316359    25.7434  0.000e+00
     40.898     41.240     9.6927  36.238499    33.3763    164.280     0.5564      7.894    90.8898 1.0294e+01 -0.6309949    25.7360  0.000e+00
     40.893     41.235     9.8583  36.394850    33.3826    164.404     0.6370      7.903    91.1997 1.0265e+01 -0.4985162    25.7136  0.000e+00
     40.846     41.187    10.1927  36.674802    33.3583    163.588     0.9520      7.916    91.8194 1.0381e+01 -0.4985162    25.6384  0.000e+00
     40.550     40.889    10.3308  36.805922    33.3640    165.152     1.3256      7.925    92.8006 1.0800e+01 -0.6641145    25.6193  0.000e+00
     40.444     40.783    10.4310  36.895604    33.3625    166.545     1.3256      7.934    93.5753 1.0892e+01 -0.6972342    25.6009  0.000e+00
     40.560     40.900    10.3956  36.863432    33.3624    167.966     1.6406      7.939    94.3241 1.0559e+01 -0.6641145    25.6070  0.000e+00
     40.377     40.714    10.4867  36.958673    33.3748    168.954     1.6626      7.943    94.4274 1.0739e+01 -0.7634735    25.6010  0.000e+00
     40.008     40.342    10.7893  37.247489    33.3874    168.276     1.5381      7.951    94.4790 1.1460e+01 -0.6641145    25.5581  0.000e+00
     39.841     40.174    11.0680  37.501846    33.3867    169.606     1.5454      7.969    94.0917 1.2023e+01 -0.4985162    25.5081  0.000e+00
     39.958     40.292    11.1261  37.547452    33.3790    173.094     1.6699      7.988    94.2208 1.1888e+01 -0.6309949    25.4917  0.000e+00
     40.214     40.550    10.7960  37.246987    33.3807    176.796     1.6480      7.989    94.4532 1.1427e+01 -0.7634735    25.5516  0.000e+00
     40.117     40.452    11.0056  37.451299    33.3931    175.714     1.5747      7.979    94.5048 1.1557e+01 -0.5316359    25.5242  0.000e+00
     39.856     40.190    11.3616  37.780546    33.3958    173.542     1.5454      7.978    94.6081 1.1989e+01 -0.5978752    25.4622  0.000e+00
     39.796     40.128    11.3825  37.791520    33.3878    175.540     1.6113      7.996    94.3499 1.2023e+01 -0.6972342    25.4522  0.000e+00
     39.909     40.242    11.2149  37.641062    33.3911    178.373     1.7212      8.006    94.4532 1.1821e+01 -0.5647556    25.4852  0.000e+00
     39.907     40.241    11.1942  37.627963    33.3969    178.841     1.6699      8.006    94.7372 1.1722e+01 -0.7634735    25.4934  0.000e+00
     39.823     40.155    11.3628  37.780483    33.3947    177.197     1.5234      8.006    94.7114 1.2023e+01 -0.7634735    25.4612  0.000e+00
     39.842     40.175    11.3189  37.736087    33.3906    177.293     1.5454      8.015    94.7114 1.2263e+01 -0.7634735    25.4660  0.000e+00
     39.998     40.332    11.0382  37.472104    33.3842    179.705     1.5893      8.012    94.7114 1.2091e+01 -0.7634735    25.5114  0.000e+00
     40.118     40.453    10.8675  37.320963    33.3893    178.581     1.6040      7.998    94.7114 1.1788e+01 -0.7634735    25.5458  0.000e+00
     40.066     40.401    10.8238  37.282932    33.3913    176.276     1.5600      7.989    94.7114 1.1689e+01 -0.7634735    25.5550  0.000e+00
     39.947     40.281    11.0257  37.474873    33.3984    173.961     1.5234      7.988    94.7372 1.1888e+01 -0.7634735    25.5247  0.000e+00
     39.882     40.215    11.1904  37.622799    33.3953    173.680     1.5820      7.997    94.7372 1.2091e+01 -0.7634735    25.4928  0.000e+00
     39.913     40.247    11.2094  37.636338    33.3914    175.631     1.6040      8.002    94.7372 1.2057e+01 -0.7634735    25.4863  0.000e+00
     39.999     40.334    11.0174  37.460412    33.3915    178.241     1.5747      8.002    94.7372 1.1821e+01 -0.7634735    25.5208  0.000e+00
     40.040     40.375    10.9174  37.370312    33.3930    178.143     1.5527      7.998    94.7631 1.1788e+01 -0.7634735    25.5397  0.000e+00
     39.951     40.285    10.9949  37.444510    33.3962    176.441     1.5381      7.993    94.7372 1.1955e+01 -0.7634735    25.5285  0.000e+00
     39.861     40.194    11.2418  37.681381    33.4066    174.680     1.5234      7.997    94.7372 1.2160e+01 -0.6972342    25.4923  0.000e+00
     39.889     40.222    11.2781  37.696629    33.3887    176.010     1.5674      8.006    94.6856 1.2125e+01 -0.5647556    25.4719  0.000e+00
     40.039     40.374    10.9919  37.438665    33.3931    178.823     1.6333      8.007    94.7631 1.1755e+01 -0.6641145    25.5266  0.000e+00
     40.127     40.462    10.9269  37.378916    33.3928    178.343     1.6333      7.998    94.7372 1.1623e+01 -0.5647556    25.5380  0.000e+00
     40.015     40.349    11.0404  37.487888    33.3979    176.342     1.5674      7.993    94.6598 1.1855e+01 -0.7303538    25.5217  0.000e+00
     39.932     40.265    11.1487  37.584206    33.3949    175.527     1.5820      7.997    94.7631 1.2057e+01 -0.7634735    25.5000  0.000e+00
     40.076     40.411    10.9607  37.402974    33.3860    177.157     1.7139      8.002    94.7372 1.1922e+01 -0.7634735    25.5267  0.000e+00
     40.197     40.533    10.8814  37.338729    33.3943    176.887     1.7139      7.993    94.7114 1.1722e+01 -0.7634735    25.5472  0.000e+00
     40.073     40.408    11.0214  37.480470    33.4077    175.677     1.6187      7.988    94.6598 1.1755e+01 -0.6972342    25.5328  0.000e+00
     39.879     40.213    11.4014  37.815118    33.3939    174.735     1.5967      7.992    94.7372 1.2125e+01 -0.6641145    25.4535  0.000e+00
     39.835     40.168    11.4717  37.880637    33.3947    176.294     1.6846      8.005    94.5823 1.2160e+01 -0.7634735    25.4413  0.000e+00
     39.958     40.292    11.1870  37.618832    33.3944    179.817     1.7578      8.016    94.6598 1.1989e+01 -0.5978752    25.4927  0.000e+00
     40.080     40.415    11.0790  37.521220    33.3957    180.490     1.7285      8.011    94.7372 1.1755e+01 -0.5978752    25.5131  0.000e+00
     40.117     40.452    10.9643  37.415729    33.3954    179.478     1.5967      8.002    94.7114 1.1656e+01 -0.7634735    25.5333  0.000e+00
     40.094     40.429    10.9456  37.401091    33.3979    177.586     1.5674      7.998    94.6856 1.1755e+01 -0.7634735    25.5386  0.000e+00
     40.030     40.365    11.0158  37.466637    33.3991    175.689     1.5527      7.998    94.7631 1.1922e+01 -0.7634735    25.5270  0.000e+00
     39.988     40.322    11.1269  37.571305    33.4019    175.191     1.5454      8.002    94.7372 1.1955e+01 -0.7634735    25.5094  0.000e+00
     40.023     40.358    11.0660  37.509647    33.3962    176.812     1.6260      8.007    94.7372 1.1922e+01 -0.7634735    25.5158  0.000e+00
     40.057     40.392    11.0147  37.461482    33.3950    177.503     1.6187      8.002    94.7372 1.1821e+01 -0.7634735    25.5241  0.000e+00
     40.064     40.399    11.0017  37.452430    33.3979    176.898     1.5747      8.002    94.7372 1.1821e+01 -0.7634735    25.5286  0.000e+00
     40.055     40.389    11.0334  37.482103    33.3985    176.369     1.5527      8.002    94.7889 1.2023e+01 -0.7634735    25.5234  0.000e+00
     40.035     40.369    11.0531  37.500905    33.3992    176.537     1.5307      8.002    94.7889 1.2160e+01 -0.5978752    25.5205  0.000e+00
     40.096     40.431    11.0181  37.461481    33.3919    176.928     1.5527      8.002    94.7631 1.2057e+01 -0.7634735    25.5211  0.000e+00
     40.216     40.552    10.8815  37.337724    33.3932    177.459     1.6040      8.003    94.7372 1.1855e+01 -0.7634735    25.5463  0.000e+00
     40.180     40.516    10.8821  37.342308    33.3972    176.633     1.6113      7.998    94.6856 1.1788e+01 -0.7634735    25.5493  0.000e+00
     39.997     40.331    11.1485  37.594280    33.4051    174.794     1.5747      7.992    94.7372 1.2057e+01 -0.7634735    25.5080  0.000e+00
     39.889     40.223    11.3827  37.814615    33.4102    175.185     1.5527      8.001    94.6339 1.2229e+01 -0.5647556    25.4696  0.000e+00
     39.963     40.297    11.3488  37.775817    33.4027    177.801     1.7872      8.015    94.5307 1.2160e+01 -0.7303538    25.4699  0.000e+00
     40.070     40.405    11.2286  37.660338    33.3977    179.809     1.8751      8.016    94.6856 1.2023e+01 -0.5978752    25.4878  0.000e+00
     40.127     40.462    11.1120  37.552992    33.3972    180.273     1.6333      8.011    94.7372 1.1922e+01 -0.5978752    25.5084  0.000e+00
     40.117     40.452    11.0418  37.491284    33.3999    179.327     1.5747      8.007    94.7372 1.2023e+01 -0.6972342    25.5230  0.000e+00
     40.035     40.370    11.1390  37.588552    33.4080    177.394     1.5527      8.007    94.7372 1.2194e+01 -0.6641145    25.5119  0.000e+00
     40.008     40.342    11.2724  37.705517    33.4025    176.088     1.5820      8.011    94.6856 1.2263e+01 -0.7634735    25.4837  0.000e+00
     40.113     40.448    11.1187  37.555320    33.3935    177.576     1.6626      8.016    94.7114 1.2057e+01 -0.7634735    25.5043  0.000e+00
     40.193     40.529    11.0284  37.477954    33.3988    178.411     1.6773      8.007    94.7372 1.1855e+01 -0.7634735    25.5246  0.000e+00
     40.140     40.475    11.0233  37.478080    33.4037    177.772     1.6040      8.002    94.7372 1.1888e+01 -0.7634735    25.5293  0.000e+00
     40.043     40.378    11.1645  37.610460    33.4065    176.819     1.5747      8.006    94.7631 1.2125e+01 -0.5978752    25.5062  0.000e+00
     39.991     40.326    11.3410  37.770708    33.4047    176.387     1.6113      8.010    94.6856 1.2263e+01 -0.7634735    25.4729  0.000e+00
     39.993     40.327    11.3559  37.783323    33.4036    177.769     1.6699      8.020    94.5823 1.2229e+01 -0.7634735    25.4694  0.000e+00
     40.045     40.380    11.3111  37.741323    33.4028    179.946     1.6773      8.025    94.6339 1.2091e+01 -0.7634735    25.4769  0.000e+00
     40.106     40.441    11.1784  37.615748    33.3991    180.158     1.6553      8.025    94.7372 1.2023e+01 -0.7303538    25.4979  0.000e+00
     40.113     40.449    11.1585  37.604542    33.4061    179.416     1.6480      8.016    94.7372 1.2125e+01 -0.7303538    25.5070  0.000e+00
     40.130     40.466    11.1475  37.586537    33.3982    178.420     1.6187      8.016    94.7631 1.2125e+01 -0.7634735    25.5028  0.000e+00
     40.218     40.554    11.0217  37.472233    33.3992    178.258     1.6187      8.012    94.7372 1.1989e+01 -0.7634735    25.5261  0.000e+00
     40.234     40.570    10.9767  37.431628    33.3998    177.296     1.6113      8.007    94.6856 1.1922e+01 -0.4985162    25.5346  0.000e+00
     40.098     40.433    11.1465  37.598373    33.4108    176.070     1.5747      8.006    94.7114 1.2057e+01 -0.5316359    25.5128  0.000e+00
     39.892     40.225    11.4997  37.932115    33.4199    175.288     1.5747      8.010    94.6856 1.2333e+01 -0.6972342    25.4558  0.000e+00
     39.782     40.114    11.7065  38.132660    33.4298    176.931     1.7212      8.019    94.3499 1.2543e+01 -0.6641145    25.4254  0.000e+00
     39.885     40.218    11.7855  38.177681    33.4026    180.805     1.9117      8.037    94.3241 1.2508e+01 -0.6641145    25.3896  0.000e+00
     40.130     40.465    11.3803  37.797957    33.3959    185.263     1.8970      8.038    94.4790 1.2160e+01 -0.6972342    25.4590  0.000e+00
     40.339     40.676    10.9744  37.427481    33.3978    184.945     1.7945      8.026    94.6339 1.1821e+01 -0.6309949    25.5334  0.000e+00
     40.339     40.676    10.9928  37.452810    33.4062    180.365     1.6480      8.012    94.7372 1.1755e+01 -0.7634735    25.5367  0.000e+00
     40.134     40.470    11.4343  37.877485    33.4253    176.009     1.5820      8.005    94.7372 1.2091e+01 -0.7303538    25.4720  0.000e+00
     39.925     40.259    11.6135  38.021424    33.4048    175.762     1.6187      8.014    94.5048 1.2437e+01 -0.7303538    25.4231  0.000e+00
     39.956     40.290    11.6705  38.077911    33.4086    178.529     1.8970      8.028    94.3241 1.2402e+01 -0.7634735    25.4156  0.000e+00
     40.185     40.521    11.2885  37.716106    33.3983    182.921     1.8824      8.039    94.4274 1.2023e+01 -0.4985162    25.4775  0.000e+00
     40.262     40.598    11.1512  37.599632    33.4078    182.903     1.8091      8.025    94.6081 1.1689e+01 -0.6972342    25.5096  0.000e+00
     40.019     40.353    11.7222  38.162930    33.4451    177.981     1.6699      8.019    94.6856 1.2057e+01 -0.7634735    25.4344  0.000e+00
     39.766     40.098    12.0277  38.426299    33.4269    178.159     1.6260      8.031    94.5048 1.2650e+01 -0.7634735    25.3632  0.000e+00
     39.817     40.149    12.0508  38.452086    33.4312    182.224     1.7798      8.050    94.2983 1.2757e+01 -0.7634735    25.3621  0.000e+00
     40.084     40.419    11.7148  38.110692    33.4007    186.226     1.8897      8.056    94.4790 1.2194e+01 -0.7303538    25.4013  0.000e+00
     40.298     40.635    11.2359  37.674956    33.4054    187.287     1.9410      8.048    94.5307 1.1689e+01 -0.5316359    25.4925  0.000e+00
     40.298     40.635    11.3092  37.741828    33.4049    183.613     1.6626      8.029    94.6856 1.1656e+01 -0.5978752    25.4788  0.000e+00
     40.182     40.518    11.4789  37.913607    33.4205    179.426     1.5747      8.024    94.7114 1.1922e+01 -0.7634735    25.4601  0.000e+00
     40.083     40.418    11.6481  38.072345    33.4233    178.310     1.6333      8.028    94.6081 1.2057e+01 -0.7634735    25.4312  0.000e+00
     39.830     40.163    11.8761  38.315742    33.4556    179.038     1.6406      8.037    94.4532 1.2229e+01 -0.7634735    25.4139  0.000e+00
     39.373     39.702    12.6372  39.041656    33.4754    179.063     1.7578      8.048    94.1433 1.2830e+01 -0.7634735    25.2842  0.000e+00
