Arg_Leg3_G5_NV.cnv
* Sea-Bird SBE 9 Data File:
* FileName = S:\CTD_Data\CTD\Data\Argentina 2014\Data\Leg3\Arg_Leg3_G5.hex
* Software Version Seasave V 7.21g
* Temperature SN = 5769
* Conductivity SN = 4244
* Number of Bytes Per Scan = 31
* Number of Voltage Words = 4
* Number of Scans Averaged by the Deck Unit = 24
* NMEA Latitude = 45 11.96 S
* NMEA Longitude = 066 10.58 W
* NMEA UTC (Time) = Feb 13 2014 09:21:06
* NMEA baud rate = 9600
** R/V Coriolis II
** MARES project, ARGENTINA 2014
** Chief scientist : Dr. Gustavo Ferreyra
** Co-Chief scientist : Dr. José Luis Esteves
# nquan = 13
# nvalues = 756                                   
# units = specified
# name 0 = depSM: Depth [salt water, m]
# name 1 = prDM: Pressure, Digiquartz [db]
# name 2 = t090C: Temperature [ITS-90, deg C]
# name 3 = c0mS/cm: Conductivity [mS/cm]
# name 4 = sal00: Salinity, Practical [PSU]
# name 5 = sbeox0Mm/Kg: Oxygen, SBE 43 [umol/Kg]
# name 6 = flECO-AFL: Fluorescence, WET Labs ECO-AFL/FL [mg/m^3]
# name 7 = ph: pH
# name 8 = CStarTr0: Beam Transmission, WET Labs C-Star [%]
# name 9 = par: PAR/Irradiance, Biospherical/Licor
# name 10 = upoly0: Upoly 0, Nitrate
# name 11 = sigma-é00: Density [sigma-theta, Kg/m^3]
# name 12 = flag:  0.000e+00
# span 0 =     -0.040,     70.553                 
# span 1 =     -0.040,     71.144                 
# span 2 =    11.1043,    14.5829                 
# span 3 =   3.334098,  40.780811                 
# span 4 =     2.2562,    33.4521                 
# span 5 =    160.245,    284.837                 
# span 6 =    -0.1249,     1.8897                 
# span 7 =      7.968,      8.208                 
# span 8 =    44.5140,    94.8922                 
# span 9 = 1.0000e-12, 4.3143e+00                 
# span 10 = -0.7634735, -0.4653966                
# span 11 =     0.9914,    25.5118                
# span 12 = 0.0000e+00, 0.0000e+00                
# interval = seconds: 1
# start_time = Feb 13 2014 09:21:06 [NMEA time, header]
# bad_flag = -9.990e-29
*END*
[from data line 334]
     45.854     46.235    14.2059  40.479550    33.4457    198.644     0.2267      8.158    90.0893 1.0000e-12 -0.6641145    24.9445  0.000e+00
     45.874     46.255    14.2066  40.480263    33.4457    198.293     0.2560      8.158    90.1410 1.0000e-12 -0.6641145    24.9444  0.000e+00
     45.882     46.264    14.2065  40.480263    33.4458    198.642     0.2707      8.158    90.1151 1.0000e-12 -0.6641145    24.9445  0.000e+00
     45.899     46.281    14.2065  40.480069    33.4456    198.841     0.2487      8.158    89.9602 1.0000e-12 -0.6641145    24.9444  0.000e+00
     45.895     46.276    14.2057  40.479291    33.4456    198.646     0.2194      8.158    90.1668 1.0000e-12 -0.6641145    24.9445  0.000e+00
     45.899     46.281    14.2055  40.479161    33.4456    198.298     0.2340      8.158    90.1926 1.0000e-12 -0.6641145    24.9446  0.000e+00
     45.924     46.306    14.2052  40.478707    33.4455    198.649     0.2633      8.158    90.1926 1.0000e-12 -0.6641145    24.9445  0.000e+00
     45.906     46.288    14.2047  40.478253    33.4455    198.500     0.2853      8.158    90.1926 1.0000e-12 -0.6641145    24.9446  0.000e+00
     45.791     46.172    14.2057  40.479355    33.4456    198.643     0.2194      8.158    90.1668 1.0000e-12 -0.6641145    24.9445  0.000e+00
     45.686     46.066    14.2068  40.480457    33.4458    198.834     0.2194      8.158    89.9086 1.0000e-12 -0.6641145    24.9444  0.000e+00
     45.761     46.142    14.2066  40.480263    33.4457    198.639     0.2267      8.158    90.1151 1.0000e-12 -0.6641145    24.9444  0.000e+00
     45.942     46.324    14.2057  40.479291    33.4456    198.647     0.2267      8.158    90.0635 1.0000e-12 -0.6641145    24.9445  0.000e+00
     46.051     46.434    14.2047  40.478318    33.4455    198.654     0.1974      8.158    90.0119 1.0000e-12 -0.6641145    24.9447  0.000e+00
     46.043     46.426    14.2043  40.477929    33.4455    198.307     0.2707      8.158    90.0635 1.0000e-12 -0.6641145    24.9447  0.000e+00
     45.992     46.374    14.2047  40.478253    33.4454    198.304     0.2414      8.158    90.0893 1.0000e-12 -0.6641145    24.9446  0.000e+00
     45.945     46.327    14.2052  40.478707    33.4454    198.848     0.2194      8.158    89.9344 1.0000e-12 -0.6641145    24.9445  0.000e+00
     45.876     46.257    14.2061  40.479744    33.4456    198.842     0.2707      8.158    89.9086 1.0000e-12 -0.6641145    24.9445  0.000e+00
     45.750     46.130    14.2072  40.480846    33.4457    198.636     0.3000      8.158    90.0377 1.0000e-12 -0.6641145    24.9443  0.000e+00
     45.443     45.821    14.2084  40.481948    33.4459    198.624     0.2560      8.158    90.1926 1.0000e-12 -0.6641145    24.9442  0.000e+00
     45.172     45.548    14.2100  40.483244    33.4458    198.611     0.2194      8.158    90.1926 1.0000e-12 -0.6641145    24.9437  0.000e+00
     45.182     45.558    14.2101  40.483309    33.4457    198.610     0.2414      8.158    90.0893 1.0000e-12 -0.6641145    24.9437  0.000e+00
     45.095     45.470    14.2107  40.484022    33.4459    198.605     0.2560      8.158    90.0635 1.0000e-12 -0.6641145    24.9437  0.000e+00
     45.014     45.388    14.2114  40.484475    33.4458    198.949     0.2780      8.158    90.1668 1.0000e-12 -0.6641145    24.9434  0.000e+00
     45.062     45.437    14.2113  40.484540    33.4459    198.951     0.2780      8.158    90.2442 1.0000e-12 -0.6641145    24.9436  0.000e+00
     45.185     45.561    14.2108  40.484217    33.4460    198.409     0.2340      8.158    90.2184 1.0000e-12 -0.6641145    24.9437  0.000e+00
     45.250     45.626    14.2102  40.483568    33.4459    198.762     0.2121      8.158    90.3217 1.0000e-12 -0.6641145    24.9438  0.000e+00
     45.230     45.606    14.2106  40.483957    33.4459    198.610     0.2414      8.158    90.2184 1.0000e-12 -0.6641145    24.9437  0.000e+00
     45.153     45.528    14.2107  40.484152    33.4460    198.409     0.2633      8.158    90.1926 1.0000e-12 -0.6641145    24.9437  0.000e+00
     45.061     45.435    14.2115  40.484670    33.4458    198.602     0.2633      8.158    90.2184 1.0000e-12 -0.6641145    24.9435  0.000e+00
     44.844     45.217    14.2120  40.485188    33.4460    198.943     0.2487      8.158    90.2442 1.0000e-12 -0.6641145    24.9435  0.000e+00
     44.506     44.876    14.2133  40.486549    33.4462    198.928     0.2340      8.158    90.2701 1.0000e-12 -0.6641145    24.9434  0.000e+00
     44.137     44.504    14.2149  40.488039    33.4463    199.062     0.2267      8.158    90.2959 1.0000e-12 -0.6641145    24.9431  0.000e+00
     43.726     44.090    14.2169  40.489659    33.4463    199.044     0.2194      8.158    90.2701 1.0000e-12 -0.6641145    24.9426  0.000e+00
     43.241     43.601    14.2213  40.493937    33.4467    198.816     0.2121      8.158    90.2701 7.3199e-05 -0.6641145    24.9420  0.000e+00
     42.541     42.895    14.2277  40.501199    33.4481    199.118     0.2267      8.158    90.4766 1.0000e-12 -0.6641145    24.9417  0.000e+00
     41.700     42.046    14.2340  40.507488    33.4487    199.418     0.2121      8.158    90.6316 7.3199e-05 -0.6641145    24.9409  0.000e+00
     40.875     41.215    14.2384  40.511831    33.4492    198.833     0.2560      8.158    90.9414 1.0000e-12 -0.6641145    24.9403  0.000e+00
     40.162     40.496    14.2425  40.515396    33.4493    198.949     0.2926      8.158    91.0189 2.0988e-04 -0.6972342    24.9395  0.000e+00
     39.503     39.831    14.2475  40.520714    33.4501    198.761     0.2707      8.158    91.0705 2.3069e-03 -0.6972342    24.9391  0.000e+00
     38.757     39.079    14.2716  40.544653    33.4516    198.446     0.2633      8.158    91.2513 2.1643e-03 -0.6972342    24.9351  0.000e+00
     37.945     38.260    14.3024  40.571779    33.4502    198.499     0.2853      8.158    91.4837 2.7370e-03 -0.6972342    24.9275  0.000e+00
     37.305     37.614    14.3154  40.583720    33.4502    199.814     0.2853      8.162    91.5353 3.3161e-03 -0.6972342    24.9248  0.000e+00
     36.764     37.068    14.3182  40.585795    33.4499    200.827     0.2853      8.162    91.5612 3.3161e-03 -0.6972342    24.9239  0.000e+00
     36.064     36.363    14.3267  40.591116    33.4477    201.029     0.3000      8.162    91.8710 5.2440e-03 -0.6972342    24.9205  0.000e+00
     35.364     35.657    14.3224  40.584036    33.4452    202.518     0.3513      8.167    92.0518 2.5932e-03 -0.6972342    24.9194  0.000e+00
     34.699     34.986    14.3141  40.571894    33.4415    202.298     0.3806      8.167    92.4649 3.1707e-03 -0.6972342    24.9183  0.000e+00
     34.051     34.333    14.3128  40.568256    33.4395    203.187     0.4245      8.167    93.0072 5.3953e-03 -0.7303538    24.9170  0.000e+00
     33.333     33.609    14.3151  40.569681    33.4391    204.000     0.4099      8.172    93.2137 4.9428e-03 -0.7303538    24.9162  0.000e+00
     32.552     32.821    14.3207  40.573443    33.4380    204.163     0.4538      8.172    93.2654 8.1915e-03 -0.7303538    24.9141  0.000e+00
     31.744     32.006    14.3264  40.576685    33.4364    205.260     0.4538      8.172    93.0330 1.0301e-02 -0.7303538    24.9117  0.000e+00
     31.030     31.287    14.3289  40.577721    33.4355    205.484     0.4904      8.172    93.1879 1.1977e-02 -0.7303538    24.9104  0.000e+00
     30.488     30.740    14.3270  40.575966    33.4357    205.880     0.5124      8.176    93.7560 1.3875e-02 -0.7303538    24.9109  0.000e+00
     30.078     30.327    14.3280  40.576029    33.4351    206.314     0.5271      8.176    93.8076 1.4051e-02 -0.7303538    24.9103  0.000e+00
     29.744     29.991    14.3236  40.573432    33.4367    206.574     0.5344      8.176    93.4461 1.3875e-02 -0.7303538    24.9124  0.000e+00
     29.380     29.623    14.3359  40.582842    33.4348    205.928     0.5417      8.172    93.7560 1.4936e-02 -0.7303538    24.9083  0.000e+00
     28.953     29.193    14.3472  40.590436    33.4322    205.632     0.5930      8.172    94.2724 1.6561e-02 -0.7303538    24.9040  0.000e+00
     28.534     28.770    14.3588  40.598355    33.4296    205.232     0.6296      8.176    94.4532 1.7667e-02 -0.7303538    24.8995  0.000e+00
     28.159     28.392    14.3657  40.602963    33.4280    207.067     0.6882      8.181    94.2466 1.6015e-02 -0.7303538    24.8968  0.000e+00
     27.795     28.025    14.3681  40.603286    33.4264    208.965     0.7469      8.181    94.1692 2.0516e-02 -0.7634735    24.8950  0.000e+00
     27.414     27.640    14.3526  40.594000    33.4314    208.878     0.7542      8.181    94.2466 2.3286e-02 -0.7634735    24.9022  0.000e+00
     27.058     27.281    14.3641  40.600816    33.4279    208.537     0.7322      8.181    94.3241 2.4302e-02 -0.7634735    24.8970  0.000e+00
     26.768     26.989    14.3671  40.601464    33.4260    208.967     0.8128      8.181    94.3241 2.5125e-02 -0.7634735    24.8949  0.000e+00
     26.459     26.678    14.3596  40.597307    33.4288    208.253     0.7469      8.181    94.4274 2.5125e-02 -0.7634735    24.8986  0.000e+00
     26.056     26.272    14.3595  40.596332    33.4282    209.380     0.6809      8.181    94.5565 2.9163e-02 -0.7634735    24.8982  0.000e+00
     25.688     25.900    14.3695  40.600875    33.4238    209.184     0.8714      8.185    94.4790 3.0041e-02 -0.7634735    24.8927  0.000e+00
     25.467     25.678    14.3576  40.593927    33.4278    209.282     0.9813      8.185    94.5307 3.1153e-02 -0.7634735    24.8983  0.000e+00
     25.353     25.563    14.3650  40.598471    33.4256    209.445     0.7835      8.185    94.4274 3.1827e-02 -0.7634735    24.8950  0.000e+00
     25.120     25.328    14.3702  40.601067    33.4236    209.523     0.7395      8.185    94.2724 3.2964e-02 -0.7634735    24.8924  0.000e+00
     24.677     24.881    14.3793  40.605675    33.4201    209.133     0.8348      8.181    94.5823 3.4117e-02 -0.7634735    24.8877  0.000e+00
     24.177     24.377    14.3837  40.607491    33.4183    210.434     0.8348      8.185    94.6081 3.7191e-02 -0.7634735    24.8853  0.000e+00
     23.779     23.975    14.3834  40.607165    33.4183    210.963     1.1278      8.185    94.5307 3.9140e-02 -0.7634735    24.8854  0.000e+00
     23.512     23.706    14.3808  40.605670    33.4193    210.680     1.0912      8.185    94.5823 4.1638e-02 -0.7634735    24.8868  0.000e+00
     23.280     23.473    14.3781  40.603916    33.4201    211.864     0.9300      8.190    94.6339 4.1892e-02 -0.7634735    24.8879  0.000e+00
     23.026     23.216    14.3810  40.605408    33.4191    211.801     1.1058      8.185    94.3757 4.3429e-02 -0.7634735    24.8865  0.000e+00
     22.739     22.927    14.3797  40.604693    33.4197    211.364     1.2230      8.185    94.5307 4.4469e-02 -0.7634735    24.8872  0.000e+00
     22.415     22.600    14.3828  40.605860    33.4182    210.806     1.1205      8.185    94.6339 4.6583e-02 -0.7634735    24.8855  0.000e+00
     22.093     22.275    14.3826  40.605599    33.4183    211.634     1.1571      8.190    94.5823 4.7658e-02 -0.7634735    24.8855  0.000e+00
     21.847     22.028    14.3839  40.606053    33.4176    211.817     1.2377      8.190    94.4015 4.8472e-02 -0.7634735    24.8847  0.000e+00
     21.627     21.806    14.3883  40.607545    33.4153    210.869     1.1498      8.190    94.7114 4.8745e-02 -0.7634735    24.8820  0.000e+00
     21.309     21.485    14.3866  40.606180    33.4157    211.555     1.2524      8.190    94.4790 5.1798e-02 -0.7634735    24.8826  0.000e+00
     20.900     21.073    14.3880  40.605919    33.4144    211.734     1.3915      8.190    94.4274 5.5239e-02 -0.7634735    24.8813  0.000e+00
     20.513     20.683    14.3901  40.605657    33.4125    212.016     1.1791      8.190    94.4532 5.9403e-02 -0.7634735    24.8794  0.000e+00
     20.240     20.407    14.3916  40.605981    33.4116    212.346     1.2743      8.190    94.4790 6.3104e-02 -0.7634735    24.8784  0.000e+00
     19.992     20.157    14.3914  40.605785    33.4117    212.638     1.1937      8.190    94.8147 6.4684e-02 -0.7634735    24.8785  0.000e+00
     19.726     19.888    14.3895  40.605265    33.4129    214.846     1.3696      8.190    94.6081 6.6286e-02 -0.7634735    24.8798  0.000e+00
     19.671     19.833    14.3923  40.605783    33.4110    214.447     1.2890      8.190    94.5307 6.9558e-02 -0.7634735    24.8778  0.000e+00
     19.700     19.863    14.3879  40.604810    33.4139    212.416     1.1278      8.190    94.6081 6.8238e-02 -0.7634735    24.8809  0.000e+00
     19.757     19.920    14.3894  40.605719    33.4134    212.069     1.0839      8.195    94.6856 6.6933e-02 -0.7634735    24.8802  0.000e+00
     19.750     19.913    14.3929  40.606888    33.4115    212.788     1.1718      8.195    94.4274 6.7584e-02 -0.7634735    24.8780  0.000e+00
     19.682     19.844    14.3977  40.610004    33.4102    212.962     1.2963      8.195    94.5307 7.0223e-02 -0.7634735    24.8760  0.000e+00
     19.635     19.797    14.3970  40.608445    33.4095    212.771     1.3769      8.190    94.3241 7.0558e-02 -0.7634735    24.8756  0.000e+00
     19.638     19.800    14.3965  40.608251    33.4097    213.802     1.3989      8.195    94.0659 7.0223e-02 -0.7634735    24.8759  0.000e+00
     19.690     19.852    14.3929  40.605134    33.4099    213.475     1.4355      8.190    94.2724 6.9890e-02 -0.7634735    24.8768  0.000e+00
     19.851     20.015    14.3928  40.604745    33.4095    213.928     1.4062      8.195    94.3499 6.7584e-02 -0.7634735    24.8765  0.000e+00
     19.957     20.121    14.3942  40.605979    33.4095    212.403     1.1644      8.195    94.1692 6.6286e-02 -0.7634735    24.8762  0.000e+00
     19.998     20.163    14.3940  40.605720    33.4094    212.852     1.2524      8.195    93.9884 6.8567e-02 -0.7634735    24.8762  0.000e+00
     20.103     20.269    14.3926  40.604616    33.4095    214.862     1.4575      8.195    93.7818 6.5642e-02 -0.7634735    24.8766  0.000e+00
     20.211     20.377    14.3922  40.604227    33.4095    212.911     1.3696      8.195    94.1433 6.5002e-02 -0.7634735    24.8766  0.000e+00
     20.229     20.396    14.3919  40.604032    33.4095    212.673     1.5014      8.195    94.2724 6.3733e-02 -0.7634735    24.8767  0.000e+00
     20.203     20.370    14.3924  40.604357    33.4095    213.791     1.4135      8.195    93.8335 6.5002e-02 -0.7634735    24.8766  0.000e+00
     20.164     20.330    14.3916  40.603772    33.4096    213.598     1.3403      8.195    93.9109 6.6933e-02 -0.7634735    24.8768  0.000e+00
     20.104     20.270    14.3906  40.603253    33.4100    214.093     1.5307      8.195    94.1433 6.5642e-02 -0.7634735    24.8774  0.000e+00
     20.083     20.249    14.3887  40.602149    33.4106    214.100     1.6992      8.195    94.2466 6.5322e-02 -0.7634735    24.8782  0.000e+00
     20.073     20.239    14.3884  40.601629    33.4104    214.056     1.6040      8.195    94.3241 6.5964e-02 -0.7634735    24.8782  0.000e+00
     20.063     20.229    14.3894  40.602214    33.4101    212.679     1.5381      8.195    94.1950 6.6286e-02 -0.7634735    24.8777  0.000e+00
     20.097     20.263    14.3910  40.602863    33.4093    213.166     1.6699      8.195    93.8851 6.7584e-02 -0.7634735    24.8768  0.000e+00
     20.183     20.350    14.3918  40.603643    33.4093    212.569     1.4575      8.195    94.1433 6.6933e-02 -0.7634735    24.8765  0.000e+00
     20.261     20.428    14.3926  40.603838    33.4088    213.210     1.2011      8.195    94.1433 6.4366e-02 -0.7634735    24.8760  0.000e+00
     20.292     20.459    14.3936  40.604552    33.4085    213.640     1.3622      8.195    94.1175 6.4684e-02 -0.7634735    24.8756  0.000e+00
     20.255     20.422    14.3931  40.604422    33.4088    213.401     1.5967      8.195    94.0142 6.5642e-02 -0.7634735    24.8760  0.000e+00
