Arg_L1_T4_NV.cnv
* Sea-Bird SBE 9 Data File:
* FileName = S:\CTD_Data\CTD\Data\Argentina 2014\Data\Arg_L1_T4.hex
* Software Version Seasave V 7.21g
* Temperature SN = 5769
* Conductivity SN = 4244
* Number of Bytes Per Scan = 31
* Number of Voltage Words = 4
* Number of Scans Averaged by the Deck Unit = 24
* NMEA Latitude = 46 01.99 S
* NMEA Longitude = 060 15.45 W
* NMEA UTC (Time) = Feb 02 2014 11:18:56
* NMEA baud rate = 9600
** R/V Coriolis II
** MARES project, ARGENTINA 2014
** Chief scientist : Dr. Gustavo Ferreyra
** Co-Chief scientist : Dr. José Luis Esteves
# nquan = 12
# nvalues = 724                                   
# units = specified
# name 0 = depSM: Depth [salt water, m]
# name 1 = prDM: Pressure, Digiquartz [db]
# name 2 = t090C: Temperature [ITS-90, deg C]
# name 3 = c0mS/cm: Conductivity [mS/cm]
# name 4 = sal00: Salinity, Practical [PSU]
# name 5 = sbeox0Mm/Kg: Oxygen, SBE 43 [umol/Kg]
# name 6 = flECO-AFL: Fluorescence, WET Labs ECO-AFL/FL [mg/m^3]
# name 7 = ph: pH
# name 8 = CStarTr0: Beam Transmission, WET Labs C-Star [%]
# name 9 = upoly0: Upoly 0, Nitrate
# name 10 = sigma-é00: Density [sigma-theta, Kg/m^3]
# name 11 = flag:  0.000e+00
# span 0 =     -0.353,    134.675                 
# span 1 =     -0.356,    135.835                 
# span 2 =     5.6440,    11.7620                 
# span 3 =   3.983235,  38.293317                 
# span 4 =     2.9076,    33.8500                 
# span 5 =    201.659,    273.916                 
# span 6 =    -0.2715,    28.7542                 
# span 7 =      8.122,      8.385                 
# span 8 =    58.3028,    99.4368                 
# span 9 = -0.6309949,  10.960885                 
# span 10 =     1.8171,    26.6823                
# span 11 = 0.0000e+00, 0.0000e+00                
# interval = seconds: 1
# start_time = Feb 02 2014 11:18:56 [NMEA time, header]
# bad_flag = -9.990e-29
*END*
[from data line 121]
     70.372     70.967     6.1183  33.470121    33.8343    232.616    -0.0737      8.225    99.3077  3.6083214    26.6173  0.000e+00
     71.264     71.866     6.0828  33.441925    33.8376    232.674    -0.0810      8.225    99.3593  3.9395179    26.6244  0.000e+00
     72.248     72.859     6.0725  33.433933    33.8384    232.594    -0.0956      8.221    99.3335  4.2707145    26.6264  0.000e+00
     73.041     73.659     6.0682  33.430389    33.8383    232.823    -0.0956      8.221    99.3851  4.7675094    26.6269  0.000e+00
     73.405     74.026     6.0679  33.429548    33.8375    233.018    -0.0883      8.216    99.4368  6.0591761    26.6263  0.000e+00
     73.848     74.473     6.0646  33.426604    33.8373    233.231    -0.0883      8.216    99.4110  5.3967829    26.6266  0.000e+00
     74.591     75.222     6.0628  33.425284    33.8372    233.444    -0.0883      8.216    99.3593  5.1318256    26.6267  0.000e+00
     75.456     76.095     6.0622  33.424987    33.8370    233.125    -0.0883      8.216    99.3593  6.2578940    26.6267  0.000e+00
     76.242     76.888     6.0600  33.423246    33.8369    233.343    -0.0956      8.211    99.3593  4.6350308    26.6269  0.000e+00
     76.837     77.488     6.0487  33.414173    33.8377    233.424    -0.0883      8.211    99.3851  3.9063983    26.6289  0.000e+00
     77.423     78.079     6.0386  33.406543    33.8389    233.148    -0.0883      8.211    99.4110  4.1713556    26.6311  0.000e+00
     78.213     78.876     6.0175  33.392485    33.8438    233.285    -0.0883      8.211    99.4110  5.5623812    26.6376  0.000e+00
     79.157     79.828     6.0024  33.383597    33.8484    233.393    -0.0956      8.207    99.3851  5.5955009    26.6432  0.000e+00
     79.902     80.579     5.9993  33.382578    33.8500    233.431    -0.0956      8.207    99.3593  5.9598171    26.6448  0.000e+00
     80.176     80.856     6.0005  33.383540    33.8496    233.432    -0.0883      8.207    99.4368  5.9929368    26.6444  0.000e+00
     80.579     81.262     5.9964  33.380238    33.8498    233.468    -0.0883      8.207    99.4110  5.9929368    26.6451  0.000e+00
     81.439     82.130     5.9012  33.292936    33.8463    233.515    -0.0810      8.207    99.3593  6.1254154    26.6542  0.000e+00
     82.453     83.152     5.8846  33.273076    33.8399    233.116    -0.0737      8.202    99.3077  6.8540479    26.6512  0.000e+00
     83.461     84.169     5.6562  33.061719    33.8293    232.671    -0.0590      8.199    99.0236  7.0858855    26.6708  0.000e+00
     84.030     84.743     5.6824  33.089557    33.8343    229.092    -0.0370      8.194    98.6105  6.9202872    26.6716  0.000e+00
     84.127     84.841     5.6692  33.068724    33.8238    224.656    -0.0370      8.189    98.6105  5.8273385    26.6649  0.000e+00
     84.502     85.219     5.6461  33.048077    33.8235    219.706     0.0143      8.184    98.8171  5.8935778    26.6674  0.000e+00
     85.351     86.075     5.6454  33.047062    33.8225    217.727    -0.0370      8.179    98.5330  6.5559709    26.6668  0.000e+00
     86.358     87.091     5.6440  33.045809    33.8220    216.840    -0.0370      8.175    98.4814  7.9138769    26.6665  0.000e+00
     87.370     88.112     5.6445  33.046710    33.8219    216.489    -0.0444      8.175    98.4814  9.9672957    26.6664  0.000e+00
     88.095     88.843     5.6461  33.048448    33.8220    216.671    -0.0370      8.170    98.4556  9.7354581    26.6663  0.000e+00
     88.382     89.133     5.6476  33.048807    33.8208    216.846    -0.0297      8.165    98.4814  10.629689    26.6652  0.000e+00
     88.965     89.722     5.6454  33.047134    33.8207    217.229    -0.0370      8.165    98.4556  10.960885    26.6654  0.000e+00
     89.859     90.623     5.6461  33.048393    33.8210    217.970    -0.0370      8.165    98.4814  9.3380222    26.6655  0.000e+00
     90.795     91.567     5.6467  33.049474    33.8212    217.807    -0.0444      8.160    98.3781  9.5036205    26.6656  0.000e+00
     91.446     92.224     5.6475  33.050373    33.8210    217.457    -0.0297      8.156    98.3781  9.2386632    26.6654  0.000e+00
     91.948     92.730     5.6475  33.050136    33.8206    218.014    -0.0150      8.156    98.4814  9.5036205    26.6650  0.000e+00
     92.679     93.468     5.6466  33.049420    33.8202    218.764    -0.0444      8.156    98.3781  9.8016974    26.6648  0.000e+00
     93.579     94.375     5.6474  33.050620    33.8203    218.603    -0.0444      8.151    98.4814  8.8743470    26.6649  0.000e+00
     94.373     95.177     5.6485  33.052358    33.8208    218.073    -0.0517      8.151    98.4556  9.8679368    26.6651  0.000e+00
     94.902     95.710     5.6486  33.052599    33.8207    218.450    -0.0590      8.151    98.4814  10.464091    26.6650  0.000e+00
     95.616     96.430     5.6487  33.052900    33.8205    218.288    -0.0370      8.146    98.5330  10.497210    26.6649  0.000e+00
     96.577     97.399     5.6491  33.053801    33.8207    218.313    -0.0517      8.146    98.5072  8.2781932    26.6650  0.000e+00
     97.425     98.255     5.6492  33.054402    33.8209    218.154    -0.0077      8.146    98.4556  9.8348171    26.6651  0.000e+00
     97.804     98.637     5.6500  33.054882    33.8204    218.161    -0.0224      8.146    98.4814  9.9672957    26.6647  0.000e+00
     98.177     99.014     5.6501  33.055362    33.8206    218.533    -0.0370      8.146    98.4556  9.3380222    26.6648  0.000e+00
     98.921     99.764     5.6500  33.055844    33.8209    218.555    -0.0370      8.141    98.4039  8.0463556    26.6651  0.000e+00
     99.830    100.681     5.6505  33.057343    33.8217    218.031    -0.0444      8.141    98.2232  9.2386632    26.6656  0.000e+00
    100.757    101.616     5.6500  33.057825    33.8222    218.059    -0.0370      8.141    98.4297  9.4705009    26.6661  0.000e+00
    101.696    102.563     5.6500  33.059623    33.8238    218.447    -0.0077      8.141    98.3781  9.3380222    26.6673  0.000e+00
    102.478    103.352     5.6508  33.061242    33.8244    218.464     0.0509      8.141    98.5072  9.0730650    26.6678  0.000e+00
    102.868    103.745     5.6513  33.061602    33.8242    218.473    -0.0517      8.141    98.5072  7.5164410    26.6675  0.000e+00
    103.212    104.093     5.6513  33.061903    33.8243    219.028    -0.0517      8.141    98.4297  8.4769111    26.6676  0.000e+00
    103.902    104.789     5.6515  33.062743    33.8247    219.047    -0.0517      8.141    98.4297  8.5100308    26.6679  0.000e+00
    104.836    105.732     5.6513  33.063105    33.8248    219.257    -0.0444      8.136    98.5072  7.6820393    26.6680  0.000e+00
    105.763    106.666     5.6520  33.064604    33.8254    219.279    -0.0444      8.136    98.5588  7.1521248    26.6684  0.000e+00
    106.487    107.397     5.6524  33.065205    33.8253    219.481    -0.0224      8.136    98.5847  9.0399453    26.6683  0.000e+00
    107.096    108.011     5.6523  33.065327    33.8252    219.499    -0.0370      8.136    98.5330  9.4042615    26.6683  0.000e+00
    107.696    108.617     5.6525  33.065928    33.8254    219.151    -0.0517      8.136    98.5847  8.8412274    26.6684  0.000e+00
    108.330    109.256     5.6529  33.066768    33.8256    219.167    -0.0590      8.136    98.5847  8.4437915    26.6685  0.000e+00
    108.930    109.862     5.6534  33.067667    33.8258    219.181    -0.0590      8.136    98.5847  9.0399453    26.6687  0.000e+00
    109.521    110.457     5.6543  33.069046    33.8261    219.740    -0.0517      8.136    98.5588  8.9405863    26.6688  0.000e+00
    110.304    111.247     5.6563  33.071982    33.8271    219.750    -0.0590      8.136    98.5847  8.6093897    26.6693  0.000e+00
    111.305    112.257     5.6596  33.076834    33.8288    219.394    -0.0663      8.136    98.6105  8.6093897    26.6703  0.000e+00
    112.320    113.281     5.6616  33.080549    33.8305    219.956    -0.0663      8.136    98.5588  8.5762701    26.6714  0.000e+00
    112.876    113.842     5.6620  33.081149    33.8305    219.970    -0.0663      8.136    98.5847  9.2055436    26.6713  0.000e+00
    112.925    113.891     5.6622  33.081389    33.8305    220.154    -0.0517      8.136    98.6105  9.5036205    26.6713  0.000e+00
    113.258    114.227     5.6631  33.083486    33.8318    220.704    -0.0444      8.136    98.6621  9.1061846    26.6723  0.000e+00
    114.051    115.027     5.6675  33.091272    33.8358    221.426    -0.0590      8.136    98.5847  10.132894    26.6749  0.000e+00
    115.079    116.065     5.6690  33.093790    33.8367    221.082    -0.0663      8.136    98.7912  9.1724239    26.6754  0.000e+00
    116.132    117.126     5.6685  33.093434    33.8363    220.935    -0.0663      8.136    98.7912  8.5762701    26.6751  0.000e+00
    117.120    118.124     5.6685  33.094096    33.8365    221.511    -0.0737      8.136    98.7912  8.4769111    26.6753  0.000e+00
    117.260    118.264     5.6688  33.094336    33.8364    221.697    -0.0517      8.136    98.5847  9.4042615    26.6752  0.000e+00
    117.035    118.037     5.6686  33.093616    33.8359    221.875    -0.0297      8.136    98.7138  9.7023385    26.6748  0.000e+00
    117.355    118.361     5.6682  33.093438    33.8358    222.070    -0.0517      8.136    98.7654  9.7685778    26.6749  0.000e+00
    118.301    119.315     5.6694  33.096854    33.8381    221.722    -0.0590      8.136    98.6105  9.5698598    26.6765  0.000e+00
    119.352    120.376     5.6697  33.097576    33.8381    221.934    -0.0663      8.136    98.7138  8.3113128    26.6765  0.000e+00
    120.303    121.334     5.6693  33.098238    33.8388    221.963    -0.0663      8.136    98.7396  8.3444325    26.6771  0.000e+00
    121.304    122.345     5.6695  33.099139    33.8390    221.626    -0.0517      8.136    98.8687  8.4769111    26.6772  0.000e+00
    121.665    122.709     5.6695  33.098901    33.8385    221.637    -0.0370      8.136    98.8171  8.7749880    26.6769  0.000e+00
    121.435    122.477     5.6702  33.098960    33.8381    222.176    -0.0590      8.136    98.8171  10.265373    26.6764  0.000e+00
    121.786    122.831     5.6700  33.099261    33.8384    222.187    -0.0663      8.136    98.7654  9.9341761    26.6767  0.000e+00
    122.701    123.754     5.6700  33.099802    33.8386    221.848    -0.0590      8.136    98.7912  8.6756291    26.6769  0.000e+00
    123.761    124.824     5.6697  33.100105    33.8387    221.880    -0.0590      8.136    98.7912  8.0132359    26.6770  0.000e+00
    124.787    125.859     5.6696  33.100648    33.8388    221.910    -0.0590      8.136    98.8429  9.2386632    26.6771  0.000e+00
    125.790    126.870     5.6701  33.101429    33.8387    221.936    -0.0590      8.136    98.7654  9.0399453    26.6770  0.000e+00
    126.030    127.113     5.6705  33.101729    33.8385    221.942    -0.0590      8.136    98.8429  9.8348171    26.6768  0.000e+00
    126.164    127.248     5.6704  33.101670    33.8385    221.946    -0.0590      8.136    98.7654  9.8679368    26.6768  0.000e+00
    126.656    127.745     5.6701  33.101672    33.8385    222.511    -0.0663      8.136    98.8687  8.4769111    26.6769  0.000e+00
    127.334    128.428     5.6695  33.101853    33.8390    221.984    -0.0517      8.136    98.8429  7.9801162    26.6773  0.000e+00
    127.965    129.065     5.6680  33.101556    33.8399    222.193    -0.0370      8.136    98.8171  9.4373812    26.6782  0.000e+00
    128.510    129.615     5.6674  33.101618    33.8402    222.578    -0.0517      8.136    98.8945  10.199133    26.6785  0.000e+00
    129.009    130.118     5.6681  33.101979    33.8397    222.223    -0.0517      8.136    98.8687  9.9341761    26.6780  0.000e+00
    129.614    130.728     5.6683  33.102340    33.8396    222.240    -0.0517      8.136    98.9203  8.3444325    26.6779  0.000e+00
    130.201    131.321     5.6680  33.102522    33.8399    222.259    -0.0517      8.136    98.9462  8.3113128    26.6782  0.000e+00
    130.448    131.570     5.6679  33.102582    33.8399    221.717    -0.0444      8.136    98.8429  8.7749880    26.6782  0.000e+00
    130.448    131.570     5.6678  33.102582    33.8400    221.717    -0.0444      8.136    98.8687  9.1724239    26.6783  0.000e+00
    130.663    131.787     5.6669  33.102703    33.8409    222.643    -0.0590      8.136    98.8171  8.5100308    26.6791  0.000e+00
    131.351    132.481     5.6677  33.103184    33.8403    222.660    -0.0517      8.136    98.8429  8.8743470    26.6786  0.000e+00
    132.271    133.409     5.6668  33.103187    33.8407    222.324    -0.0517      8.136    98.6363  8.7418684    26.6790  0.000e+00
    133.011    134.156     5.6661  33.103309    33.8412    222.349    -0.0517      8.136    98.8171  8.6425094    26.6795  0.000e+00
    133.079    134.225     5.6669  33.103789    33.8409    222.347    -0.0517      8.136    98.7912  9.0068256    26.6792  0.000e+00
    132.646    133.787     5.6676  33.103907    33.8405    222.331    -0.0517      8.136    98.7912  9.2386632    26.6788  0.000e+00
    132.480    133.620     5.6673  33.103727    33.8408    222.328    -0.0444      8.136    98.7654  10.033535    26.6790  0.000e+00
    132.787    133.930     5.6668  33.103608    33.8409    222.340    -0.0370      8.136    98.7654  10.132894    26.6792  0.000e+00
    133.238    134.385     5.6670  33.103789    33.8407    222.352    -0.0590      8.136    98.8945  8.2450735    26.6790  0.000e+00
    133.338    134.485     5.6671  33.103969    33.8408    222.355    -0.0590      8.136    98.9203  8.2450735    26.6790  0.000e+00
    133.186    134.333     5.6675  33.104088    33.8405    222.348    -0.0590      8.136    98.7912  8.7749880    26.6788  0.000e+00
    133.018    134.163     5.6676  33.104148    33.8406    222.343    -0.0663      8.136    98.9462  9.1393043    26.6789  0.000e+00
    132.881    134.025     5.6673  33.103848    33.8406    222.341    -0.0590      8.136    98.8945  9.3380222    26.6789  0.000e+00
    133.029    134.174     5.6664  33.103609    33.8412    222.349    -0.0444      8.136    98.6880  9.1724239    26.6795  0.000e+00
    133.377    134.526     5.6655  33.103610    33.8420    222.363    -0.0517      8.136    98.7396  8.9405863    26.6802  0.000e+00
    133.517    134.667     5.6665  33.103850    33.8412    222.363    -0.0444      8.136    98.7138  8.9405863    26.6795  0.000e+00
    133.454    134.603     5.6667  33.103910    33.8411    222.361    -0.0590      8.136    98.9203  8.9737060    26.6793  0.000e+00
    133.286    134.433     5.6671  33.103969    33.8408    222.354    -0.0517      8.136    98.8945  8.3775521    26.6791  0.000e+00
    133.076    134.222     5.6674  33.103968    33.8406    222.347    -0.0590      8.136    98.8687  9.1061846    26.6789  0.000e+00
    133.131    134.276     5.6668  33.103789    33.8410    222.351    -0.0590      8.136    98.8429  8.7087487    26.6793  0.000e+00
    133.493    134.642     5.6661  33.103730    33.8414    222.365    -0.0517      8.136    98.8429  8.3775521    26.6797  0.000e+00
    133.718    134.869     5.6660  33.103851    33.8415    222.372    -0.0517      8.136    98.8945  10.033535    26.6798  0.000e+00
    133.531    134.681     5.6658  33.103730    33.8417    222.368    -0.0517      8.136    98.8687  8.8081077    26.6799  0.000e+00
    133.289    134.436     5.6662  33.103729    33.8414    222.359    -0.0444      8.136    98.7654  8.5431504    26.6797  0.000e+00
    133.336    134.484     5.6664  33.103789    33.8413    222.360    -0.0370      8.136    98.8687  8.9074667    26.6796  0.000e+00
    133.540    134.690     5.6667  33.103910    33.8410    222.365    -0.0517      8.136    98.7138  9.7023385    26.6793  0.000e+00
    133.628    134.779     5.6669  33.104150    33.8410    222.366    -0.0444      8.136    98.9203  8.6425094    26.6792  0.000e+00
