Arg_L2_F3_NV.cnv
* Sea-Bird SBE 9 Data File:
* FileName = S:\CTD_Data\CTD\Data\Argentina 2014\Data\Arg_L2_F3.hex
* Software Version Seasave V 7.21g
* Temperature SN = 5769
* Conductivity SN = 4244
* Number of Bytes Per Scan = 31
* Number of Voltage Words = 4
* Number of Scans Averaged by the Deck Unit = 24
* NMEA Latitude = 46 35.91 S
* NMEA Longitude = 065 44.19 W
* NMEA UTC (Time) = Feb 06 2014 00:16:20
* NMEA baud rate = 9600
** R/V Coriolis II
** MARES project, ARGENTINA 2014
** Chief scientist : Dr. Gustavo Ferreyra
** Co-Chief scientist : Dr. José Luis Esteves
# nquan = 13
# nvalues = 703                                   
# units = specified
# name 0 = depSM: Depth [salt water, m]
# name 1 = prDM: Pressure, Digiquartz [db]
# name 2 = t090C: Temperature [ITS-90, deg C]
# name 3 = c0mS/cm: Conductivity [mS/cm]
# name 4 = sal00: Salinity, Practical [PSU]
# name 5 = sbeox0Mm/Kg: Oxygen, SBE 43 [umol/Kg]
# name 6 = flECO-AFL: Fluorescence, WET Labs ECO-AFL/FL [mg/m^3]
# name 7 = ph: pH
# name 8 = CStarTr0: Beam Transmission, WET Labs C-Star [%]
# name 9 = par: PAR/Irradiance, Biospherical/Licor
# name 10 = upoly0: Upoly 0, Nitrate
# name 11 = sigma-é00: Density [sigma-theta, Kg/m^3]
# name 12 = flag:  0.000e+00
# span 0 =     -0.308,     85.281                 
# span 1 =     -0.310,     86.010                 
# span 2 =    12.2702,    12.4991                 
# span 3 =   6.016962,  38.509709                 
# span 4 =     4.4206,    33.0923                 
# span 5 =    180.413,    263.320                 
# span 6 =    -0.1249,     0.3732                 
# span 7 =      8.161,      8.170                 
# span 8 =    69.1479,    90.2442                 
# span 9 = 1.0000e-12, 4.1957e-01                 
# span 10 = -0.7634735,  2.0516974                
# span 11 =     2.8936,    25.0224                
# span 12 = 0.0000e+00, 0.0000e+00                
# interval = seconds: 1
# start_time = Feb 06 2014 00:16:20 [NMEA time, header]
# bad_flag = -9.990e-29
*END*
[from data line 667]
      2.139      2.157    12.4724  38.470192    33.0899    218.119     0.2267      8.165    85.7771 3.6233e-02 -0.4653966    25.0162  0.000e+00
      2.195      2.213    12.4630  38.460790    33.0892    219.422     0.1901      8.165    85.5705 5.0399e-02 -0.4985162    25.0175  0.000e+00
      2.053      2.070    12.4565  38.455008    33.0894    218.411     0.1828      8.165    85.5963 7.0223e-02 -0.5316359    25.0189  0.000e+00
      1.903      1.919    12.4560  38.454627    33.0896    218.564     0.1974      8.165    85.3898 8.2497e-02 -0.5316359    25.0191  0.000e+00
      1.819      1.834    12.4564  38.454944    33.0895    218.029     0.2047      8.165    85.4930 1.1553e-01 -0.5316359    25.0190  0.000e+00
      1.925      1.941    12.4558  38.454690    33.0898    217.814     0.1974      8.165    85.4414 9.4424e-02 -0.6309949    25.0193  0.000e+00
      1.929      1.945    12.4711  38.468158    33.0892    218.185     0.1828      8.165    85.6996 9.4424e-02 -0.5316359    25.0159  0.000e+00
      1.695      1.709    12.4751  38.471842    33.0893    219.286     0.1974      8.165    85.3639 4.4469e-02 -0.4985162    25.0152  0.000e+00
      1.591      1.604    12.4781  38.474447    33.0892    218.519     0.1901      8.165    84.6926 3.6472e-02 -0.4653966    25.0146  0.000e+00
      2.008      2.025    12.4603  38.458184    33.0891    217.952     0.2047      8.165    85.0283 6.2479e-02 -0.4985162    25.0179  0.000e+00
      2.198      2.216    12.4555  38.454818    33.0900    218.043     0.2194      8.165    85.1315 1.0569e-01 -0.5978752    25.0196  0.000e+00
      2.040      2.057    12.4658  38.463838    33.0897    218.367     0.1828      8.170    85.1057 1.0876e-01 -0.6309949    25.0173  0.000e+00
      1.913      1.929    12.4653  38.462885    33.0893    218.962     0.1754      8.165    84.5635 8.7373e-02 -0.5978752    25.0171  0.000e+00
      1.740      1.755    12.4623  38.460089    33.0893    218.751     0.1828      8.165    84.8733 9.4424e-02 -0.5316359    25.0177  0.000e+00
      1.654      1.668    12.4564  38.454816    33.0895    218.555     0.1974      8.165    84.8733 1.2260e-01 -0.5316359    25.0190  0.000e+00
      1.745      1.759    12.4562  38.454753    33.0895    218.183     0.2194      8.165    85.2090 1.0569e-01 -0.5316359    25.0190  0.000e+00
      1.649      1.662    12.4560  38.454435    33.0895    218.932     0.2194      8.165    84.9508 1.1832e-01 -0.4985162    25.0190  0.000e+00
      1.443      1.455    12.4529  38.451576    33.0895    218.786     0.1828      8.165    84.4860 6.7584e-02 -0.5647556    25.0197  0.000e+00
      1.504      1.516    12.4602  38.458500    33.0897    218.313     0.1681      8.165    84.5893 6.6286e-02 -0.5978752    25.0184  0.000e+00
      1.563      1.576    12.4664  38.463964    33.0895    218.131     0.1901      8.165    84.7442 1.3249e-01 -0.5978752    25.0170  0.000e+00
      1.302      1.313    12.4582  38.455768    33.0890    218.162     0.2121      8.165    84.9508 1.5176e-01 -0.6309949    25.0182  0.000e+00
      0.965      0.973    12.4541  38.452336    33.0894    218.767     0.1754      8.165    84.5635 1.7061e-01 -0.6309949    25.0194  0.000e+00
      0.868      0.875    12.4535  38.451891    33.0895    218.016     0.1974      8.165    84.6151 2.4011e-01 -0.6309949    25.0195  0.000e+00
      0.620      0.626    12.4543  38.452716    33.0898    218.160     0.1754      8.165    84.7442 2.7175e-01 -0.6309949    25.0196  0.000e+00
      0.591      0.596    12.4550  38.452970    33.0894    219.348     0.1681      8.165    84.8991 2.2357e-01 -0.6309949    25.0191  0.000e+00
      0.425      0.428    12.4491  38.447824    33.0897    218.399     0.1681      8.165    84.7959 2.1307e-01 -0.6309949    25.0205  0.000e+00
      0.495      0.499    12.4512  38.449730    33.0897    217.200     0.1681      8.165    84.7700 1.7372e-01 -0.5647556    25.0201  0.000e+00
      0.481      0.485    12.4504  38.448904    33.0896    218.395     0.1754      8.165    84.9250 1.5233e-01 -0.6309949    25.0201  0.000e+00
      0.512      0.517    12.4505  38.449031    33.0896    218.836     0.2121      8.165    85.6222 3.1905e-01 -0.6309949    25.0202  0.000e+00
      0.186      0.187    12.4512  38.447124    33.0873    217.636     0.2194      8.165    85.7254 3.8536e-01 -0.6309949    25.0183  0.000e+00
     -0.289     -0.292    12.4112  12.795350     9.9301    258.090     0.2560      8.166    79.9414 4.1957e-01 -0.6309949     7.1372  0.000e+00
     -0.296     -0.299    12.3285   6.016962     4.4206    263.320     0.2560      8.166    70.7488 3.8781e-01 -0.4985162     2.8936  0.000e+00
     -0.299     -0.301    12.3014  11.325061     8.7282    245.137    -0.1249      8.166    90.2442 3.2530e-01 -0.4653966     6.2252  0.000e+00
     -0.302     -0.304    12.2786  17.060688    13.6140    225.531    -0.1249      8.166    80.4320 3.6861e-01 -0.4653966     9.9982  0.000e+00
     -0.308     -0.310    12.2738  18.708858    15.0533    213.119    -0.1176      8.166    69.1479 3.9648e-01 -0.4653966    11.1092  0.000e+00
     -0.305     -0.307    12.2702  21.241428    17.2909    203.464    -0.1249      8.166    73.2794 3.4692e-01 -0.4653966    12.8363  0.000e+00
