Arg_L2_SF03_NV.cnv
* Sea-Bird SBE 9 Data File:
* FileName = S:\CTD_Data\CTD\Data\Argentina 2014\Data\Arg_L2_SF03.hex
* Software Version Seasave V 7.21g
* Temperature SN = 5769
* Conductivity SN = 4244
* Number of Bytes Per Scan = 31
* Number of Voltage Words = 4
* Number of Scans Averaged by the Deck Unit = 24
* NMEA Latitude = 45 56.69 S
* NMEA Longitude = 065 33.77 W
* NMEA UTC (Time) = Feb 07 2014 21:08:30
* NMEA baud rate = 9600
** R/V Coriolis II
** MARES project, ARGENTINA 2014
** Chief scientist : Dr. Gustavo Ferreyra
** Co-Chief scientist : Dr. José Luis Esteves
# nquan = 13
# nvalues = 641                                   
# units = specified
# name 0 = depSM: Depth [salt water, m]
# name 1 = prDM: Pressure, Digiquartz [db]
# name 2 = t090C: Temperature [ITS-90, deg C]
# name 3 = c0mS/cm: Conductivity [mS/cm]
# name 4 = sal00: Salinity, Practical [PSU]
# name 5 = sbeox0Mm/Kg: Oxygen, SBE 43 [umol/Kg]
# name 6 = flECO-AFL: Fluorescence, WET Labs ECO-AFL/FL [mg/m^3]
# name 7 = ph: pH
# name 8 = CStarTr0: Beam Transmission, WET Labs C-Star [%]
# name 9 = par: PAR/Irradiance, Biospherical/Licor
# name 10 = upoly0: Upoly 0, Nitrate
# name 11 = sigma-é00: Density [sigma-theta, Kg/m^3]
# name 12 = flag:  0.000e+00
# span 0 =     -0.415,     80.841                 
# span 1 =     -0.418,     81.525                 
# span 2 =     9.4636,    14.0688                 
# span 3 =   3.735515,  39.751513                 
# span 4 =     2.5633,    33.2971                 
# span 5 =    140.075,    273.972                 
# span 6 =    -0.0810,     1.2011                 
# span 7 =      7.828,      8.235                 
# span 8 =    44.1008,    97.2936                 
# span 9 = 1.0000e-12, 2.5282e+02                 
# span 10 = -0.7634735,  14.736526                
# span 11 =     1.2671,    25.7101                
# span 12 = 0.0000e+00, 0.0000e+00                
# interval = seconds: 1
# start_time = Feb 07 2014 21:08:30 [NMEA time, header]
# bad_flag = -9.990e-29
*END*
      1.542      1.555    13.7154  39.744071    33.2071    225.973     0.8274      8.197    94.4274 2.5282e+02 -0.5978752    24.8605  0.000e+00
      1.592      1.605    13.7166  39.745230    33.2072    226.675     0.8274      8.202    94.4015 2.2977e+02 -0.6309949    24.8602  0.000e+00
      2.141      2.159    13.7154  39.744395    33.2072    227.050     0.8128      8.202    94.4532 2.1237e+02 -0.5978752    24.8605  0.000e+00
      2.299      2.318    13.7162  39.745168    33.2071    226.292     0.7981      8.202    94.4790 1.9138e+02 -0.4985162    24.8603  0.000e+00
      2.344      2.363    13.7161  39.745104    33.2071    226.445     0.8641      8.202    94.4274 1.9963e+02 -0.5647556    24.8603  0.000e+00
      2.216      2.234    13.7158  39.744395    33.2068    227.706     0.8861      8.202    94.4015 1.9519e+02 -0.5316359    24.8602  0.000e+00
      2.040      2.056    13.7149  39.743815    33.2071    227.149     0.8787      8.202    94.4274 2.0532e+02 -0.6309949    24.8606  0.000e+00
      2.120      2.137    13.7153  39.744137    33.2071    225.483     0.8494      8.202    94.3499 2.1537e+02 -0.6309949    24.8604  0.000e+00
      2.540      2.561    13.7151  39.744396    33.2073    227.110     0.8934      8.207    94.1175 1.8142e+02 -0.6309949    24.8606  0.000e+00
      3.245      3.272    13.7152  39.744785    33.2073    227.031     0.8128      8.207    94.3757 1.5630e+02 -0.4985162    24.8607  0.000e+00
      3.872      3.905    13.7143  39.744208    33.2072    226.243     0.8348      8.207    94.4790 1.3504e+02 -0.4985162    24.8608  0.000e+00
      4.359      4.395    13.7142  39.744339    33.2073    227.370     0.8274      8.207    94.3499 1.1865e+02 -0.5978752    24.8609  0.000e+00
      4.850      4.890    13.7139  39.744470    33.2075    225.971     0.8274      8.207    94.5048 1.0753e+02 -0.6641145    24.8611  0.000e+00
      5.425      5.470    13.7132  39.744021    33.2074    225.585     0.8348      8.211    94.5565 9.6625e+01 -0.6309949    24.8612  0.000e+00
      6.148      6.199    13.7136  39.744732    33.2074    226.768     0.8494      8.211    94.5565 8.7074e+01 -0.5978752    24.8612  0.000e+00
      6.992      7.050    13.7140  39.745572    33.2075    226.083     0.8714      8.211    94.5048 7.2116e+01 -0.4985162    24.8612  0.000e+00
      7.674      7.738    13.7160  39.747571    33.2073    226.244     0.8714      8.211    94.5048 6.7979e+01 -0.4985162    24.8607  0.000e+00
      8.078      8.145    13.7155  39.747122    33.2072    226.664     0.8861      8.211    94.4790 6.7407e+01 -0.6972342    24.8607  0.000e+00
      8.644      8.716    13.7152  39.746995    33.2072    226.125     0.9593      8.216    94.5307 5.9558e+01 -0.6309949    24.8607  0.000e+00
      9.401      9.479    13.7147  39.747127    33.2074    226.503     0.9447      8.216    94.4532 5.3069e+01 -0.4985162    24.8611  0.000e+00
      9.979     10.062    13.7136  39.746357    33.2074    227.081     0.9007      8.216    94.4274 4.8772e+01 -0.6309949    24.8613  0.000e+00
     10.386     10.473    13.7168  39.749512    33.2074    226.167     0.9447      8.216    94.5048 4.6888e+01 -0.4985162    24.8607  0.000e+00
     10.878     10.969    13.7177  39.750673    33.2075    226.328     1.0106      8.216    94.4790 4.4073e+01 -0.4985162    24.8606  0.000e+00
     11.559     11.655    13.7183  39.751513    33.2075    226.750     0.9593      8.216    94.5823 3.9159e+01 -0.6309949    24.8604  0.000e+00
     12.370     12.473    13.7072  39.741602    33.2075    226.977     0.8934      8.221    94.4790 3.4694e+01 -0.4985162    24.8627  0.000e+00
     13.057     13.165    13.6963  39.731757    33.2076    226.693     0.8934      8.221    94.4790 3.2064e+01 -0.4985162    24.8650  0.000e+00
     13.598     13.711    13.6823  39.719209    33.2078    226.925     0.9666      8.221    94.4532 3.0138e+01 -0.5978752    24.8681  0.000e+00
     14.227     14.346    13.6764  39.714256    33.2080    227.174     1.0106      8.221    94.5307 2.8010e+01 -0.4985162    24.8694  0.000e+00
     15.031     15.156    13.6685  39.706924    33.2077    225.966     0.9666      8.221    94.5307 2.4885e+01 -0.4985162    24.8709  0.000e+00
     15.738     15.869    13.6561  39.695860    33.2079    226.043     0.9813      8.221    94.5565 2.2676e+01 -0.5316359    24.8736  0.000e+00
     16.127     16.261    13.6532  39.693931    33.2084    227.034     1.0545      8.221    94.6339 2.2233e+01 -0.4985162    24.8746  0.000e+00
     16.447     16.584    13.6530  39.693289    33.2079    227.401     1.1058      8.221    94.7114 2.1494e+01 -0.4985162    24.8742  0.000e+00
     17.082     17.224    13.6512  39.691811    33.2078    225.801     1.0985      8.226    94.6598 1.9095e+01 -0.4985162    24.8745  0.000e+00
     17.909     18.058    13.6469  39.688276    33.2079    226.707     1.0545      8.226    94.6081 1.6584e+01 -0.4985162    24.8755  0.000e+00
     18.569     18.724    13.6458  39.687249    33.2077    227.905     1.0472      8.226    94.7631 1.6169e+01 -0.5316359    24.8755  0.000e+00
     19.033     19.192    13.6455  39.687315    33.2077    226.595     1.1058      8.226    94.6339 1.5853e+01 -0.7634735    24.8757  0.000e+00
     19.703     19.867    13.6380  39.680177    33.2073    226.089     1.1425      8.226    94.7631 1.4282e+01 -0.5647556    24.8769  0.000e+00
     20.583     20.754    13.6266  39.670210    33.2076    226.220     1.0472      8.226    94.8663 1.2298e+01 -0.4985162    24.8794  0.000e+00
     21.287     21.464    13.6249  39.668733    33.2074    226.096     0.9740      8.226    95.0213 1.1722e+01 -0.4985162    24.8797  0.000e+00
     21.700     21.881    13.6236  39.667449    33.2072    226.320     1.0326      8.226    95.0213 1.1331e+01 -0.4985162    24.8798  0.000e+00
     22.061     22.245    13.6236  39.667707    33.2073    226.178     1.0545      8.226    94.8663 1.0831e+01 -0.6309949    24.8799  0.000e+00
     22.618     22.806    13.6242  39.668224    33.2070    225.835     1.2011      8.226    95.0987 1.0265e+01 -0.4985162    24.8796  0.000e+00
     23.340     23.535    13.6220  39.666554    33.2071    226.428     1.0179      8.226    95.1246 9.2719e+00 -0.4985162    24.8801  0.000e+00
     24.038     24.238    13.6207  39.665528    33.2070    225.589     0.9373      8.226    95.2278 8.6638e+00 -0.4985162    24.8803  0.000e+00
     24.742     24.948    13.6141  39.659356    33.2066    225.434     1.0179      8.226    95.1246 7.9591e+00 -0.4985162    24.8814  0.000e+00
     25.473     25.685    13.6078  39.653571    33.2064    225.744     1.0033      8.226    95.0471 7.2907e+00 -0.4985162    24.8825  0.000e+00
     26.118     26.336    13.6005  39.646756    33.2061    226.154     0.9300      8.226    95.1246 6.9090e+00 -0.5647556    24.8838  0.000e+00
     26.632     26.854    13.5979  39.644572    33.2061    226.029     0.9373      8.226    95.3828 6.6405e+00 -0.5316359    24.8843  0.000e+00
     27.224     27.451    13.5953  39.642066    33.2058    225.853     0.9813      8.226    95.3311 6.1865e+00 -0.4985162    24.8846  0.000e+00
     28.002     28.236    13.5854  39.632810    33.2054    225.770     0.9666      8.226    95.2795 5.5705e+00 -0.5647556    24.8863  0.000e+00
     28.875     29.116    13.5802  39.628441    33.2055    225.819     0.9227      8.226    95.4086 4.9587e+00 -0.5316359    24.8875  0.000e+00
     29.592     29.839    13.5763  39.624779    33.2052    225.706     0.9373      8.226    95.5893 4.6849e+00 -0.4985162    24.8881  0.000e+00
     29.941     30.191    13.5769  39.625295    33.2050    225.356     0.9666      8.226    95.5893 4.6058e+00 -0.7634735    24.8879  0.000e+00
     30.149     30.400    13.5781  39.626453    33.2050    225.562     0.9373      8.226    95.5893 4.5279e+00 -0.7634735    24.8876  0.000e+00
     30.659     30.915    13.5730  39.621826    33.2049    225.807     0.9447      8.226    95.5377 4.3021e+00 -0.5978752    24.8885  0.000e+00
     31.571     31.835    13.5636  39.613150    33.2045    225.877     0.8787      8.226    95.5377 3.6061e+00 -0.5647556    24.8902  0.000e+00
     32.597     32.869    13.5604  39.610647    33.2046    225.563     0.7762      8.226    95.7443 2.9533e+00 -0.4985162    24.8909  0.000e+00
     33.333     33.611    13.5570  39.607757    33.2045    225.600     0.9080      8.226    95.8476 3.1448e+00 -0.5978752    24.8916  0.000e+00
     33.745     34.027    13.5537  39.604609    33.2043    225.834     0.8201      8.226    96.0025 3.1269e+00 -0.7634735    24.8921  0.000e+00
     34.333     34.620    13.5503  39.601397    33.2040    226.226     0.6956      8.226    95.9767 2.8865e+00 -0.7634735    24.8926  0.000e+00
     35.009     35.301    13.5402  39.591694    33.2035    225.935     0.6882      8.226    95.9508 2.7027e+00 -0.5647556    24.8942  0.000e+00
     35.572     35.870    13.5287  39.581349    33.2035    225.438     0.7029      8.226    96.0283 2.6040e+00 -0.6309949    24.8966  0.000e+00
     36.122     36.424    13.5094  39.562652    33.2026    225.752     0.6736      8.226    96.2607 2.4519e+00 -0.7634735    24.8999  0.000e+00
     36.875     37.184    13.4593  39.515248    33.2015    225.857     0.6150      8.222    96.3124 2.2176e+00 -0.5647556    24.9091  0.000e+00
     37.763     38.079    13.3719  39.433146    33.2002    225.931     0.5271      8.222    96.4415 1.9652e+00 -0.4985162    24.9258  0.000e+00
     38.358     38.679    13.3170  39.386382    33.2039    224.956     0.6077      8.218    96.4931 1.9204e+00 -0.7303538    24.9396  0.000e+00
     38.591     38.914    13.3367  39.405305    33.2044    224.718     0.7688      8.218    96.4673 1.9260e+00 -0.7634735    24.9361  0.000e+00
     39.106     39.433    13.2283  39.295736    33.1958    225.365     0.6956      8.213    96.5706 1.8180e+00 -0.7303538    24.9511  0.000e+00
     40.025     40.360    13.0902  39.164980    33.1928    225.153     0.5710      8.209    96.5447 1.5596e+00 -0.4985162    24.9763  0.000e+00
     41.009     41.352    12.9257  39.009927    33.1897    224.164     0.4758      8.201    96.5964 1.3606e+00 -0.5316359    25.0064  0.000e+00
     41.621     41.970    12.8832  38.971795    33.1906    222.427     0.4904      8.196    96.7255 1.4547e+00 -0.5647556    25.0155  0.000e+00
     41.820     42.170    12.9867  39.065402    33.1885    220.674     0.4172      8.191    96.7771 1.4295e+00 -0.7303538    24.9935  0.000e+00
     42.212     42.565    12.7987  38.884724    33.1818    222.321     0.4172      8.192    96.8288 1.3566e+00 -0.6972342    25.0252  0.000e+00
     43.005     43.366    12.5759  38.674009    33.1767    222.665     0.3952      8.188    96.8546 1.2072e+00 -0.4985162    25.0646  0.000e+00
     43.944     44.313    12.2372  38.358544    33.1730    221.660     0.3073      8.176    97.0095 1.0333e+00 -0.4653966    25.1266  0.000e+00
     44.650     45.024    12.0841  38.217833    33.1727    219.894     0.2560      8.162    97.1645 1.0704e+00 -0.6309949    25.1554  0.000e+00
     45.070     45.448    11.9619  38.098969    33.1661    217.263     0.2267      8.158    97.2419 1.0736e+00 -0.7303538    25.1732  0.000e+00
     45.690     46.073    11.4810  37.635507    33.1433    216.666     0.1241      8.146    97.2936 9.8865e-01 -0.6972342    25.2443  0.000e+00
     46.421     46.810    10.8073  37.029534    33.1509    215.930     0.0655      8.111    97.1386 9.1284e-01 -0.4985162    25.3708  0.000e+00
     47.010     47.404    10.7493  36.971423    33.1453    209.976     0.0655      8.083    96.7255 9.0209e-01 -0.6972342    25.3766  0.000e+00
     47.560     47.959    10.7314  36.949039    33.1389    205.253     0.0655      8.078    96.1316 8.6540e-01 -0.6972342    25.3748  0.000e+00
     48.294     48.699    10.7142  36.930475    33.1357    202.859     0.0582      8.069    95.9250 7.8443e-01 -0.6641145    25.3753  0.000e+00
     49.098     49.510    10.6922  36.910728    33.1355    202.300     0.0289      8.069    95.5635 7.2572e-01 -0.4653966    25.3790  0.000e+00
     49.774     50.192    10.6564  36.876990    33.1340    202.955     0.0362      8.065    95.1246 7.0850e-01 -0.1342000    25.3841  0.000e+00
     50.294     50.716    10.6410  36.861500    33.1323    203.509     0.0362      8.060    94.7631 6.8751e-01  0.2632359    25.3854  0.000e+00
     50.870     51.297    10.6325  36.852633    33.1308    203.439     0.0289      8.060    94.2724 6.4727e-01  0.6937915    25.3858  0.000e+00
     51.684     52.118    10.6202  36.841770    33.1308    203.462     0.0143      8.060    94.1692 5.8030e-01  0.8262701    25.3879  0.000e+00
     52.625     53.067    10.5868  36.812365    33.1312    204.160     0.0069      8.055    94.0142 5.0714e-01  2.1841761    25.3940  0.000e+00
     53.300     53.748    10.5744  36.803067    33.1329    203.834    -0.0150      8.056    93.6269 5.1184e-01  1.9523385    25.3975  0.000e+00
     53.582     54.032    10.6186  36.837280    33.1269    202.751    -0.0224      8.051    93.0846 5.1818e-01  1.7205009    25.3852  0.000e+00
     54.073     54.528    10.5629  36.791272    33.1312    202.769    -0.0004      8.051    92.8522 4.8569e-01  2.3828940    25.3982  0.000e+00
     54.824     55.285    10.5565  36.786532    33.1319    202.582    -0.0150      8.051    92.6973 4.3157e-01  2.3497744    25.3999  0.000e+00
     55.651     56.119    10.5520  36.783040    33.1322    202.134    -0.0150      8.046    92.2842 3.9398e-01  2.2172957    25.4009  0.000e+00
     56.471     56.946    10.5442  36.776116    33.1320    201.283    -0.0224      8.042    91.8710 3.5934e-01  1.8860991    25.4021  0.000e+00
     57.149     57.630    10.5350  36.768693    33.1326    200.433    -0.0077      8.042    91.3804 3.3704e-01  1.7205009    25.4042  0.000e+00
     57.568     58.052    10.5322  36.766511    33.1327    199.803    -0.0150      8.042    90.6316 3.3059e-01  2.0516974    25.4048  0.000e+00
     57.970     58.458    10.5256  36.760522    33.1326    199.191    -0.0224      8.037    90.0377 3.1596e-01  1.9523385    25.4058  0.000e+00
     58.572     59.065    10.5003  36.738440    33.1332    199.082    -0.0224      8.037    89.6245 2.9218e-01  1.8198598    25.4106  0.000e+00
     59.439     59.940    10.4618  36.707884    33.1371    198.612    -0.0297      8.028    88.9532 2.4668e-01  1.7205009    25.4204  0.000e+00
     60.401     60.910    10.4517  36.699407    33.1374    196.927    -0.0297      8.023    86.5776 2.1014e-01  1.6211419    25.4223  0.000e+00
     61.060     61.574    10.4486  36.697290    33.1377    195.041    -0.0150      8.023    84.7442 2.1087e-01  1.6211419    25.4231  0.000e+00
     61.325     61.841    10.4508  36.698662    33.1370    193.218    -0.0150      8.018    83.9954 2.0797e-01  2.0185778    25.4222  0.000e+00
     61.832     62.353    10.4396  36.688876    33.1372    192.975    -0.0150      8.018    83.8663 1.8856e-01  2.5816120    25.4243  0.000e+00
     62.648     63.176    10.4350  36.685325    33.1374    192.970    -0.0150      8.018    83.7372 1.5460e-01  1.5880222    25.4253  0.000e+00
     63.588     64.124    10.4212  36.673547    33.1378    192.655    -0.0297      8.014    83.7113 1.2502e-01  1.5217829    25.4279  0.000e+00
     64.438     64.981    10.3877  36.647249    33.1414    192.415    -0.0224      8.014    83.1691 1.1370e-01  2.2504154    25.4365  0.000e+00
     64.988     65.536    10.3253  36.601150    33.1517    191.596    -0.0297      8.009    82.0071 1.0876e-01  3.1115265    25.4552  0.000e+00
     65.319     65.870    10.2896  36.573688    33.1565    190.241    -0.0297      8.005    80.9484 1.0016e-01  1.5549026    25.4650  0.000e+00
     65.729     66.283    10.2523  36.544181    33.1606    187.450    -0.0297      7.996    79.9930 9.4827e-02  2.1179368    25.4746  0.000e+00
     66.430     66.991    10.1856  36.496516    33.1731    184.595    -0.0297      7.986    79.0893 7.9945e-02  1.6542615    25.4956  0.000e+00
     67.231     67.798    10.1492  36.471638    33.1809    182.671    -0.0297      7.977    77.4108 6.7258e-02  1.0249880    25.5079  0.000e+00
