Arg_Leg3_G02_NV.cnv
* Sea-Bird SBE 9 Data File:
* FileName = S:\CTD_Data\CTD\Data\Argentina 2014\Data\Leg3\Arg_Leg3_G02.hex
* Software Version Seasave V 7.21g
* Temperature SN = 5769
* Conductivity SN = 4244
* Number of Bytes Per Scan = 31
* Number of Voltage Words = 4
* Number of Scans Averaged by the Deck Unit = 24
* NMEA Latitude = 46 14.42 S
* NMEA Longitude = 066 53.98 W
* NMEA UTC (Time) = Feb 15 2014 22:34:12
* NMEA baud rate = 9600
** R/V Coriolis II
** MARES project, ARGENTINA 2014
** Chief scientist : Dr. Gustavo Ferreyra
** Co-Chief scientist : Dr. José Luis Esteves
# nquan = 13
# nvalues = 654                                   
# units = specified
# name 0 = depSM: Depth [salt water, m]
# name 1 = prDM: Pressure, Digiquartz [db]
# name 2 = t090C: Temperature [ITS-90, deg C]
# name 3 = c0mS/cm: Conductivity [mS/cm]
# name 4 = sal00: Salinity, Practical [PSU]
# name 5 = sbeox0Mm/Kg: Oxygen, SBE 43 [umol/Kg]
# name 6 = flECO-AFL: Fluorescence, WET Labs ECO-AFL/FL [mg/m^3]
# name 7 = ph: pH
# name 8 = CStarTr0: Beam Transmission, WET Labs C-Star [%]
# name 9 = par: PAR/Irradiance, Biospherical/Licor
# name 10 = upoly0: Upoly 0, Nitrate
# name 11 = sigma-é00: Density [sigma-theta, Kg/m^3]
# name 12 = flag:  0.000e+00
# span 0 =     -0.076,     84.716                 
# span 1 =     -0.077,     85.437                 
# span 2 =     7.7900,    15.2285                 
# span 3 =   5.405796,  41.366006                 
# span 4 =     3.6620,    33.4447                 
# span 5 =    125.505,    268.728                 
# span 6 =    -0.1542,    29.3476                 
# span 7 =      7.648,      8.225                 
# span 8 =    43.1712,    96.5964                 
# span 9 = 1.0000e-12, 2.0417e+02                 
# span 10 = -0.7303538,  7.8476376                
# span 11 =     1.8942,    26.0747                
# span 12 = 0.0000e+00, 0.0000e+00                
# interval = seconds: 1
# start_time = Feb 15 2014 22:34:12 [NMEA time, header]
# bad_flag = -9.990e-29
*END*
      2.173      2.192    15.1843  41.331468    33.3987    221.843     1.1205      8.214    91.0705 1.8607e+02 -0.5316359    24.6976  0.000e+00
      2.228      2.247    15.1834  41.330945    33.3990    223.166     1.1425      8.214    91.1480 1.0513e+02 -0.5647556    24.6980  0.000e+00
      1.921      1.937    15.1861  41.332840    33.3985    221.828     1.1351      8.214    91.0964 1.2376e+02 -0.4985162    24.6970  0.000e+00
      1.793      1.808    15.1874  41.333690    33.3982    223.392     1.1278      8.214    91.0447 1.6722e+02 -0.4985162    24.6964  0.000e+00
      2.128      2.146    15.1875  41.333822    33.3981    221.828     1.1205      8.214    91.0189 1.7006e+02 -0.4985162    24.6964  0.000e+00
      2.316      2.335    15.1864  41.333103    33.3983    221.874     1.1132      8.214    91.0964 1.8041e+02 -0.4985162    24.6968  0.000e+00
      2.117      2.134    15.1926  41.337615    33.3972    221.806     1.1278      8.214    91.0705 1.0366e+02 -0.4985162    24.6946  0.000e+00
      1.903      1.918    15.1929  41.337483    33.3969    222.714     1.0765      8.214    91.0447 1.4734e+02 -0.4985162    24.6943  0.000e+00
      1.939      1.955    15.1941  41.338399    33.3966    221.137     1.1351      8.214    91.0447 1.9907e+02 -0.4985162    24.6938  0.000e+00
      2.321      2.340    15.1957  41.340036    33.3966    219.896     1.0692      8.214    90.6574 2.0417e+02 -0.4985162    24.6935  0.000e+00
      2.882      2.906    15.2064  41.347494    33.3940    221.150     1.0252      8.219    89.7020 1.5586e+02 -0.4985162    24.6892  0.000e+00
      3.301      3.329    15.2056  41.347692    33.3947    222.664     1.0033      8.219    90.4250 7.4802e+01 -0.4985162    24.6899  0.000e+00
      3.907      3.940    15.2120  41.352535    33.3934    222.983     0.9886      8.219    90.6832 8.0027e+01 -0.4985162    24.6875  0.000e+00
      4.564      4.602    15.2161  41.355743    33.3925    222.253     0.9886      8.219    90.8123 7.9578e+01 -0.4985162    24.6859  0.000e+00
      5.168      5.211    15.2012  41.345411    33.3957    220.830     1.0326      8.219    90.8898 6.1258e+01 -0.4985162    24.6916  0.000e+00
      5.936      5.986    15.2139  41.354833    33.3930    223.106     1.0545      8.219    90.9156 6.2652e+01 -0.4985162    24.6868  0.000e+00
      6.713      6.769    15.1981  41.343651    33.3961    222.608     1.0472      8.219    90.9673 5.9894e+01 -0.4985162    24.6927  0.000e+00
      7.227      7.287    15.1861  41.334627    33.3980    222.049     1.0545      8.219    91.0705 4.7821e+01 -0.4985162    24.6968  0.000e+00
      7.658      7.722    15.1418  41.305139    33.4090    221.985     1.0985      8.219    91.0964 3.1438e+01 -0.4985162    24.7150  0.000e+00
      8.381      8.451    15.1658  41.321292    33.4029    220.550     1.0985      8.219    91.1480 2.4126e+01 -0.4985162    24.7050  0.000e+00
      9.271      9.348    15.1673  41.323584    33.4033    220.788     1.0179      8.219    91.1480 3.1350e+01 -0.4985162    24.7050  0.000e+00
      9.994     10.077    15.1730  41.327576    33.4017    221.337     1.0326      8.219    91.2255 3.2519e+01 -0.4985162    24.7026  0.000e+00
     10.420     10.506    15.1731  41.327774    33.4017    221.532     1.0912      8.219    91.2771 2.7079e+01 -0.4985162    24.7026  0.000e+00
     10.866     10.957    15.1660  41.322675    33.4030    222.566     1.0765      8.224    91.2771 1.9585e+01 -0.4985162    24.7052  0.000e+00
     11.553     11.649    15.1381  41.303781    33.4094    223.693     1.0619      8.224    91.2255 1.6962e+01 -0.4985162    24.7162  0.000e+00
     12.386     12.490    15.0720  41.257245    33.4235    222.111     1.0252      8.224    91.2255 1.7448e+01 -0.4985162    24.7415  0.000e+00
     13.082     13.191    15.0048  41.206679    33.4350    221.854     1.0619      8.220    91.3288 1.7203e+01 -0.4985162    24.7650  0.000e+00
     13.531     13.644    14.9937  41.197406    33.4359    221.992     1.2157      8.220    91.5095 1.5543e+01 -0.4985162    24.7681  0.000e+00
     14.038     14.155    14.9915  41.195253    33.4356    221.017     1.3476      8.220    91.5870 1.2939e+01 -0.4985162    24.7684  0.000e+00
     14.760     14.883    14.9875  41.191468    33.4354    219.760     1.3476      8.220    91.5095 1.0589e+01 -0.4985162    24.7690  0.000e+00
     15.589     15.719    14.9823  41.186573    33.4350    221.699     1.3476      8.220    91.4837 1.0207e+01 -0.4985162    24.7699  0.000e+00
     16.274     16.410    14.9795  41.184159    33.4350    222.663     1.4062      8.220    91.3546 1.0381e+01 -0.4985162    24.7705  0.000e+00
     16.798     16.938    14.9787  41.183378    33.4348    219.600     1.5747      8.225    91.2771 9.4572e+00 -0.4985162    24.7706  0.000e+00
     17.414     17.559    14.9776  41.182531    33.4347    219.622     1.5527      8.220    91.3029 7.8030e+00 -0.4985162    24.7707  0.000e+00
     18.114     18.265    14.9744  41.180052    33.4349    220.627     1.5381      8.225    91.2771 6.7542e+00 -0.4653966    24.7716  0.000e+00
     18.756     18.912    14.9709  41.176790    33.4347    220.661     1.6333      8.225    91.2513 6.6782e+00 -0.4985162    24.7723  0.000e+00
     19.292     19.453    14.9674  41.173788    33.4348    220.544     1.6992      8.225    91.1997 6.6971e+00 -0.4985162    24.7731  0.000e+00
     19.851     20.017    14.9646  41.171440    33.4348    222.243     1.7578      8.225    91.1738 6.1865e+00 -0.4985162    24.7738  0.000e+00
     20.552     20.724    14.9624  41.169745    33.4349    220.788     1.7432      8.225    91.1997 5.3082e+00 -0.4985162    24.7743  0.000e+00
     21.310     21.488    14.9577  41.165634    33.4349    218.557     1.7066      8.225    91.2255 4.5022e+00 -0.4985162    24.7754  0.000e+00
     21.980     22.164    14.9514  41.160153    33.4350    221.211     1.7505      8.225    91.1997 4.1815e+00 -0.4985162    24.7768  0.000e+00
     22.589     22.778    14.9457  41.155258    33.4353    220.998     1.8384      8.225    91.1997 4.1224e+00 -0.4985162    24.7783  0.000e+00
     23.193     23.387    14.9415  41.151735    33.4354    219.092     1.8897      8.225    91.1738 3.8722e+00 -0.4985162    24.7793  0.000e+00
     23.760     23.959    14.9361  41.147168    33.4357    220.028     1.9044      8.225    91.1738 3.4160e+00 -0.4985162    24.7807  0.000e+00
     24.314     24.517    14.9319  41.143580    33.4358    219.954     2.0069      8.220    91.2513 3.0563e+00 -0.4985162    24.7817  0.000e+00
     25.061     25.270    14.9214  41.134640    33.4364    219.162     1.8604      8.220    91.2513 2.8132e+00 -0.4985162    24.7845  0.000e+00
     25.850     26.066    14.9106  41.125375    33.4370    219.606     1.7505      8.220    91.3288 2.6114e+00 -0.4985162    24.7873  0.000e+00
     26.372     26.593    14.9019  41.117871    33.4374    219.699     1.8384      8.220    91.5612 2.5232e+00 -0.4985162    24.7895  0.000e+00
     26.866     27.091    14.8909  41.107301    33.4371    217.410     1.9483      8.220    91.7677 2.3152e+00 -0.4985162    24.7917  0.000e+00
     27.582     27.813    14.8733  41.090991    33.4370    217.358     1.8751      8.220    91.9227 2.0168e+00 -0.4985162    24.7954  0.000e+00
     28.404     28.642    14.8618  41.079969    33.4365    219.087     1.7212      8.216    92.3100 1.7663e+00 -0.4985162    24.7975  0.000e+00
     29.082     29.326    14.8540  41.072469    33.4361    217.310     1.6260      8.216    92.8781 1.6962e+00 -0.4985162    24.7990  0.000e+00
     29.610     29.858    14.8490  41.067514    33.4358    215.474     1.5674      8.216    93.2137 1.6336e+00 -0.4985162    24.7998  0.000e+00
     30.098     30.350    14.8464  41.065102    33.4356    215.959     1.5381      8.216    93.5236 1.5283e+00 -0.4985162    24.8002  0.000e+00
     30.713     30.971    14.8401  41.059038    33.4353    216.274     1.5307      8.216    93.7302 1.3845e+00 -0.4985162    24.8014  0.000e+00
     31.528     31.793    14.8338  41.053498    33.4353    216.028     1.3915      8.211    93.7044 1.2107e+00 -0.4985162    24.8028  0.000e+00
     32.315     32.586    14.8086  41.028850    33.4342    214.851     1.2450      8.211    94.1175 1.1186e+00 -0.4985162    24.8074  0.000e+00
     32.882     33.157    14.7478  40.970575    33.4332    214.154     1.1864      8.212    94.5823 1.1024e+00 -0.4653966    24.8196  0.000e+00
     33.409     33.689    14.7069  40.929660    33.4308    214.282     1.0472      8.207    95.0729 1.0394e+00 -0.4985162    24.8266  0.000e+00
     34.021     34.306    14.6097  40.836943    33.4296    213.439     0.8641      8.208    95.5119 9.4583e-01 -0.4985162    24.8464  0.000e+00
     34.637     34.927    14.3912  40.628639    33.4270    212.564     0.7615      8.204    96.0025 8.8095e-01 -0.4985162    24.8908  0.000e+00
     35.259     35.554    14.1218  40.368413    33.4203    211.083     0.6736      8.191    96.3124 8.2031e-01 -0.4985162    24.9422  0.000e+00
     35.870     36.171    14.0558  40.301780    33.4156    207.527     0.6003      8.182    96.4415 7.7280e-01 -0.4985162    24.9524  0.000e+00
     36.525     36.831    13.8436  40.073010    33.3877    205.007     0.5637      8.178    96.4931 7.1922e-01 -0.4985162    24.9747  0.000e+00
     37.229     37.541    13.4407  39.670426    33.3630    204.005     0.5344      8.171    96.4673 6.6110e-01 -0.4985162    25.0378  0.000e+00
     37.858     38.175    13.2860  39.517072    33.3542    202.558     0.4978      8.162    96.3898 6.2798e-01 -0.4985162    25.0621  0.000e+00
     38.382     38.704    13.2261  39.457044    33.3500    199.997     0.4538      8.158    96.3124 6.0005e-01 -0.4985162    25.0709  0.000e+00
     38.955     39.282    13.1106  39.347610    33.3479    198.157     0.4392      8.153    96.2865 5.6115e-01 -0.4985162    25.0923  0.000e+00
     39.663     39.996    12.9601  39.229785    33.3685    198.319     0.4318      8.145    96.3124 5.1659e-01 -0.4985162    25.1381  0.000e+00
     40.402     40.742    12.5664  38.882257    33.3854    198.281     0.4318      8.132    96.3640 4.7972e-01 -0.4985162    25.2281  0.000e+00
     40.972     41.316    12.1791  38.548498    33.4092    196.160     0.4318      8.110    96.3382 4.6220e-01 -0.4985162    25.3209  0.000e+00
     41.460     41.808    11.5302  37.964600    33.4236    193.464     0.4611      8.094    96.2865 4.3836e-01 -0.4985162    25.4531  0.000e+00
     42.014     42.367    10.8030  37.317022    33.4434    189.545     0.5271      8.064    96.1832 4.0532e-01 -0.4985162    25.5992  0.000e+00
     42.641     42.999    10.2350  36.779849    33.4249    184.851     0.6003      8.033    95.9508 3.7690e-01 -0.4985162    25.6832  0.000e+00
     43.424     43.789     9.7458  36.335161    33.4248    180.544     0.6077      8.007    95.9508 3.3813e-01 -0.4985162    25.7652  0.000e+00
     44.293     44.665     9.4012  36.026277    33.4280    177.766     0.5710      7.980    95.7443 3.0586e-01 -0.4985162    25.8240  0.000e+00
     44.970     45.348     9.2910  35.929093    33.4303    174.024     0.4758      7.952    95.2278 2.9700e-01 -0.4985162    25.8436  0.000e+00
     45.288     45.669     9.3142  35.955191    33.4355    169.889     0.3586      7.937    94.3757 2.9123e-01 -0.7303538    25.8439  0.000e+00
     45.668     46.052     9.2418  35.875194    33.4203    167.247     0.2926      7.919    93.5236 2.7811e-01 -0.5978752    25.8436  0.000e+00
     46.358     46.748     9.1474  35.796507    33.4268    165.434     0.2267      7.891    92.0776 2.4834e-01 -0.4985162    25.8638  0.000e+00
     47.191     47.588     9.0798  35.738740    33.4298    162.086     0.0948      7.867    89.5987 2.1677e-01 -0.4985162    25.8769  0.000e+00
     47.890     48.293     8.9966  35.667815    33.4338    154.318     0.0582      7.849    86.7067 2.0510e-01 -0.4985162    25.8932  0.000e+00
     48.409     48.817     8.9175  35.598238    33.4355    146.602     0.0289      7.839    85.3123 1.9327e-01 -0.7303538    25.9069  0.000e+00
     49.069     49.482     8.8463  35.538812    33.4401    143.378     0.0143      7.830    85.1057 1.6877e-01 -0.7303538    25.9216  0.000e+00
     49.735     50.154     8.8141  35.511361    33.4414    142.621     0.0069      7.821    85.3381 1.4350e-01 -0.5978752    25.9277  0.000e+00
     50.302     50.725     8.7702  35.470629    33.4399    142.750    -0.0077      7.821    85.9837 1.3047e-01 -0.7303538    25.9333  0.000e+00
     50.914     51.343     8.6326  35.349153    33.4422    144.009    -0.0004      7.812    86.6034 1.1646e-01 -0.7303538    25.9563  0.000e+00
     51.635     52.070     8.5842  35.308373    33.4447    144.042    -0.0004      7.793    86.0353 9.8913e-02 -0.5647556    25.9657  0.000e+00
     52.326     52.767     8.5720  35.296340    33.4433    142.517    -0.0077      7.784    84.9508 8.5477e-02 -0.6309949    25.9664  0.000e+00
     52.834     53.279     8.5592  35.283694    33.4418    140.697    -0.0224      7.779    84.1503 7.7797e-02 -0.6972342    25.9673  0.000e+00
     53.288     53.737     8.5430  35.267858    33.4403    138.886    -0.0224      7.774    83.6081 7.0558e-02 -0.6972342    25.9686  0.000e+00
     53.917     54.371     8.5025  35.232452    33.4410    137.606    -0.0224      7.765    82.7301 5.9706e-02 -0.6972342    25.9753  0.000e+00
     54.702     55.164     8.4810  35.212946    33.4405    136.738    -0.0150      7.760    81.9813 4.9019e-02 -0.0679607    25.9782  0.000e+00
     55.463     55.931     8.4363  35.173882    33.4413    136.107    -0.0150      7.751    81.3874 4.2401e-02  2.2835350    25.9856  0.000e+00
     56.023     56.496     8.4198  35.158986    33.4409    134.631    -0.0077      7.741    80.1996 3.6472e-02  0.4619538    25.9878  0.000e+00
     56.557     57.035     8.4071  35.146911    33.4400    133.313    -0.0077      7.742    80.0963 3.0484e-02  0.4950735    25.9890  0.000e+00
     57.247     57.730     8.3887  35.129875    33.4392    132.776    -0.0150      7.737    80.0447 2.4098e-02  0.3625949    25.9912  0.000e+00
     57.969     58.459     8.3668  35.110758    33.4393    131.952    -0.0150      7.732    79.9672 1.8604e-02 -0.6972342    25.9946  0.000e+00
     58.442     58.936     8.3496  35.096852    33.4407    131.747    -0.0224      7.732    80.1221 1.7482e-02 -0.6641145    25.9983  0.000e+00
     58.859     59.356     8.3095  35.059308    33.4389    132.550    -0.0224      7.732    80.4836 1.4227e-02  0.6606718    26.0028  0.000e+00
     59.595     60.099     8.2480  35.005928    33.4405    132.829    -0.0297      7.728    80.6902 8.6715e-03  1.1243470    26.0133  0.000e+00
     60.468     60.979     8.1810  34.946832    33.4411    133.003    -0.0297      7.728    80.6644 5.5469e-03 -0.6641145    26.0238  0.000e+00
     61.110     61.626     8.1101  34.885818    33.4435    133.660    -0.0297      7.728    81.5423 4.0493e-03 -0.6641145    26.0362  0.000e+00
     61.461     61.980     8.0793  34.856854    33.4418    134.843    -0.0297      7.723    81.6973 4.9428e-03 -0.0348410    26.0394  0.000e+00
     61.998     62.522     8.0124  34.792115    33.4364    135.374    -0.0297      7.714    81.2583 3.0257e-03 -0.0679607    26.0450  0.000e+00
     62.747     63.278     7.9709  34.753113    33.4340    134.739    -0.0297      7.714    81.0517 1.3173e-03 -0.6641145    26.0492  0.000e+00
     63.464     64.001     7.9405  34.725353    33.4331    133.891    -0.0444      7.710    81.1808 1.0000e-12 -0.6641145    26.0530  0.000e+00
     63.965     64.506     7.9195  34.706262    33.4325    133.793    -0.0297      7.710    81.3357 1.0000e-12  1.4555436    26.0555  0.000e+00
     64.444     64.989     7.9014  34.690162    33.4323    133.992    -0.0370      7.705    81.2841 1.0000e-12  1.1574667    26.0580  0.000e+00
     65.070     65.620     7.8852  34.675530    33.4318    133.401    -0.0297      7.700    81.2583 1.0000e-12 -0.5316359    26.0600  0.000e+00
     65.828     66.385     7.8656  34.658035    33.4315    132.821    -0.0297      7.695    80.7677 1.0000e-12  1.3230650    26.0626  0.000e+00
