Arg_Leg3_G12_NV.cnv
* Sea-Bird SBE 9 Data File:
* FileName = S:\CTD_Data\CTD\Data\Argentina 2014\Data\Leg3\Arg_Leg3_G12.hex
* Software Version Seasave V 7.21g
* Temperature SN = 5769
* Conductivity SN = 4244
* Number of Bytes Per Scan = 31
* Number of Voltage Words = 4
* Number of Scans Averaged by the Deck Unit = 24
* NMEA Latitude = 46 37.85 S
* NMEA Longitude = 065 25.72 W
* NMEA UTC (Time) = Feb 12 2014 05:09:12
* NMEA baud rate = 9600
** R/V Coriolis II
** MARES project, ARGENTINA 2014
** Chief scientist : Dr. Gustavo Ferreyra
** Co-Chief scientist : Dr. José Luis Esteves
# nquan = 13
# nvalues = 546                                   
# units = specified
# name 0 = depSM: Depth [salt water, m]
# name 1 = prDM: Pressure, Digiquartz [db]
# name 2 = t090C: Temperature [ITS-90, deg C]
# name 3 = c0mS/cm: Conductivity [mS/cm]
# name 4 = sal00: Salinity, Practical [PSU]
# name 5 = sbeox0Mm/Kg: Oxygen, SBE 43 [umol/Kg]
# name 6 = flECO-AFL: Fluorescence, WET Labs ECO-AFL/FL [mg/m^3]
# name 7 = ph: pH
# name 8 = CStarTr0: Beam Transmission, WET Labs C-Star [%]
# name 9 = par: PAR/Irradiance, Biospherical/Licor
# name 10 = upoly0: Upoly 0, Nitrate
# name 11 = sigma-é00: Density [sigma-theta, Kg/m^3]
# name 12 = flag:  0.000e+00
# span 0 =     -0.126,     77.379                 
# span 1 =     -0.128,     78.039                 
# span 2 =    11.8620,    12.7471                 
# span 3 =   2.566153,  38.735874                 
# span 4 =     1.7816,    33.1091                 
# span 5 =    210.742,    263.170                 
# span 6 =    -0.1249,     0.9227                 
# span 7 =      7.852,      8.108                 
# span 8 =    76.3522,    93.2137                 
# span 9 = 1.0000e-12, 6.1480e-01                 
# span 10 = -0.7634735, -0.3991573                
# span 11 =     0.8357,    25.1479                
# span 12 = 0.0000e+00, 0.0000e+00                
# interval = seconds: 1
# start_time = Feb 12 2014 05:09:12 [NMEA time, header]
# bad_flag = -9.990e-29
*END*
[from data line 112]
     65.886     66.446    11.8946  37.986453    33.1080    214.330     0.2780      8.083    90.9156 1.0000e-12 -0.6309949    25.1411  0.000e+00
     66.799     67.367    11.8950  37.987026    33.1077    213.961     0.2707      8.083    90.5541 1.0000e-12 -0.6309949    25.1409  0.000e+00
     67.654     68.229    11.8949  37.987155    33.1076    214.219     0.2487      8.083    90.5025 1.0000e-12 -0.6309949    25.1409  0.000e+00
     68.215     68.795    11.8942  37.986715    33.1075    214.864     0.2926      8.083    90.6058 1.0000e-12 -0.6309949    25.1409  0.000e+00
     68.580     69.163    11.8940  37.986526    33.1074    214.875     0.3146      8.083    90.7090 1.0000e-12 -0.6309949    25.1409  0.000e+00
     69.056     69.643    11.8933  37.986149    33.1075    214.657     0.3219      8.083    90.8898 1.0000e-12 -0.6309949    25.1411  0.000e+00
     69.786     70.380    11.8914  37.984951    33.1076    214.686     0.3000      8.083    90.7607 1.0000e-12 -0.6309949    25.1416  0.000e+00
     70.672     71.274    11.8901  37.984195    33.1077    214.323     0.2487      8.083    90.6058 1.0000e-12 -0.6309949    25.1419  0.000e+00
     71.428     72.036    11.8926  37.986474    33.1074    213.941     0.2487      8.083    90.5025 1.0000e-12 -0.6309949    25.1412  0.000e+00
     71.981     72.594    11.9006  37.993619    33.1070    214.154     0.3000      8.083    90.6574 1.0000e-12 -0.6309949    25.1394  0.000e+00
     72.500     73.118    11.9027  37.995707    33.1069    214.392     0.3073      8.083    90.9931 1.0000e-12 -0.6309949    25.1390  0.000e+00
     73.056     73.678    11.9030  37.996342    33.1071    214.799     0.3073      8.083    91.0447 1.0000e-12 -0.6309949    25.1390  0.000e+00
     73.639     74.266    11.9047  37.997924    33.1068    214.807     0.3293      8.083    91.1222 1.0000e-12 -0.6309949    25.1385  0.000e+00
     74.197     74.829    11.8989  37.993185    33.1072    215.008     0.3146      8.083    91.1222 1.0000e-12 -0.6309949    25.1399  0.000e+00
     74.677     75.314    11.8944  37.989457    33.1073    215.041     0.3293      8.083    91.0447 1.0000e-12 -0.6309949    25.1409  0.000e+00
     74.916     75.554    11.8919  37.987309    33.1074    214.825     0.3439      8.083    90.8640 1.0000e-12 -0.6309949    25.1414  0.000e+00
     74.804     75.441    11.8994  37.993440    33.1067    214.396     0.3000      8.083    90.9673 1.0000e-12 -0.6309949    25.1395  0.000e+00
     74.785     75.422    11.8915  37.986992    33.1074    214.430     0.2926      8.083    90.9414 1.0000e-12 -0.6309949    25.1415  0.000e+00
     75.150     75.790    11.8825  37.979345    33.1079    214.716     0.3073      8.083    90.6574 1.0000e-12 -0.6309949    25.1435  0.000e+00
     75.655     76.299    11.8647  37.964178    33.1088    214.810     0.2853      8.084    90.4250 1.0000e-12 -0.6309949    25.1476  0.000e+00
     75.843     76.490    11.8666  37.966328    33.1091    214.806     0.2926      8.084    90.1926 1.0000e-12 -0.6309949    25.1474  0.000e+00
     75.819     76.465    11.8741  37.972268    33.1082    214.772     0.3219      8.083    90.2184 1.0000e-12 -0.6309949    25.1454  0.000e+00
     75.626     76.271    11.8700  37.968539    33.1083    214.392     0.3513      8.083    90.5799 1.0000e-12 -0.6309949    25.1462  0.000e+00
     75.472     76.115    11.8726  37.970371    33.1079    214.377     0.3146      8.083    90.7090 1.0000e-12 -0.6309949    25.1454  0.000e+00
     75.472     76.115    11.8725  37.970371    33.1079    215.006     0.3879      8.083    90.5799 1.0000e-12 -0.6309949    25.1455  0.000e+00
     75.523     76.166    11.8765  37.973721    33.1076    214.989     0.4025      8.083    90.8898 1.0000e-12 -0.6309949    25.1445  0.000e+00
     75.552     76.196    11.8760  37.973405    33.1077    214.757     0.3659      8.083    90.8381 1.0000e-12 -0.6309949    25.1446  0.000e+00
     75.653     76.298    11.8782  37.975618    33.1078    214.750     0.3952      8.083    90.9673 1.0000e-12 -0.6309949    25.1443  0.000e+00
     75.747     76.392    11.8811  37.977704    33.1073    214.740     0.4025      8.083    91.1222 1.0000e-12 -0.6309949    25.1434  0.000e+00
     75.711     76.357    11.8803  37.977135    33.1074    214.742     0.3659      8.083    91.1997 1.0000e-12 -0.6309949    25.1436  0.000e+00
     75.730     76.375    11.8855  37.981559    33.1071    215.113     0.3219      8.083    91.2513 1.0000e-12 -0.6309949    25.1424  0.000e+00
     76.084     76.733    11.8751  37.972775    33.1077    215.170     0.3146      8.083    90.9414 1.0000e-12 -0.6309949    25.1448  0.000e+00
     76.544     77.197    11.8642  37.963866    33.1086    214.997     0.3219      8.084    90.3217 1.0000e-12 -0.6309949    25.1475  0.000e+00
     76.680     77.334    11.8677  37.966963    33.1084    214.591     0.3293      8.084    90.2959 1.0000e-12 -0.6309949    25.1467  0.000e+00
     76.666     77.320    11.8705  37.969175    33.1081    214.578     0.3146      8.083    90.5283 1.0000e-12 -0.6309949    25.1460  0.000e+00
     76.672     77.325    11.8683  37.967342    33.1082    215.217     0.3219      8.084    90.5025 1.0000e-12 -0.6309949    25.1465  0.000e+00
     76.631     77.284    11.8678  37.966899    33.1083    214.825     0.3146      8.084    90.7349 1.0000e-12 -0.6309949    25.1466  0.000e+00
     76.581     77.234    11.8703  37.969111    33.1082    214.577     0.3366      8.083    90.6316 1.0000e-12 -0.6309949    25.1461  0.000e+00
     76.599     77.252    11.8671  37.966141    33.1081    214.827     0.3219      8.084    90.4766 1.0000e-12 -0.6309949    25.1466  0.000e+00
     76.618     77.271    11.8665  37.965635    33.1082    214.437     0.3219      8.084    90.4766 1.0000e-12 -0.6309949    25.1468  0.000e+00
     76.584     77.237    11.8634  37.963044    33.1084    214.843     0.3219      8.084    90.6058 1.0000e-12 -0.6309949    25.1475  0.000e+00
     76.584     77.237    11.8627  37.962349    33.1083    215.082     0.3219      8.084    90.4766 1.0000e-12 -0.6309949    25.1476  0.000e+00
     76.734     77.388    11.8624  37.962286    33.1085    214.852     0.3293      8.084    90.5541 1.0000e-12 -0.6309949    25.1478  0.000e+00
     76.990     77.646    11.8622  37.962034    33.1083    214.861     0.3293      8.084    90.7090 1.0000e-12 -0.6309949    25.1477  0.000e+00
     77.052     77.709    11.8629  37.962667    33.1083    214.859     0.3000      8.084    90.7349 1.0000e-12 -0.6309949    25.1475  0.000e+00
     76.731     77.386    11.8685  37.967469    33.1081    215.219     0.2633      8.084    90.5541 1.0000e-12 -0.6309949    25.1464  0.000e+00
     76.392     77.043    11.8678  37.966456    33.1079    215.213     0.2707      8.084    90.5283 1.0000e-12 -0.6309949    25.1463  0.000e+00
     76.296     76.946    11.8670  37.965887    33.1081    214.979     0.3146      8.084    90.3475 1.0000e-12 -0.6309949    25.1466  0.000e+00
     76.381     77.032    11.8642  37.963359    33.1081    214.994     0.3000      8.084    90.4508 1.0000e-12 -0.6309949    25.1472  0.000e+00
     76.659     77.313    11.8620  37.961717    33.1084    215.012     0.3513      8.084    90.4766 1.0000e-12 -0.6309949    25.1478  0.000e+00
     77.028     77.685    11.8620  37.962035    33.1085    214.628     0.3219      8.084    90.3475 1.0000e-12 -0.6309949    25.1479  0.000e+00
     77.072     77.729    11.8627  37.962477    33.1083    214.626     0.2853      8.084    90.6316 1.0000e-12 -0.6309949    25.1476  0.000e+00
     76.817     77.471    11.8643  37.963740    33.1082    214.847     0.2633      8.084    90.4250 1.0000e-12 -0.6309949    25.1473  0.000e+00
     76.666     77.320    11.8634  37.962792    33.1082    215.241     0.2707      8.084    90.3992 1.0000e-12 -0.6309949    25.1474  0.000e+00
     76.656     77.310    11.8624  37.961970    33.1082    215.245     0.3000      8.084    90.3475 1.0000e-12 -0.6309949    25.1476  0.000e+00
     76.658     77.311    11.8625  37.962096    33.1083    215.010     0.3000      8.084    90.3475 1.0000e-12 -0.6309949    25.1476  0.000e+00
     76.737     77.391    11.8628  37.962413    33.1082    215.010     0.2853      8.084    90.5025 1.0000e-12 -0.6309949    25.1475  0.000e+00
     76.828     77.483    11.8626  37.962287    33.1083    215.014     0.2853      8.084    90.6316 1.0000e-12 -0.6309949    25.1476  0.000e+00
     76.740     77.394    11.8622  37.961970    33.1083    214.619     0.2707      8.084    90.6316 1.0000e-12 -0.6309949    25.1477  0.000e+00
     76.544     77.197    11.8624  37.962033    33.1083    214.613     0.2560      8.084    90.6316 1.0000e-12 -0.6309949    25.1476  0.000e+00
     76.441     77.092    11.8627  37.962159    33.1083    214.845     0.2707      8.084    90.4250 1.0000e-12 -0.6309949    25.1475  0.000e+00
     76.581     77.234    11.8636  37.963044    33.1083    214.844     0.2926      8.084    90.5025 1.0000e-12 -0.6309949    25.1474  0.000e+00
     76.856     77.511    11.8673  37.966331    33.1080    214.441     0.3439      8.084    90.5283 1.0000e-12 -0.6309949    25.1465  0.000e+00
     76.947     77.603    11.8707  37.969049    33.1076    214.429     0.3000      8.083    90.7349 1.0000e-12 -0.6309949    25.1456  0.000e+00
     76.856     77.511    11.8710  37.969365    33.1077    215.054     0.2560      8.083    90.8123 1.0000e-12 -0.6309949    25.1456  0.000e+00
     76.797     77.451    11.8710  37.969238    33.1076    215.053     0.2560      8.083    90.9156 1.0000e-12 -0.6309949    25.1455  0.000e+00
     76.821     77.476    11.8660  37.965130    33.1081    215.234     0.2707      8.084    90.7349 1.0000e-12 -0.6309949    25.1468  0.000e+00
     76.824     77.479    11.8666  37.965889    33.1082    215.231     0.2707      8.084    90.7607 1.0000e-12 -0.6309949    25.1468  0.000e+00
     76.746     77.400    11.8662  37.965320    33.1081    214.603     0.2560      8.084    90.8381 1.0000e-12 -0.6309949    25.1468  0.000e+00
     76.624     77.277    11.8681  37.966963    33.1080    214.984     0.2560      8.084    90.7865 1.0000e-12 -0.6309949    25.1464  0.000e+00
     76.591     77.244    11.8709  37.969364    33.1079    215.206     0.2707      8.083    90.6832 1.0000e-12 -0.6309949    25.1458  0.000e+00
     76.710     77.364    11.8733  37.971513    33.1077    214.963     0.2926      8.083    90.8123 1.0000e-12 -0.6309949    25.1452  0.000e+00
     76.817     77.471    11.8754  37.973347    33.1077    214.957     0.2853      8.083    90.8898 1.0000e-12 -0.6309949    25.1447  0.000e+00
     76.872     77.527    11.8771  37.974674    33.1074    214.951     0.2633      8.083    90.9673 1.0000e-12 -0.6309949    25.1442  0.000e+00
     76.985     77.642    11.8740  37.972273    33.1078    214.968     0.2780      8.083    90.9931 1.0000e-12 -0.6309949    25.1451  0.000e+00
     76.964     77.620    11.8696  37.968354    33.1079    214.987     0.2707      8.083    90.8123 1.0000e-12 -0.6309949    25.1460  0.000e+00
     76.652     77.305    11.8675  37.966394    33.1080    215.382     0.2560      8.084    90.6574 1.0000e-12 -0.6309949    25.1465  0.000e+00
     76.338     76.989    11.8667  37.965697    33.1082    215.377     0.2707      8.084    90.6316 1.0000e-12 -0.6309949    25.1467  0.000e+00
     76.431     77.082    11.8681  37.966709    33.1079    215.139     0.2853      8.084    90.3992 1.0000e-12 -0.6309949    25.1463  0.000e+00
     76.841     77.496    11.8658  37.965194    33.1083    215.160     0.2853      8.084    90.2959 1.0000e-12 -0.6309949    25.1470  0.000e+00
     77.102     77.759    11.8733  37.971768    33.1078    214.739     0.2780      8.083    90.3992 1.0000e-12 -0.6309949    25.1453  0.000e+00
     77.034     77.690    11.8724  37.970756    33.1077    214.742     0.2633      8.083    90.8381 1.0000e-12 -0.6309949    25.1453  0.000e+00
     76.876     77.532    11.8711  37.969618    33.1078    214.979     0.2780      8.083    90.5283 1.0000e-12 -0.6309949    25.1457  0.000e+00
     76.785     77.440    11.8689  37.967785    33.1080    215.380     0.2633      8.084    90.5799 1.0000e-12 -0.6309949    25.1462  0.000e+00
     76.771     77.426    11.8684  37.967089    33.1079    215.382     0.2780      8.084    90.6058 1.0000e-12 -0.6309949    25.1462  0.000e+00
     76.787     77.441    11.8672  37.966458    33.1082    215.152     0.3659      8.084    90.7865 1.0000e-12 -0.6309949    25.1467  0.000e+00
     76.730     77.384    11.8723  37.970692    33.1079    214.734     0.2780      8.083    90.8640 1.0000e-12 -0.6309949    25.1455  0.000e+00
     76.541     77.194    11.8716  37.969869    33.1078    214.733     0.2560      8.083    90.8898 1.0000e-12 -0.6309949    25.1455  0.000e+00
     76.429     77.081    11.8699  37.968352    33.1079    214.972     0.2780      8.083    90.8640 1.0000e-12 -0.6309949    25.1459  0.000e+00
     76.592     77.245    11.8668  37.965762    33.1080    215.385     0.3366      8.084    90.6058 1.0000e-12 -0.6309949    25.1466  0.000e+00
     76.963     77.619    11.8662  37.965257    33.1080    215.398     0.3439      8.084    90.6832 1.0000e-12 -0.6309949    25.1467  0.000e+00
     77.239     77.898    11.8661  37.965511    33.1081    215.170     0.3000      8.084    90.6574 1.0000e-12 -0.6309949    25.1468  0.000e+00
     77.191     77.849    11.8666  37.965827    33.1081    215.167     0.2780      8.084    90.7349 1.0000e-12 -0.6309949    25.1467  0.000e+00
     76.951     77.607    11.8698  37.968670    33.1080    215.146     0.2560      8.083    90.6058 1.0000e-12 -0.6309949    25.1460  0.000e+00
     76.729     77.383    11.8710  37.969428    33.1078    215.134     0.2487      8.083    90.8123 1.0000e-12 -0.6309949    25.1456  0.000e+00
     76.570     77.222    11.8748  37.972777    33.1077    214.719     0.2926      8.083    90.6316 1.0000e-12 -0.6309949    25.1449  0.000e+00
     76.510     77.162    11.8754  37.973156    33.1076    214.322     0.3366      8.083    90.7607 1.0000e-12 -0.6309949    25.1446  0.000e+00
     76.611     77.264    11.8755  37.973346    33.1076    214.952     0.3659      8.083    90.7349 1.0000e-12 -0.6309949    25.1447  0.000e+00
     76.746     77.400    11.8780  37.975685    33.1077    215.573     0.3293      8.088    90.8640 1.0000e-12 -0.6309949    25.1442  0.000e+00
     76.812     77.467    11.8797  37.977012    33.1074    215.333     0.2780      8.088    90.9931 1.0000e-12 -0.6309949    25.1438  0.000e+00
     76.937     77.593    11.8815  37.978593    33.1073    215.093     0.2707      8.088    91.1738 1.0000e-12 -0.6309949    25.1433  0.000e+00
     77.088     77.745    11.8825  37.979605    33.1073    215.092     0.2853      8.088    91.2771 1.0000e-12 -0.6309949    25.1431  0.000e+00
     77.039     77.696    11.8829  37.980110    33.1074    215.089     0.2707      8.083    91.2771 1.0000e-12 -0.6309949    25.1432  0.000e+00
     76.885     77.540    11.8830  37.979794    33.1072    215.085     0.2487      8.088    90.9931 1.0000e-12 -0.6309949    25.1429  0.000e+00
     76.794     77.448    11.8836  37.980489    33.1073    215.080     0.2560      8.088    90.9156 1.0000e-12 -0.6309949    25.1429  0.000e+00
     76.739     77.393    11.8838  37.980678    33.1074    215.077     0.2560      8.083    91.1480 1.0000e-12 -0.6309949    25.1430  0.000e+00
     76.720     77.374    11.8865  37.983207    33.1074    214.671     0.2780      8.083    91.1480 1.0000e-12 -0.6309949    25.1424  0.000e+00
     76.777     77.431    11.8884  37.984787    33.1072    215.057     0.2780      8.088    91.1997 1.0000e-12 -0.6309949    25.1420  0.000e+00
     76.896     77.552    11.8881  37.984471    33.1072    215.297     0.2853      8.088    91.2255 1.0000e-12 -0.6309949    25.1420  0.000e+00
     76.990     77.646    11.8890  37.985420    33.1072    215.060     0.2707      8.088    91.1480 1.0000e-12 -0.6309949    25.1418  0.000e+00
