Arg_Leg3_G02_NV.cnv
* Sea-Bird SBE 9 Data File:
* FileName = S:\CTD_Data\CTD\Data\Argentina 2014\Data\Leg3\Arg_Leg3_G02.hex
* Software Version Seasave V 7.21g
* Temperature SN = 5769
* Conductivity SN = 4244
* Number of Bytes Per Scan = 31
* Number of Voltage Words = 4
* Number of Scans Averaged by the Deck Unit = 24
* NMEA Latitude = 46 14.42 S
* NMEA Longitude = 066 53.98 W
* NMEA UTC (Time) = Feb 15 2014 22:34:12
* NMEA baud rate = 9600
** R/V Coriolis II
** MARES project, ARGENTINA 2014
** Chief scientist : Dr. Gustavo Ferreyra
** Co-Chief scientist : Dr. José Luis Esteves
# nquan = 13
# nvalues = 654                                   
# units = specified
# name 0 = depSM: Depth [salt water, m]
# name 1 = prDM: Pressure, Digiquartz [db]
# name 2 = t090C: Temperature [ITS-90, deg C]
# name 3 = c0mS/cm: Conductivity [mS/cm]
# name 4 = sal00: Salinity, Practical [PSU]
# name 5 = sbeox0Mm/Kg: Oxygen, SBE 43 [umol/Kg]
# name 6 = flECO-AFL: Fluorescence, WET Labs ECO-AFL/FL [mg/m^3]
# name 7 = ph: pH
# name 8 = CStarTr0: Beam Transmission, WET Labs C-Star [%]
# name 9 = par: PAR/Irradiance, Biospherical/Licor
# name 10 = upoly0: Upoly 0, Nitrate
# name 11 = sigma-é00: Density [sigma-theta, Kg/m^3]
# name 12 = flag:  0.000e+00
# span 0 =     -0.076,     84.716                 
# span 1 =     -0.077,     85.437                 
# span 2 =     7.7900,    15.2285                 
# span 3 =   5.405796,  41.366006                 
# span 4 =     3.6620,    33.4447                 
# span 5 =    125.505,    268.728                 
# span 6 =    -0.1542,    29.3476                 
# span 7 =      7.648,      8.225                 
# span 8 =    43.1712,    96.5964                 
# span 9 = 1.0000e-12, 2.0417e+02                 
# span 10 = -0.7303538,  7.8476376                
# span 11 =     1.8942,    26.0747                
# span 12 = 0.0000e+00, 0.0000e+00                
# interval = seconds: 1
# start_time = Feb 15 2014 22:34:12 [NMEA time, header]
# bad_flag = -9.990e-29
*END*
[from data line 445]
     25.261     25.472    14.9453  41.146911    33.4270    217.856     1.6699      8.197    91.3546 2.5669e+00 -0.4985162    24.7721  0.000e+00
     24.727     24.934    14.9512  41.152654    33.4273    219.114     1.6333      8.197    91.3546 2.6719e+00 -0.4985162    24.7710  0.000e+00
     24.377     24.581    14.9544  41.155852    33.4276    220.094     1.7872      8.197    91.3288 2.8865e+00 -0.4985162    24.7706  0.000e+00
     24.362     24.566    14.9573  41.158986    33.4280    218.475     1.8604      8.197    91.2513 3.0129e+00 -0.4653966    24.7703  0.000e+00
     24.582     24.788    14.9563  41.158464    33.4283    218.927     1.6919      8.197    91.1738 2.8618e+00 -0.4653966    24.7707  0.000e+00
     24.821     25.028    14.9554  41.158204    33.4288    219.981     1.5893      8.197    91.1480 2.5743e+00 -0.4985162    24.7713  0.000e+00
     24.866     25.074    14.9548  41.157943    33.4290    220.427     1.5747      8.197    91.1222 2.4944e+00 -0.4985162    24.7716  0.000e+00
     24.746     24.953    14.9552  41.158792    33.4295    219.712     1.5527      8.197    91.1738 2.6950e+00 -0.4985162    24.7718  0.000e+00
     24.690     24.896    14.9556  41.159183    33.4295    219.146     1.5381      8.197    91.1997 2.9197e+00 -0.4985162    24.7717  0.000e+00
     24.804     25.011    14.9550  41.159053    33.4299    218.669     1.5674      8.197    91.1997 2.8293e+00 -0.5978752    24.7722  0.000e+00
     24.900     25.108    14.9552  41.159511    33.4301    219.340     1.6040      8.197    91.1997 2.6040e+00 -0.4653966    24.7723  0.000e+00
     24.887     25.095    14.9549  41.159445    33.4303    219.716     1.5674      8.197    91.1222 2.5523e+00 -0.4985162    24.7725  0.000e+00
     24.834     25.041    14.9550  41.159772    33.4305    218.669     1.5674      8.197    91.1480 2.6491e+00 -0.6309949    24.7727  0.000e+00
     24.810     25.017    14.9552  41.160033    33.4306    219.002     1.5600      8.197    91.1480 2.7732e+00 -0.4985162    24.7727  0.000e+00
     24.877     25.085    14.9551  41.160229    33.4308    219.714     1.5967      8.197    91.1222 2.7732e+00 -0.4985162    24.7729  0.000e+00
     25.013     25.222    14.9538  41.159315    33.4311    219.201     1.5820      8.197    91.1222 2.6643e+00 -0.6641145    24.7734  0.000e+00
     25.174     25.384    14.9508  41.156770    33.4312    219.700     1.5820      8.197    91.1738 2.5377e+00 -0.4985162    24.7741  0.000e+00
     25.231     25.441    14.9496  41.155856    33.4314    219.895     1.5747      8.197    91.1738 2.4944e+00 -0.4985162    24.7746  0.000e+00
     25.178     25.389    14.9510  41.157423    33.4316    219.847     1.5674      8.197    91.1480 2.5743e+00 -0.4985162    24.7744  0.000e+00
     25.084     25.293    14.9524  41.158663    33.4316    220.173     1.5747      8.197    91.1738 2.6567e+00 -0.4985162    24.7741  0.000e+00
     24.903     25.111    14.9542  41.160556    33.4318    219.302     1.5674      8.197    91.1222 2.7338e+00 -0.4985162    24.7739  0.000e+00
     24.828     25.036    14.9555  41.161731    33.4319    220.112     1.5600      8.202    91.1738 2.7653e+00 -0.6309949    24.7736  0.000e+00
     25.049     25.258    14.9539  41.160360    33.4319    219.160     1.5967      8.197    91.1997 2.5965e+00 -0.4985162    24.7740  0.000e+00
     25.267     25.479    14.9523  41.159186    33.4321    218.276     1.6553      8.197    91.1738 2.3826e+00 -0.4985162    24.7745  0.000e+00
     25.204     25.415    14.9523  41.159316    33.4322    220.698     1.5747      8.197    91.1738 2.3963e+00 -0.4985162    24.7746  0.000e+00
     24.986     25.195    14.9535  41.160360    33.4322    219.534     1.5307      8.202    91.2255 2.6264e+00 -0.4985162    24.7743  0.000e+00
     24.950     25.158    14.9545  41.161405    33.4323    219.262     1.5674      8.202    91.2255 2.7732e+00 -0.4985162    24.7742  0.000e+00
     25.162     25.372    14.9540  41.161079    33.4324    219.684     1.6553      8.197    91.1738 2.6114e+00 -0.5316359    24.7744  0.000e+00
     25.334     25.546    14.9515  41.158990    33.4326    218.321     1.6187      8.202    91.1997 2.3894e+00 -0.4985162    24.7750  0.000e+00
     25.232     25.443    14.9522  41.159708    33.4327    218.837     1.5893      8.202    91.1997 2.4101e+00 -0.4985162    24.7750  0.000e+00
     24.994     25.203    14.9543  41.161405    33.4325    219.384     1.6406      8.202    91.1997 2.6189e+00 -0.4985162    24.7744  0.000e+00
     24.870     25.078    14.9579  41.164865    33.4326    219.177     1.6773      8.202    91.1997 2.7653e+00 -0.4985162    24.7737  0.000e+00
     25.040     25.250    14.9592  41.166171    33.4326    219.510     1.6626      8.202    91.1480 2.6567e+00 -0.4985162    24.7734  0.000e+00
     25.346     25.557    14.9547  41.162190    33.4328    220.543     1.6626      8.202    91.1222 2.3826e+00 -0.4985162    24.7745  0.000e+00
     25.394     25.606    14.9534  41.161080    33.4328    220.363     1.6333      8.202    91.1738 2.3152e+00 -0.4985162    24.7748  0.000e+00
     25.265     25.476    14.9542  41.161798    33.4329    219.794     1.5967      8.202    91.1738 2.4802e+00 -0.4985162    24.7747  0.000e+00
     25.296     25.508    14.9542  41.162059    33.4330    219.794     1.6406      8.202    91.1738 2.5891e+00 -0.4985162    24.7748  0.000e+00
     25.435     25.647    14.9531  41.161015    33.4330    218.798     1.6333      8.202    91.1738 2.4802e+00 -0.4985162    24.7750  0.000e+00
     25.583     25.797    14.9509  41.158992    33.4330    222.161     1.6260      8.202    91.1480 2.3487e+00 -0.4985162    24.7755  0.000e+00
     25.635     25.850    14.9502  41.158535    33.4332    220.383     1.6040      8.202    91.1738 2.3152e+00 -0.4985162    24.7758  0.000e+00
     25.494     25.707    14.9516  41.159840    33.4332    219.504     1.5674      8.202    91.1480 2.4101e+00 -0.4985162    24.7755  0.000e+00
     25.394     25.606    14.9534  41.161472    33.4332    219.800     1.5747      8.202    91.1997 2.5232e+00 -0.4985162    24.7751  0.000e+00
     25.436     25.649    14.9537  41.161864    33.4333    219.573     1.6187      8.202    91.1997 2.5304e+00 -0.4985162    24.7751  0.000e+00
     25.606     25.820    14.9523  41.160624    33.4333    220.146     1.6260      8.202    91.1738 2.4589e+00 -0.4985162    24.7754  0.000e+00
     25.826     26.042    14.9500  41.158536    33.4333    219.975     1.6187      8.202    91.1738 2.2953e+00 -0.4985162    24.7759  0.000e+00
     25.956     26.173    14.9484  41.157230    33.4334    220.320     1.6406      8.202    91.1480 2.1610e+00 -0.4653966    24.7764  0.000e+00
     25.934     26.150    14.9484  41.157295    33.4335    218.979     1.6113      8.202    91.1480 2.1860e+00 -0.4653966    24.7764  0.000e+00
     25.815     26.031    14.9495  41.158209    33.4334    218.784     1.5893      8.202    91.1738 2.3622e+00 -0.4985162    24.7761  0.000e+00
     25.850     26.066    14.9501  41.158732    33.4334    219.532     1.5820      8.202    91.1997 2.4873e+00 -0.4985162    24.7760  0.000e+00
     26.128     26.347    14.9473  41.156317    33.4335    220.222     1.6773      8.202    91.1480 2.2757e+00 -0.5647556    24.7767  0.000e+00
     26.278     26.498    14.9433  41.152792    33.4337    219.574     1.6699      8.202    91.1738 2.0284e+00 -0.5316359    24.7777  0.000e+00
     26.217     26.437    14.9442  41.153771    33.4338    219.193     1.6260      8.202    91.1997 2.0697e+00 -0.4985162    24.7776  0.000e+00
     26.113     26.331    14.9463  41.155664    33.4338    219.221     1.6040      8.202    91.1480 2.2626e+00 -0.4985162    24.7771  0.000e+00
     25.990     26.208    14.9493  41.158406    33.4337    219.539     1.5967      8.202    91.1997 2.3963e+00 -0.4985162    24.7764  0.000e+00
     26.006     26.223    14.9505  41.159450    33.4336    220.057     1.6260      8.202    91.1738 2.3826e+00 -0.4985162    24.7761  0.000e+00
     26.239     26.458    14.9493  41.158276    33.4335    219.212     1.6699      8.202    91.1738 2.2112e+00 -0.5978752    24.7763  0.000e+00
     26.417     26.638    14.9436  41.153380    33.4338    220.729     1.6773      8.202    91.1222 2.0877e+00 -0.5316359    24.7777  0.000e+00
     26.472     26.693    14.9423  41.152205    33.4339    220.106     1.6333      8.202    91.1997 2.0757e+00 -0.4985162    24.7781  0.000e+00
     26.469     26.691    14.9438  41.153576    33.4338    219.161     1.6187      8.202    91.1222 2.1179e+00 -0.6309949    24.7777  0.000e+00
     26.455     26.676    14.9456  41.155208    33.4338    219.381     1.6333      8.202    91.2255 2.1860e+00 -0.5316359    24.7773  0.000e+00
     26.500     26.722    14.9459  41.155339    33.4336    219.046     1.6333      8.202    91.1997 2.1672e+00 -0.4985162    24.7771  0.000e+00
     26.685     26.909    14.9417  41.151553    33.4337    219.927     1.6626      8.202    91.1997 2.0638e+00 -0.6309949    24.7781  0.000e+00
     26.763     26.987    14.9387  41.149073    33.4340    220.130     1.6773      8.202    91.1997 2.0110e+00 -0.5316359    24.7789  0.000e+00
     26.554     26.776    14.9429  41.153120    33.4342    219.395     1.6333      8.202    91.1997 2.0877e+00 -0.4985162    24.7782  0.000e+00
     26.348     26.568    14.9482  41.157754    33.4339    219.701     1.6040      8.202    91.1480 2.1986e+00 -0.5647556    24.7768  0.000e+00
     26.498     26.719    14.9480  41.157298    33.4336    220.229     1.6773      8.202    91.0447 2.1922e+00 -0.4985162    24.7766  0.000e+00
     26.765     26.989    14.9405  41.150509    33.4338    219.747     1.7578      8.202    91.1738 2.0757e+00 -0.4985162    24.7784  0.000e+00
     26.814     27.038    14.9377  41.148159    33.4340    218.902     1.7212      8.202    91.1738 1.9995e+00 -0.4985162    24.7792  0.000e+00
     26.746     26.970    14.9396  41.149987    33.4340    219.080     1.6333      8.202    91.1738 1.9766e+00 -0.4985162    24.7788  0.000e+00
     26.807     27.031    14.9398  41.149987    33.4339    220.126     1.6406      8.202    91.1997 2.0168e+00 -0.4985162    24.7786  0.000e+00
     27.063     27.289    14.9345  41.144896    33.4337    219.152     1.6919      8.202    91.1738 1.9995e+00 -0.4985162    24.7796  0.000e+00
     27.183     27.410    14.9290  41.140458    33.4343    219.809     1.7432      8.202    91.2255 1.9204e+00 -0.4985162    24.7813  0.000e+00
     26.981     27.206    14.9335  41.144831    33.4345    219.340     1.6553      8.202    91.2513 1.9260e+00 -0.4653966    24.7805  0.000e+00
     26.745     26.969    14.9397  41.150183    33.4341    220.085     1.6113      8.202    91.1997 2.0578e+00 -0.4985162    24.7788  0.000e+00
     26.687     26.910    14.9467  41.156385    33.4338    219.275     1.6846      8.202    91.1997 2.1672e+00 -0.4653966    24.7771  0.000e+00
     26.776     27.000    14.9452  41.154687    33.4335    218.534     1.6992      8.202    91.1997 2.1179e+00 -0.4985162    24.7772  0.000e+00
     26.974     27.200    14.9376  41.148160    33.4340    221.334     1.7212      8.202    91.1738 1.9709e+00 -0.4985162    24.7792  0.000e+00
     27.079     27.305    14.9362  41.146855    33.4340    219.332     1.7139      8.202    91.1480 1.9149e+00 -0.4985162    24.7795  0.000e+00
     27.100     27.326    14.9358  41.146528    33.4341    218.208     1.6919      8.202    91.1997 1.9595e+00 -0.4985162    24.7796  0.000e+00
     27.175     27.402    14.9352  41.146072    33.4341    219.339     1.6846      8.202    91.2513 1.9483e+00 -0.4985162    24.7798  0.000e+00
     27.199     27.426    14.9353  41.146137    33.4341    220.680     1.6992      8.202    91.2255 1.9204e+00 -0.4985162    24.7798  0.000e+00
     27.156     27.384    14.9353  41.146202    33.4341    221.014     1.6992      8.202    91.2513 1.9315e+00 -0.4985162    24.7798  0.000e+00
     26.988     27.214    14.9385  41.149596    33.4346    219.239     1.6773      8.202    91.2255 1.9880e+00 -0.4985162    24.7795  0.000e+00
     26.626     26.848    14.9472  41.157103    33.4340    219.003     1.6553      8.202    91.1738 2.0997e+00 -0.4985162    24.7771  0.000e+00
     26.115     26.333    14.9518  41.161148    33.4340    219.532     1.6553      8.202    91.1997 2.2304e+00 -0.4985162    24.7761  0.000e+00
     25.507     25.721    14.9575  41.166108    33.4339    219.490     1.8824      8.202    91.2255 2.4032e+00 -0.4985162    24.7748  0.000e+00
     24.878     25.086    14.9634  41.171329    33.4337    219.447     2.2414      8.201    91.2513 2.6040e+00 -0.4985162    24.7733  0.000e+00
     24.179     24.381    14.9667  41.174134    33.4338    220.082     2.1315      8.201    91.2513 2.8051e+00 -0.4985162    24.7726  0.000e+00
     23.404     23.600    14.9714  41.178310    33.4338    221.042     1.9337      8.201    91.2255 3.0475e+00 -0.4985162    24.7716  0.000e+00
     22.588     22.777    14.9737  41.179809    33.4335    221.639     1.8091      8.201    91.2255 3.4454e+00 -0.5316359    24.7709  0.000e+00
     21.979     22.162    14.9746  41.180460    33.4336    219.720     1.8018      8.206    91.1222 3.8284e+00 -0.5316359    24.7707  0.000e+00
     21.589     21.769    14.9757  41.181242    33.4335    219.144     1.7945      8.201    91.2513 3.9278e+00 -0.4653966    24.7704  0.000e+00
     20.964     21.139    14.9841  41.189337    33.4339    222.842     1.6553      8.206    91.2513 4.1342e+00 -0.4985162    24.7689  0.000e+00
     20.020     20.187    14.9896  41.193970    33.4338    220.788     1.5381      8.206    91.2771 4.8336e+00 -0.4985162    24.7676  0.000e+00
     19.139     19.299    14.9930  41.197037    33.4340    220.404     1.7505      8.206    91.2771 5.5705e+00 -0.4985162    24.7669  0.000e+00
     18.567     18.722    14.9940  41.197622    33.4339    221.503     1.8311      8.206    91.3029 5.6500e+00 -0.4985162    24.7667  0.000e+00
     18.179     18.330    14.9947  41.198339    33.4341    220.075     1.6919      8.206    91.4320 5.8290e+00 -0.4985162    24.7666  0.000e+00
     17.643     17.790    15.0111  41.211727    33.4324    221.991     1.2670      8.206    91.6903 6.7351e+00 -0.4653966    24.7617  0.000e+00
     16.881     17.022    15.0540  41.242691    33.4240    222.493     1.2011      8.206    91.5870 7.3737e+00 -0.4985162    24.7459  0.000e+00
     16.152     16.286    15.1001  41.275494    33.4146    221.501     1.3110      8.206    91.5095 7.5000e+00 -0.4985162    24.7286  0.000e+00
     15.528     15.658    15.1378  41.304647    33.4089    220.146     1.4208      8.205    91.5612 8.7129e+00 -0.4985162    24.7160  0.000e+00
     14.865     14.989    15.2129  41.356243    33.3917    221.952     1.3696      8.210    91.5353 1.0352e+01 -0.4985162    24.6863  0.000e+00
     14.187     14.305    15.2244  41.364090    33.3892    221.775     1.2890      8.210    91.4062 1.0619e+01 -0.4985162    24.6819  0.000e+00
     13.667     13.781    15.2235  41.363695    33.3898    222.129     1.2524      8.210    91.2513 1.0499e+01 -0.4985162    24.6825  0.000e+00
     13.311     13.422    15.2240  41.364217    33.3900    223.143     1.1571      8.210    91.1738 1.1236e+01 -0.5316359    24.6825  0.000e+00
     12.731     12.837    15.2251  41.365000    33.3900    222.205     1.0179      8.210    91.1222 1.3122e+01 -0.5316359    24.6823  0.000e+00
     11.877     11.976    15.2248  41.364604    33.3902    221.816     1.0033      8.210    91.1480 1.5196e+01 -0.4985162    24.6825  0.000e+00
     10.978     11.069    15.2249  41.364535    33.3905    221.461     1.0912      8.210    91.2255 1.6491e+01 -0.5316359    24.6826  0.000e+00
     10.236     10.322    15.2253  41.364663    33.3906    222.097     1.1205      8.214    91.1997 1.8669e+01 -0.5316359    24.6826  0.000e+00
      9.904      9.986    15.2253  41.364531    33.3906    221.612     1.1571      8.210    91.1480 1.8408e+01 -0.4985162    24.6826  0.000e+00
