Arg_L2_SF10_NV.cnv
* Sea-Bird SBE 9 Data File:
* FileName = S:\CTD_Data\CTD\Data\Argentina 2014\Data\Arg_L2_SF10.hex
* Software Version Seasave V 7.21g
* Temperature SN = 5769
* Conductivity SN = 4244
* Number of Bytes Per Scan = 31
* Number of Voltage Words = 4
* Number of Scans Averaged by the Deck Unit = 24
* NMEA Latitude = 45 56.73 S
* NMEA Longitude = 065 33.12 W
* NMEA UTC (Time) = Feb 08 2014 20:00:52
* NMEA baud rate = 9600
** R/V Coriolis II
** MARES project, ARGENTINA 2014
** Chief scientist : Dr. Gustavo Ferreyra
** Co-Chief scientist : Dr. José Luis Esteves
# nquan = 13
# nvalues = 643                                   
# units = specified
# name 0 = depSM: Depth [salt water, m]
# name 1 = prDM: Pressure, Digiquartz [db]
# name 2 = t090C: Temperature [ITS-90, deg C]
# name 3 = c0mS/cm: Conductivity [mS/cm]
# name 4 = sal00: Salinity, Practical [PSU]
# name 5 = sbeox0Mm/Kg: Oxygen, SBE 43 [umol/Kg]
# name 6 = flECO-AFL: Fluorescence, WET Labs ECO-AFL/FL [mg/m^3]
# name 7 = ph: pH
# name 8 = CStarTr0: Beam Transmission, WET Labs C-Star [%]
# name 9 = par: PAR/Irradiance, Biospherical/Licor
# name 10 = upoly0: Upoly 0, Nitrate
# name 11 = sigma-é00: Density [sigma-theta, Kg/m^3]
# name 12 = flag:  0.000e+00
# span 0 =     -0.289,     80.562                 
# span 1 =     -0.291,     81.245                 
# span 2 =     9.0689,    14.2229                 
# span 3 =   1.885814,  40.261960                 
# span 4 =     1.2313,    33.3313                 
# span 5 =    131.514,    270.925                 
# span 6 =    -0.3447,    19.1498                 
# span 7 =      7.782,      8.253                 
# span 8 =    37.3097,    97.2936                 
# span 9 = 2.7370e-03, 1.3470e+03                 
# span 10 = -0.7634735,  4.4363128                
# span 11 =     0.1789,    25.8005                
# span 12 = 0.0000e+00, 0.0000e+00                
# interval = seconds: 1
# start_time = Feb 08 2014 20:00:52 [NMEA time, header]
# bad_flag = -9.990e-29
*END*
[from data line 112]
     67.234     67.802     9.9074  36.367406    33.2973    156.866    -0.0370      7.921    91.1222 1.7560e-01  1.2237060    25.6393  0.000e+00
     67.584     68.155     9.9038  36.363742    33.2968    155.092    -0.0297      7.917    91.0705 1.6939e-01  1.0249880    25.6395  0.000e+00
     67.942     68.515     9.8931  36.353493    33.2961    153.278    -0.0224      7.912    90.8381 1.6039e-01  0.1638769    25.6407  0.000e+00
     68.679     69.259     9.8437  36.306236    33.2932    152.029    -0.0297      7.912    90.6316 1.4404e-01 -0.0017214    25.6467  0.000e+00
     69.678     70.267     9.7607  36.235489    33.2972    151.858    -0.0370      7.903    90.4766 1.2453e-01  0.3625949    25.6636  0.000e+00
     70.567     71.163     9.5986  36.092297    33.3003    151.236    -0.0370      7.894    89.6762 1.1054e-01  0.6937915    25.6926  0.000e+00
     71.147     71.748     9.4794  35.989907    33.3054    148.858    -0.0297      7.880    88.0236 9.9744e-02  0.7931504    25.7160  0.000e+00
     71.583     72.187     9.4536  35.964483    33.3030    146.007    -0.0297      7.871    85.5189 9.5230e-02  1.9192188    25.7183  0.000e+00
     72.139     72.748     9.3912  35.914459    33.3093    143.639    -0.0297      7.862    81.0517 8.4725e-02  1.4555436    25.7333  0.000e+00
     72.900     73.516     9.3373  35.871384    33.3146    141.518    -0.0297      7.857    79.1409 7.3608e-02  1.3893043    25.7462  0.000e+00
     73.631     74.253     9.2926  35.835061    33.3184    140.093    -0.0150      7.848    76.9461 6.2167e-02  1.9854581    25.7563  0.000e+00
     74.238     74.865     9.2473  35.798074    33.3221    139.113    -0.0150      7.843    75.3451 5.4368e-02  2.3497744    25.7665  0.000e+00
     74.836     75.469     9.1974  35.756287    33.3252    138.316    -0.0077      7.839    74.4930 4.6316e-02  1.4224239    25.7768  0.000e+00
     75.446     76.084     9.1435  35.712299    33.3296    137.699    -0.0150      7.834    73.9507 3.8649e-02  1.4224239    25.7889  0.000e+00
     76.166     76.810     9.1261  35.696882    33.3296    137.150    -0.0224      7.829    73.0212 3.1377e-02  2.4822530    25.7916  0.000e+00
     76.946     77.597     9.1015  35.676104    33.3307    136.339    -0.0077      7.825    71.3427 2.4302e-02  2.4822530    25.7964  0.000e+00
     77.508     78.164     9.0904  35.666981    33.3313    135.201    -0.0004      7.820    69.4836 2.0130e-02  2.3166547    25.7986  0.000e+00
     77.963     78.623     9.0840  35.660756    33.3306    134.049    -0.0004      7.815    67.9601 1.4936e-02  2.2504154    25.7991  0.000e+00
     78.694     79.360     9.0787  35.656998    33.3313    133.801    -0.0004      7.815    67.1338 1.2833e-02  2.2504154    25.8005  0.000e+00
     79.567     80.241     9.0773  35.655707    33.3309    133.999    -0.0077      7.815    65.5845 5.3953e-03  2.5153726    25.8004  0.000e+00
     80.061     80.739     9.0783  35.656078    33.3302    133.616    -0.0004      7.815    62.6150 4.7929e-03  3.3102444    25.7997  0.000e+00
     79.933     80.610     9.1037  35.676669    33.3278    133.772     0.0216      7.811    62.1502 4.4942e-03  2.6478513    25.7938  0.000e+00
     79.659     80.334     9.1200  35.689864    33.3264    133.499    -0.0077      7.811    62.8474 7.7156e-03  1.9192188    25.7901  0.000e+00
     79.809     80.485     9.0982  35.670996    33.3271    133.681    -0.0004      7.811    63.0281 5.2440e-03  1.6542615    25.7942  0.000e+00
     80.238     80.918     9.0822  35.658791    33.3292    134.135     0.0069      7.811    62.8216 3.7548e-03  2.7140906    25.7984  0.000e+00
     80.462     81.144     9.0787  35.655710    33.3292    133.981     0.0143      7.811    61.9178 2.7370e-03  1.8860991    25.7989  0.000e+00
     80.262     80.942     9.1084  35.681048    33.3278    133.720     0.0143      7.806    60.9108 5.0932e-03  1.6873812    25.7931  0.000e+00
     79.853     80.529     9.1208  35.689371    33.3250    133.510     0.0069      7.806    63.1314 8.0324e-03  3.1446462    25.7889  0.000e+00
     79.711     80.386     9.1168  35.686287    33.3257    133.351     0.0069      7.806    65.0422 8.3511e-03  2.1841761    25.7901  0.000e+00
     80.012     80.690     9.1012  35.672846    33.3262    134.139     0.0069      7.806    63.4929 5.3953e-03  2.1510564    25.7929  0.000e+00
     80.232     80.912     9.0737  35.651332    33.3294    134.055    -0.0077      7.806    62.3051 4.4942e-03  2.2835350    25.7998  0.000e+00
     80.040     80.718     9.1157  35.686659    33.3269    133.190    -0.0004      7.806    61.3755 4.6433e-03  2.4491333    25.7912  0.000e+00
     79.847     80.524     9.1468  35.709970    33.3221    133.381     0.0143      7.801    61.5047 5.8515e-03  2.1841761    25.7826  0.000e+00
     79.938     80.615     9.1017  35.671489    33.3243    133.801     0.0362      7.801    61.7629 5.8515e-03  1.9192188    25.7914  0.000e+00
     80.089     80.767     9.0779  35.653736    33.3281    133.873     0.0216      7.801    60.9366 6.6206e-03  2.6147316    25.7981  0.000e+00
     80.123     80.801     9.0713  35.648373    33.3286    133.893     0.0143      7.801    60.4201 4.9428e-03  3.4096034    25.7996  0.000e+00
     80.144     80.823     9.0717  35.648373    33.3283    132.987     0.0216      7.801    60.3685 3.1707e-03  3.3433641    25.7992  0.000e+00
     80.245     80.924     9.0696  35.646463    33.3282    132.542     0.0216      7.801    59.7746 5.2440e-03  3.5089624    25.7995  0.000e+00
     80.228     80.907     9.0689  35.645846    33.3282    132.660     0.0143      7.801    59.3356 4.6433e-03  3.0452872    25.7996  0.000e+00
     79.983     80.661     9.0699  35.646523    33.3281    132.937     0.0143      7.796    59.1549 5.2440e-03  2.7140906    25.7994  0.000e+00
     79.844     80.521     9.0714  35.647509    33.3278    132.762     0.0143      7.796    59.5422 7.2437e-03  3.5089624    25.7989  0.000e+00
     80.060     80.738     9.0705  35.646832    33.3278    132.315     0.0216      7.796    59.2065 6.1579e-03  1.5549026    25.7990  0.000e+00
     80.212     80.891     9.0697  35.646093    33.3277    132.605     0.0216      7.796    58.5352 3.9018e-03  1.5217829    25.7991  0.000e+00
     80.043     80.721     9.0708  35.647017    33.3277    132.430     0.0216      7.796    59.1032 4.3455e-03  1.7205009    25.7990  0.000e+00
     79.881     80.558     9.0837  35.656570    33.3257    132.391     0.0143      7.796    59.1549 6.4659e-03  1.7536205    25.7953  0.000e+00
     80.006     80.684     9.0747  35.649667    33.3268    132.250     0.0216      7.796    59.2582 6.0045e-03  2.6147316    25.7976  0.000e+00
     80.244     80.924     9.0693  35.645785    33.3278    132.270     0.0436      7.796    58.8967 5.3953e-03  2.3828940    25.7992  0.000e+00
     80.256     80.935     9.0699  35.646154    33.3276    132.553     0.0289      7.796    59.6197 4.9428e-03  2.8796889    25.7990  0.000e+00
     80.080     80.758     9.0715  35.647386    33.3274    132.545     0.0216      7.796    59.6713 4.4942e-03  4.0719966    25.7986  0.000e+00
     79.970     80.648     9.0759  35.650715    33.3269    132.531     0.0143      7.792    59.8004 4.4942e-03  3.5420821    25.7975  0.000e+00
     79.979     80.656     9.0740  35.649112    33.3269    132.537     0.0216      7.792    60.7042 6.0045e-03  2.9459282    25.7978  0.000e+00
     80.148     80.827     9.0742  35.649297    33.3269    132.539     0.0216      7.792    61.2981 5.5469e-03  2.7472103    25.7978  0.000e+00
     80.339     81.020     9.0706  35.646340    33.3271    132.553     0.0143      7.792    61.0915 4.9428e-03  2.6478513    25.7985  0.000e+00
     80.321     81.001     9.0707  35.646401    33.3271    132.100     0.0143      7.792    60.3685 5.5469e-03  1.1243470    25.7985  0.000e+00
     80.138     80.816     9.0719  35.647510    33.3272    132.093     0.0143      7.792    60.3943 6.7757e-03  3.2108855    25.7983  0.000e+00
     79.906     80.583     9.0785  35.652440    33.3263    132.354     0.0216      7.792    61.1432 7.0872e-03  3.0784068    25.7966  0.000e+00
     79.769     80.444     9.0802  35.654166    33.3265    132.347     0.0289      7.792    61.4530 6.7757e-03  2.0185778    25.7965  0.000e+00
     79.952     80.629     9.0773  35.651577    33.3264    132.359     0.0143      7.792    61.5563 7.4005e-03  2.5484923    25.7969  0.000e+00
     80.366     81.047     9.0740  35.649113    33.3268    132.375    -0.0004      7.792    61.1173 5.5469e-03  2.5484923    25.7977  0.000e+00
     80.481     81.163     9.0746  35.649668    33.3267    132.376     0.0216      7.792    60.8075 3.7548e-03  1.4555436    25.7976  0.000e+00
     80.181     80.861     9.0790  35.653181    33.3265    132.358    -0.0004      7.792    61.3497 5.6990e-03  1.5217829    25.7967  0.000e+00
     79.934     80.611     9.0790  35.652995    33.3263    132.354    -0.0004      7.792    61.5305 7.7156e-03  3.5420821    25.7966  0.000e+00
     79.919     80.595     9.0775  35.651639    33.3264    132.358     0.0362      7.792    61.6596 6.4659e-03  2.6147316    25.7968  0.000e+00
     80.055     80.733     9.0753  35.649852    33.3264    132.367     0.0436      7.792    61.6338 6.9313e-03  3.2440051    25.7972  0.000e+00
     80.192     80.872     9.0760  35.650407    33.3264    132.367     0.0289      7.792    61.6338 5.6990e-03  3.0452872    25.7971  0.000e+00
     80.246     80.926     9.0766  35.650962    33.3264    132.367     0.0216      7.792    61.8403 5.6990e-03  1.7536205    25.7970  0.000e+00
     80.174     80.853     9.0766  35.650900    33.3263    132.365     0.0143      7.792    62.0469 5.0932e-03  3.0452872    25.7970  0.000e+00
     80.081     80.760     9.0761  35.650468    33.3264    132.365    -0.0004      7.792    62.3826 6.4659e-03  3.0784068    25.7971  0.000e+00
     80.088     80.767     9.0763  35.650592    33.3263    132.365     0.0069      7.792    62.5375 6.1579e-03  2.8796889    25.7970  0.000e+00
     80.162     80.841     9.0749  35.649482    33.3264    132.370     0.0143      7.792    62.8474 7.5579e-03  2.5484923    25.7973  0.000e+00
     80.215     80.894     9.0749  35.649421    33.3263    132.372     0.0143      7.792    62.7441 6.4659e-03  3.1777658    25.7972  0.000e+00
     80.179     80.858     9.0748  35.649359    33.3263    132.371     0.0143      7.787    62.5633 7.2437e-03  2.7140906    25.7972  0.000e+00
     80.135     80.814     9.0745  35.649112    33.3264    131.918     0.0069      7.792    62.4342 6.9313e-03  2.5153726    25.7973  0.000e+00
     80.145     80.824     9.0750  35.649544    33.3264    132.370     0.0069      7.787    62.2018 6.1579e-03  2.6147316    25.7972  0.000e+00
     80.099     80.778     9.0752  35.649544    33.3262    132.653     0.0069      7.787    61.9694 7.5579e-03  2.9459282    25.7971  0.000e+00
     80.010     80.688     9.0748  35.649174    33.3263    131.916    -0.0004      7.787    61.9694 7.4005e-03  2.0516974    25.7972  0.000e+00
     79.962     80.639     9.0756  35.649851    33.3262    131.912    -0.0004      7.787    62.1502 7.7156e-03  2.0185778    25.7970  0.000e+00
     80.078     80.756     9.0752  35.649544    33.3262    132.200     0.0143      7.787    62.4084 6.0045e-03  2.1841761    25.7971  0.000e+00
     80.279     80.959     9.0741  35.648681    33.3263    132.660     0.0216      7.787    62.1502 7.4005e-03  2.3828940    25.7973  0.000e+00
     80.376     81.057     9.0741  35.648805    33.3263    132.662     0.0216      7.787    61.9953 7.5579e-03  2.8796889    25.7974  0.000e+00
     80.339     81.019     9.0745  35.649052    33.3263    131.922    -0.0004      7.787    62.3568 7.2437e-03  3.3764838    25.7973  0.000e+00
     80.229     80.909     9.0751  35.649606    33.3263    131.919     0.0143      7.787    62.4084 5.8515e-03  3.5420821    25.7972  0.000e+00
     80.062     80.740     9.0757  35.650037    33.3263    132.199    -0.0004      7.787    62.2018 7.4005e-03  3.1115265    25.7971  0.000e+00
     79.954     80.631     9.0764  35.650468    33.3261    132.195     0.0143      7.787    62.0727 9.3178e-03  2.7803299    25.7968  0.000e+00
     80.073     80.751     9.0754  35.649667    33.3262    132.200     0.0143      7.787    62.0727 8.1915e-03  3.0784068    25.7970  0.000e+00
     80.289     80.969     9.0748  35.649236    33.3262    132.206     0.0143      7.787    61.9694 8.1915e-03  2.6147316    25.7971  0.000e+00
     80.272     80.952     9.0750  35.649359    33.3262    132.205    -0.0004      7.787    61.7629 6.4659e-03  1.1243470    25.7971  0.000e+00
     80.083     80.761     9.0765  35.650653    33.3262    131.744    -0.0004      7.787    61.7629 8.8324e-03  1.1243470    25.7969  0.000e+00
     79.914     80.591     9.0783  35.652009    33.3260    131.736     0.0069      7.787    61.6338 8.6715e-03  1.9192188    25.7965  0.000e+00
     79.948     80.625     9.0769  35.650838    33.3260    132.478     0.0143      7.787    61.8145 6.7757e-03  2.9128085    25.7967  0.000e+00
     80.278     80.958     9.0749  35.649421    33.3263    132.490     0.0143      7.787    61.7629 7.8738e-03  3.6083214    25.7972  0.000e+00
     80.562     81.245     9.0742  35.648929    33.3263    132.212     0.0069      7.787    61.0657 4.1972e-03  3.0784068    25.7974  0.000e+00
     80.362     81.043     9.0758  35.650161    33.3262    131.751     0.0216      7.787    61.1432 6.4659e-03  1.7536205    25.7970  0.000e+00
     79.887     80.563     9.0762  35.650283    33.3262    132.195     0.0143      7.782    61.2206 7.8738e-03  2.7140906    25.7969  0.000e+00
     79.718     80.393     9.0748  35.649111    33.3263    132.481    -0.0004      7.782    61.6079 9.9713e-03  3.5089624    25.7972  0.000e+00
     80.119     80.798     9.0729  35.647633    33.3264    132.209     0.0143      7.787    59.9295 8.6715e-03  2.5816120    25.7976  0.000e+00
     80.534     81.216     9.0711  35.646340    33.3266    132.222     0.0143      7.787    59.4389 5.8515e-03  3.0452872    25.7980  0.000e+00
     80.420     81.101     9.0727  35.647696    33.3265    131.761     0.0143      7.787    59.5164 8.0324e-03  4.0719966    25.7977  0.000e+00
     79.952     80.629     9.0751  35.649297    33.3261    131.747    -0.0004      7.782    59.9295 9.4805e-03  4.4363128    25.7970  0.000e+00
     79.682     80.357     9.0743  35.648494    33.3262    132.029    -0.0004      7.782    60.0586 1.0799e-02  3.1446462    25.7972  0.000e+00
     79.952     80.629     9.0743  35.648865    33.3264    132.034     0.0069      7.782    59.4389 1.0966e-02  3.3764838    25.7974  0.000e+00
     80.423     81.104     9.0720  35.647018    33.3265    132.049     0.0143      7.782    59.0258 8.8324e-03  3.3764838    25.7978  0.000e+00
     80.466     81.147     9.0725  35.647511    33.3264    132.048     0.0216      7.782    59.0774 7.5579e-03  3.0784068    25.7977  0.000e+00
     80.131     80.809     9.0757  35.650037    33.3263    132.033     0.0143      7.782    59.8262 8.1915e-03  2.5484923    25.7970  0.000e+00
     79.955     80.632     9.0759  35.649913    33.3261    132.030     0.0143      7.782    59.7230 9.1555e-03  2.7140906    25.7969  0.000e+00
     80.003     80.680     9.0741  35.648619    33.3263    132.035     0.0143      7.782    59.6971 9.9713e-03  2.6809709    25.7973  0.000e+00
     79.976     80.653     9.0734  35.647817    33.3262    132.037    -0.0004      7.782    59.9554 1.0301e-02  2.8134496    25.7973  0.000e+00
     80.011     80.689     9.0732  35.647818    33.3263    132.039     0.0143      7.782    60.2910 8.6715e-03  3.1446462    25.7975  0.000e+00
     80.264     80.944     9.0729  35.647572    33.3263    132.044     0.0216      7.782    60.3169 8.3511e-03  3.8401590    25.7975  0.000e+00
     80.373     81.054     9.0730  35.647757    33.3263    132.045     0.0143      7.782    60.2652 8.0324e-03  3.9726376    25.7975  0.000e+00
