Arg_L2_F7_NV.cnv
* Sea-Bird SBE 9 Data File:
* FileName = S:\CTD_Data\CTD\Data\Argentina 2014\Data\Arg_L2_F7.hex
* Software Version Seasave V 7.21g
* Temperature SN = 5769
* Conductivity SN = 4244
* Number of Bytes Per Scan = 31
* Number of Voltage Words = 4
* Number of Scans Averaged by the Deck Unit = 24
* NMEA Latitude = 46 31.05 S
* NMEA Longitude = 065 57.51 W
* NMEA UTC (Time) = Feb 08 2014 17:39:40
* NMEA baud rate = 9600
** R/V Coriolis II
** MARES project, ARGENTINA 2014
** Chief scientist : Dr. Gustavo Ferreyra
** Co-Chief scientist : Dr. José Luis Esteves
# nquan = 13
# nvalues = 495                                   
# units = specified
# name 0 = depSM: Depth [salt water, m]
# name 1 = prDM: Pressure, Digiquartz [db]
# name 2 = t090C: Temperature [ITS-90, deg C]
# name 3 = c0mS/cm: Conductivity [mS/cm]
# name 4 = sal00: Salinity, Practical [PSU]
# name 5 = sbeox0Mm/Kg: Oxygen, SBE 43 [umol/Kg]
# name 6 = flECO-AFL: Fluorescence, WET Labs ECO-AFL/FL [mg/m^3]
# name 7 = ph: pH
# name 8 = CStarTr0: Beam Transmission, WET Labs C-Star [%]
# name 9 = par: PAR/Irradiance, Biospherical/Licor
# name 10 = upoly0: Upoly 0, Nitrate
# name 11 = sigma-é00: Density [sigma-theta, Kg/m^3]
# name 12 = flag:  0.000e+00
# span 0 =     -0.255,     84.335                 
# span 1 =     -0.257,     85.055                 
# span 2 =     9.6385,    14.8983                 
# span 3 =   4.971444,  41.094997                 
# span 4 =     3.3795,    33.4300                 
# span 5 =    155.483,    270.152                 
# span 6 =    -0.0224,    16.8348                 
# span 7 =      7.913,      8.273                 
# span 8 =    69.1995,    97.0354                 
# span 9 = 1.0000e-12, 1.9523e+03                 
# span 10 = -0.7634735,  2.2835350                
# span 11 =     1.7342,    25.6812                
# span 12 = 0.0000e+00, 0.0000e+00                
# interval = seconds: 1
# start_time = Feb 08 2014 17:39:40 [NMEA time, header]
# bad_flag = -9.990e-29
*END*
[from data line 445]
      1.437      1.449    14.8581  41.054680    33.4275    219.163     0.6370      8.258    88.7724 1.3023e+03 -0.5978752    24.7905  0.000e+00
      1.341      1.352    14.8594  41.055919    33.4275    220.010     0.5710      8.258    88.7982 1.4780e+03 -0.6309949    24.7903  0.000e+00
      1.126      1.135    14.8600  41.055852    33.4270    219.294     0.6296      8.258    88.7982 1.6679e+03 -0.6309949    24.7897  0.000e+00
      1.193      1.203    14.8608  41.057288    33.4276    218.583     0.5784      8.257    88.7982 1.5591e+03 -0.5978752    24.7900  0.000e+00
      1.095      1.104    14.8598  41.055983    33.4273    219.775     0.4538      8.258    88.8241 1.7843e+03 -0.6309949    24.7900  0.000e+00
      1.157      1.166    14.8625  41.058918    33.4277    219.951     0.6589      8.257    88.7982 1.7300e+03 -0.6309949    24.7897  0.000e+00
      1.545      1.558    14.8696  41.065573    33.4275    219.036     0.6443      8.262    88.7724 8.4702e+02 -0.6309949    24.7880  0.000e+00
      1.469      1.482    14.8652  41.061594    33.4276    220.390     0.8201      8.262    88.8241 1.1064e+03 -0.6309949    24.7891  0.000e+00
      1.393      1.405    14.8645  41.060615    33.4274    219.910     0.7835      8.262    88.8241 1.7644e+03 -0.6309949    24.7891  0.000e+00
      1.489      1.501    14.8640  41.060681    33.4278    220.168     0.7322      8.262    88.7724 1.2987e+03 -0.6309949    24.7895  0.000e+00
      1.843      1.858    14.8715  41.068053    33.4279    218.513     0.6809      8.262    88.8499 1.0818e+03 -0.6309949    24.7880  0.000e+00
      1.950      1.966    14.8820  41.077382    33.4273    218.913     0.7029      8.262    88.8241 1.2591e+03 -0.6309949    24.7852  0.000e+00
      1.896      1.912    14.8809  41.076664    33.4277    220.037     0.7469      8.262    88.8241 1.2346e+03 -0.5647556    24.7858  0.000e+00
      2.168      2.186    14.8854  41.082798    33.4293    218.794     0.7469      8.262    88.8241 1.1411e+03 -0.6309949    24.7860  0.000e+00
      2.258      2.277    14.8963  41.090627    33.4270    220.421     0.7102      8.262    88.8241 1.1970e+03 -0.6309949    24.7819  0.000e+00
      2.234      2.253    14.8826  41.077905    33.4272    220.521     0.7102      8.262    88.8499 1.0971e+03 -0.6309949    24.7850  0.000e+00
      2.436      2.456    14.8810  41.077319    33.4279    218.262     0.7176      8.262    88.8499 1.2556e+03 -0.5647556    24.7860  0.000e+00
      2.392      2.412    14.8744  41.070469    33.4274    218.811     0.6882      8.262    88.8499 1.0971e+03 -0.6309949    24.7870  0.000e+00
      2.098      2.115    14.8701  41.066945    33.4280    219.235     0.6589      8.262    88.8241 1.4738e+03 -0.6309949    24.7884  0.000e+00
      2.057      2.074    14.8711  41.067597    33.4278    218.708     0.6956      8.262    88.6175 1.1671e+03 -0.6309949    24.7880  0.000e+00
      1.721      1.736    14.8714  41.067987    33.4280    219.887     0.6443      8.262    88.6433 1.4989e+03 -0.6309949    24.7880  0.000e+00
      1.488      1.500    14.8699  41.066551    33.4281    220.408     0.7029      8.262    88.5658 1.6539e+03 -0.5978752    24.7884  0.000e+00
      1.971      1.987    14.8689  41.065966    33.4282    219.865     0.6516      8.262    88.6175 1.0547e+03 -0.4985162    24.7887  0.000e+00
      2.303      2.322    14.8685  41.065446    33.4280    219.355     0.6150      8.262    88.7466 1.1540e+03 -0.4985162    24.7887  0.000e+00
      2.078      2.095    14.8676  41.064727    33.4281    217.681     0.6370      8.262    88.7466 8.0749e+02 -0.4985162    24.7890  0.000e+00
      1.971      1.987    14.8675  41.064335    33.4279    220.206     0.6589      8.262    88.6691 1.0727e+03 -0.5647556    24.7888  0.000e+00
      2.374      2.393    14.8675  41.064663    33.4280    221.820     0.6589      8.267    88.7208 1.0488e+03 -0.5978752    24.7889  0.000e+00
      2.403      2.423    14.8671  41.064207    33.4280    218.508     0.6443      8.262    88.7724 8.6873e+02 -0.4985162    24.7890  0.000e+00
      2.231      2.250    14.8666  41.063358    33.4277    218.132     0.6443      8.267    88.7982 9.9705e+02 -0.6309949    24.7889  0.000e+00
      2.182      2.200    14.8673  41.064271    33.4279    218.581     0.7029      8.267    88.7208 1.0971e+03 -0.5978752    24.7889  0.000e+00
      2.019      2.036    14.8678  41.064596    33.4279    219.911     0.7176      8.267    88.8241 1.2105e+03 -0.6309949    24.7887  0.000e+00
      1.706      1.720    14.8679  41.064660    33.4280    219.942     0.6443      8.267    88.6691 1.3208e+03 -0.5978752    24.7888  0.000e+00
      1.550      1.563    14.8675  41.064138    33.4279    220.528     0.7102      8.267    88.4884 1.4370e+03 -0.6309949    24.7888  0.000e+00
      2.105      2.122    14.8681  41.065249    33.4282    219.391     0.6223      8.267    88.5658 1.5503e+03 -0.5978752    24.7889  0.000e+00
      2.443      2.463    14.8687  41.065446    33.4277    219.319     0.5637      8.267    88.6175 1.0818e+03 -0.5978752    24.7885  0.000e+00
      2.274      2.293    14.8677  41.064663    33.4279    219.063     0.6077      8.267    88.6175 1.2346e+03 -0.5316359    24.7888  0.000e+00
      2.024      2.041    14.8664  41.063227    33.4278    220.694     0.6956      8.267    88.5917 1.3738e+03 -0.5647556    24.7890  0.000e+00
      2.050      2.067    14.8670  41.063944    33.4280    219.581     0.7322      8.267    88.5400 1.3972e+03 -0.6309949    24.7890  0.000e+00
      2.236      2.254    14.8673  41.064206    33.4279    219.466     0.7102      8.267    88.5142 1.2556e+03 -0.6309949    24.7889  0.000e+00
      2.165      2.183    14.8670  41.064010    33.4280    219.732     0.6736      8.267    88.5400 1.2071e+03 -0.6309949    24.7890  0.000e+00
      2.158      2.176    14.8677  41.064662    33.4279    219.167     0.6809      8.267    88.5917 1.3932e+03 -0.6309949    24.7888  0.000e+00
      2.193      2.212    14.8682  41.065054    33.4279    219.206     0.6663      8.267    88.4884 1.2485e+03 -0.6309949    24.7887  0.000e+00
      1.962      1.979    14.8678  41.064727    33.4280    220.204     0.7176      8.267    88.7724 1.5116e+03 -0.6309949    24.7888  0.000e+00
      1.662      1.676    14.8674  41.064204    33.4280    219.716     0.7688      8.267    88.7208 1.5287e+03 -0.6309949    24.7890  0.000e+00
      1.189      1.199    14.8677  41.064397    33.4281    219.809     0.7102      8.267    88.6691 1.3854e+03 -0.6309949    24.7889  0.000e+00
      0.737      0.743    14.8683  41.064396    33.4278    220.502     0.9080      8.267    88.5917 1.6035e+03 -0.6309949    24.7885  0.000e+00
      0.490      0.494    14.8694  41.065438    33.4279    218.446     0.7102      8.267    88.6175 1.6171e+03 -0.6309949    24.7883  0.000e+00
     -0.114     -0.115    14.8678  32.556825    25.8308    230.713     0.6956      8.267    84.6668 1.7203e+03 -0.6309949    18.9430  0.000e+00
     -0.255     -0.257    14.7841   7.659439     5.3716    270.152    16.8348      8.267    76.5329 1.7994e+03 -0.5647556     3.2711  0.000e+00
     -0.253     -0.255    14.8264   4.971444     3.3795    258.347    15.3915      8.267    90.3734 1.8198e+03 -0.4985162     1.7342  0.000e+00
