Arg_L2_F7_NV.cnv
* Sea-Bird SBE 9 Data File:
* FileName = S:\CTD_Data\CTD\Data\Argentina 2014\Data\Arg_L2_F7.hex
* Software Version Seasave V 7.21g
* Temperature SN = 5769
* Conductivity SN = 4244
* Number of Bytes Per Scan = 31
* Number of Voltage Words = 4
* Number of Scans Averaged by the Deck Unit = 24
* NMEA Latitude = 46 31.05 S
* NMEA Longitude = 065 57.51 W
* NMEA UTC (Time) = Feb 08 2014 17:39:40
* NMEA baud rate = 9600
** R/V Coriolis II
** MARES project, ARGENTINA 2014
** Chief scientist : Dr. Gustavo Ferreyra
** Co-Chief scientist : Dr. José Luis Esteves
# nquan = 13
# nvalues = 495                                   
# units = specified
# name 0 = depSM: Depth [salt water, m]
# name 1 = prDM: Pressure, Digiquartz [db]
# name 2 = t090C: Temperature [ITS-90, deg C]
# name 3 = c0mS/cm: Conductivity [mS/cm]
# name 4 = sal00: Salinity, Practical [PSU]
# name 5 = sbeox0Mm/Kg: Oxygen, SBE 43 [umol/Kg]
# name 6 = flECO-AFL: Fluorescence, WET Labs ECO-AFL/FL [mg/m^3]
# name 7 = ph: pH
# name 8 = CStarTr0: Beam Transmission, WET Labs C-Star [%]
# name 9 = par: PAR/Irradiance, Biospherical/Licor
# name 10 = upoly0: Upoly 0, Nitrate
# name 11 = sigma-é00: Density [sigma-theta, Kg/m^3]
# name 12 = flag:  0.000e+00
# span 0 =     -0.255,     84.335                 
# span 1 =     -0.257,     85.055                 
# span 2 =     9.6385,    14.8983                 
# span 3 =   4.971444,  41.094997                 
# span 4 =     3.3795,    33.4300                 
# span 5 =    155.483,    270.152                 
# span 6 =    -0.0224,    16.8348                 
# span 7 =      7.913,      8.273                 
# span 8 =    69.1995,    97.0354                 
# span 9 = 1.0000e-12, 1.9523e+03                 
# span 10 = -0.7634735,  2.2835350                
# span 11 =     1.7342,    25.6812                
# span 12 = 0.0000e+00, 0.0000e+00                
# interval = seconds: 1
# start_time = Feb 08 2014 17:39:40 [NMEA time, header]
# bad_flag = -9.990e-29
*END*
[from data line 223]
     68.525     69.107    10.0431  36.440371    33.2460    163.995    -0.0077      7.944    79.0893 9.0854e-02  0.7931504    25.5766  0.000e+00
     68.012     68.590    10.0362  36.435644    33.2478    164.337    -0.0150      7.949    79.2958 1.0312e-01  1.5880222    25.5791  0.000e+00
     67.600     68.174    10.0587  36.454482    33.2464    164.310    -0.0150      7.949    79.2958 1.1143e-01  1.4886632    25.5742  0.000e+00
     66.831     67.399    10.1141  36.494037    33.2360    164.001    -0.0150      7.949    79.9930 1.2797e-01 -0.6309949    25.5568  0.000e+00
     65.859     66.418    10.1250  36.503055    33.2355    164.697    -0.0150      7.954    79.9156 1.5690e-01 -0.6309949    25.5546  0.000e+00
     65.211     65.765    10.1139  36.495027    33.2379    165.743    -0.0150      7.954    79.9156 1.8591e-01  0.5613128    25.5583  0.000e+00
     64.894     65.444    10.1173  36.499817    33.2397    166.642    -0.0150      7.958    79.9156 1.9946e-01  1.0249880    25.5591  0.000e+00
     64.279     64.824    10.2099  36.575624    33.2318    166.353    -0.0150      7.958    80.6644 2.2053e-01  0.8593897    25.5373  0.000e+00
     63.336     63.873    10.2357  36.595922    33.2291    166.470    -0.0077      7.963    80.8968 2.6375e-01  0.0645179    25.5308  0.000e+00
     62.588     63.119    10.2218  36.584648    33.2307    167.683    -0.0004      7.963    80.5353 3.0486e-01 -0.4322769    25.5344  0.000e+00
     62.132     62.659    10.1835  36.553577    33.2347    168.733    -0.0077      7.963    80.6127 3.2741e-01 -0.2997983    25.5440  0.000e+00
     61.630     62.153    10.2531  36.611301    33.2295    168.267    -0.0077      7.967    80.9484 3.5027e-01  0.3957145    25.5281  0.000e+00
     60.823     61.338    10.3066  36.649614    33.2195    167.865    -0.0004      7.967    81.4907 3.9274e-01  0.9587487    25.5112  0.000e+00
     59.868     60.375    10.2968  36.636898    33.2160    169.060    -0.0004      7.972    81.4390 4.5649e-01  0.5944325    25.5101  0.000e+00
     59.110     59.611    10.3154  36.646055    33.2086    170.155     0.0069      7.977    82.3170 5.1500e-01  0.3294752    25.5011  0.000e+00
     58.517     59.012    10.2793  36.625929    33.2216    171.768    -0.0004      7.981    82.8334 5.6287e-01  0.0645179    25.5174  0.000e+00
     57.852     58.342    10.3822  36.694605    33.1971    172.876    -0.0077      7.986    83.6081 6.2419e-01 -0.4322769    25.4807  0.000e+00
     57.164     57.648    10.4535  36.754850    33.1928    173.981    -0.0150      7.990    84.6409 6.9375e-01  1.5217829    25.4652  0.000e+00
     56.537     57.015    10.4906  36.788793    33.1934    175.633    -0.0077      7.995    84.5118 7.6362e-01  2.1841761    25.4592  0.000e+00
     55.843     56.316    10.5523  36.842667    33.1916    178.180    -0.0004      7.994    85.1574 8.3260e-01  1.5549026    25.4471  0.000e+00
     55.142     55.609    10.6110  36.883888    33.1798    179.651    -0.0150      8.004    85.9578 9.0745e-01 -0.6972342    25.4277  0.000e+00
     54.418     54.879    10.6238  36.889382    33.1739    180.541    -0.0077      8.013    86.4226 9.8865e-01 -0.2997983    25.4210  0.000e+00
     53.788     54.243    10.6595  36.914499    33.1669    182.262    -0.0004      8.018    87.6363 1.0642e+00  0.6937915    25.4092  0.000e+00
     53.062     53.511    10.6945  36.949188    33.1701    185.210     0.0216      8.017    88.6433 1.1519e+00  1.0249880    25.4056  0.000e+00
     52.152     52.593    10.7234  36.978887    33.1740    187.919     0.0069      8.022    88.2818 1.2798e+00  0.0313983    25.4036  0.000e+00
     51.294     51.728    10.7487  37.002715    33.1752    188.235    -0.0077      8.022    87.6363 1.4213e+00 -0.6641145    25.4001  0.000e+00
     50.663     51.091    10.7523  37.004026    33.1734    187.005     0.0143      8.022    88.4884 1.5372e+00 -0.6972342    25.3981  0.000e+00
     50.211     50.636    10.7142  36.974816    33.1791    186.538     0.0216      8.022    89.1856 1.6195e+00 -0.5316359    25.4091  0.000e+00
     49.791     50.212    10.8094  37.048385    33.1663    186.129     0.0069      8.026    90.6574 1.6962e+00  0.0313983    25.3826  0.000e+00
     49.117     49.532    10.8156  37.046065    33.1587    185.920    -0.0004      8.031    90.9931 1.8128e+00 -0.6972342    25.3755  0.000e+00
     48.262     48.670    10.8169  37.046688    33.1585    187.615     0.0069      8.031    90.3475 1.9880e+00 -0.7303538    25.3751  0.000e+00
     47.473     47.874    10.8359  37.060329    33.1552    189.899     0.0216      8.036    91.0447 2.1610e+00 -0.7303538    25.3692  0.000e+00
     46.766     47.160    10.8478  37.070154    33.1546    191.211     0.0289      8.036    92.1292 2.3152e+00 -0.7303538    25.3666  0.000e+00
     46.287     46.678    10.8637  37.081734    33.1519    192.263     0.0289      8.040    92.6715 2.4170e+00 -0.7303538    25.3617  0.000e+00
     46.166     46.555    10.8717  37.087306    33.1502    192.947     0.0289      8.040    93.6011 2.4239e+00 -0.5978752    25.3590  0.000e+00
     46.167     46.557    10.8741  37.089122    33.1499    193.246     0.0216      8.040    94.8147 2.3352e+00 -0.6309949    25.3583  0.000e+00
     45.544     45.929    10.8962  37.107968    33.1489    194.103     0.0069      8.045    94.6339 2.5160e+00 -0.6309949    25.3536  0.000e+00
     45.138     45.519    10.9384  37.143669    33.1464    194.308     0.0069      8.049    94.4274 2.6643e+00  0.1638769    25.3442  0.000e+00
     45.259     45.640    11.0013  37.202956    33.1484    195.000     0.0216      8.054    95.0729 2.6040e+00  0.0645179    25.3346  0.000e+00
     45.485     45.869    11.0066  37.204022    33.1446    196.039     0.0216      8.054    96.1832 2.4944e+00  0.0645179    25.3307  0.000e+00
     45.498     45.881    10.9850  37.185969    33.1462    196.691     0.0069      8.054    96.6739 2.5088e+00  0.0313983    25.3358  0.000e+00
     45.343     45.726    11.0170  37.216560    33.1477    196.533    -0.0004      8.054    96.6222 2.5891e+00 -0.5316359    25.3313  0.000e+00
     45.140     45.520    11.0483  37.245217    33.1479    196.788    -0.0077      8.058    96.4415 2.6950e+00 -0.6972342    25.3259  0.000e+00
     45.089     45.469    11.0608  37.256821    33.1481    197.213    -0.0004      8.058    96.4931 2.7105e+00 -0.7303538    25.3238  0.000e+00
     44.988     45.368    11.0739  37.269116    33.1485    197.389     0.0069      8.058    96.7771 2.6950e+00 -0.7303538    25.3217  0.000e+00
     44.954     45.333    11.0818  37.276832    33.1490    197.429    -0.0004      8.058    96.8804 2.6796e+00 -0.7303538    25.3208  0.000e+00
     45.025     45.405    11.0707  37.266669    33.1490    197.962    -0.0004      8.058    96.9063 2.6415e+00 -0.7303538    25.3227  0.000e+00
     45.111     45.492    11.0598  37.256758    33.1489    197.927    -0.0004      8.058    96.8804 2.5965e+00 -0.7303538    25.3246  0.000e+00
     45.036     45.416    11.0647  37.261839    33.1496    197.978    -0.0004      8.058    96.8288 2.6189e+00 -0.7634735    25.3242  0.000e+00
     44.862     45.240    11.0926  37.288000    33.1504    197.606    -0.0004      8.063    96.8546 2.7027e+00 -0.7634735    25.3199  0.000e+00
     44.757     45.135    11.1356  37.328229    33.1515    197.332     0.0069      8.063    96.8288 2.7574e+00 -0.7303538    25.3131  0.000e+00
     44.784     45.162    11.1453  37.337081    33.1515    198.100     0.0069      8.063    96.9321 2.7495e+00 -0.7303538    25.3114  0.000e+00
     44.983     45.363    11.1047  37.297915    33.1493    198.446    -0.0004      8.063    96.9837 2.6796e+00 -0.6972342    25.3169  0.000e+00
     45.162     45.543    11.0624  37.259958    33.1497    198.550    -0.0004      8.063    96.9063 2.6040e+00 -0.5978752    25.3248  0.000e+00
     45.095     45.476    11.0641  37.262090    33.1503    198.700     0.0069      8.063    96.8288 2.6114e+00 -0.7634735    25.3249  0.000e+00
     44.856     45.234    11.1109  37.306010    33.1517    197.838     0.0143      8.063    96.8546 2.6873e+00 -0.7634735    25.3177  0.000e+00
     44.727     45.104    11.1533  37.346687    33.1538    197.810     0.0143      8.063    96.8804 2.7417e+00 -0.7303538    25.3117  0.000e+00
     44.778     45.156    11.1586  37.349386    33.1517    198.844     0.0289      8.067    96.9321 2.6873e+00 -0.7303538    25.3091  0.000e+00
     44.839     45.217    11.1094  37.304190    33.1513    198.817     0.0143      8.068    96.9321 2.6264e+00 -0.7634735    25.3176  0.000e+00
     44.830     45.209    11.1027  37.298479    33.1516    198.355    -0.0004      8.063    96.9579 2.6340e+00 -0.7634735    25.3191  0.000e+00
     44.745     45.123    11.1187  37.313604    33.1523    197.878     0.0069      8.068    96.8804 2.6950e+00 -0.7634735    25.3167  0.000e+00
     44.629     45.006    11.1455  37.339027    33.1533    197.758     0.0069      8.067    97.0095 2.7732e+00 -0.7303538    25.3127  0.000e+00
     44.720     45.097    11.1460  37.337583    33.1514    198.005    -0.0004      8.067    97.0095 2.7891e+00 -0.7634735    25.3111  0.000e+00
     45.017     45.396    11.0710  37.268238    33.1503    198.339    -0.0004      8.068    96.9321 2.6491e+00 -0.7303538    25.3237  0.000e+00
     45.131     45.512    10.9821  37.184338    33.1473    198.731    -0.0004      8.063    96.8030 2.5596e+00 -0.7634735    25.3371  0.000e+00
     44.855     45.234    11.0672  37.270496    33.1560    197.530    -0.0004      8.063    96.7771 2.6415e+00 -0.7634735    25.3288  0.000e+00
     44.551     44.927    11.1731  37.363388    33.1525    197.479     0.0216      8.063    96.9837 2.7732e+00 -0.7303538    25.3071  0.000e+00
     44.602     44.978    11.1719  37.363891    33.1541    198.375     0.0362      8.067    96.9321 2.7417e+00 -0.7303538    25.3086  0.000e+00
     44.763     45.141    11.1164  37.308269    33.1490    198.787     0.0289      8.068    96.9063 2.6264e+00 -0.7303538    25.3146  0.000e+00
     44.719     45.096    11.0659  37.264535    33.1513    198.758     0.0069      8.063    96.8546 2.6340e+00 -0.7634735    25.3254  0.000e+00
     44.576     44.952    11.0737  37.271436    33.1511    198.069     0.0069      8.063    96.9063 2.7338e+00 -0.7303538    25.3238  0.000e+00
     44.569     44.945    11.0802  37.276894    33.1507    198.448     0.0143      8.063    96.9321 2.7812e+00 -0.7303538    25.3223  0.000e+00
     44.705     45.082    11.0476  37.245404    33.1489    198.434    -0.0004      8.063    96.8804 2.7260e+00 -0.7303538    25.3268  0.000e+00
     44.849     45.227    10.9532  37.158142    33.1475    198.602    -0.0004      8.064    96.7513 2.6491e+00 -0.7303538    25.3424  0.000e+00
     44.764     45.142    10.9474  37.154257    33.1489    198.054    -0.0077      8.059    96.5964 2.6796e+00 -0.5978752    25.3445  0.000e+00
     44.575     44.951    11.0247  37.226026    33.1504    197.307    -0.0077      8.059    96.7513 2.7653e+00 -0.7634735    25.3320  0.000e+00
     44.586     44.962    11.0398  37.237878    33.1485    197.737     0.0143      8.063    96.8804 2.7653e+00 -0.7303538    25.3278  0.000e+00
     44.707     45.085    10.9673  37.169671    33.1463    198.304     0.0143      8.063    96.7771 2.6643e+00 -0.7634735    25.3390  0.000e+00
     44.789     45.167    10.9209  37.129448    33.1482    198.095    -0.0004      8.059    96.6222 2.5965e+00 -0.7634735    25.3487  0.000e+00
     44.733     45.110    10.9213  37.129636    33.1481    197.684    -0.0150      8.059    96.4415 2.6189e+00 -0.7303538    25.3485  0.000e+00
     44.513     44.889    10.9582  37.164532    33.1494    197.356    -0.0150      8.059    96.5447 2.7182e+00 -0.7634735    25.3430  0.000e+00
     44.400     44.775    11.0316  37.231104    33.1493    196.878     0.0069      8.063    96.8546 2.8051e+00 -0.7303538    25.3299  0.000e+00
     44.536     44.912    10.9901  37.189225    33.1452    197.720     0.0143      8.063    96.8546 2.7732e+00 -0.7634735    25.3341  0.000e+00
     44.721     45.098    10.9194  37.127130    33.1473    198.275    -0.0150      8.064    96.6480 2.6873e+00 -0.7634735    25.3483  0.000e+00
     44.727     45.104    10.9146  37.123622    33.1482    197.638    -0.0150      8.059    96.4156 2.6873e+00 -0.7634735    25.3497  0.000e+00
     44.715     45.093    10.9223  37.129197    33.1468    197.197    -0.0077      8.059    96.4931 2.7182e+00 -0.7303538    25.3473  0.000e+00
     44.857     45.235    10.9048  37.114290    33.1477    197.113    -0.0077      8.054    96.4156 2.6643e+00 -0.7303538    25.3511  0.000e+00
     44.892     45.271    10.8977  37.109155    33.1490    197.391    -0.0077      8.054    96.1832 2.6114e+00 -0.7634735    25.3534  0.000e+00
     44.742     45.120    10.9042  37.114039    33.1480    196.790    -0.0077      8.054    96.1832 2.6491e+00 -0.7634735    25.3515  0.000e+00
     44.615     44.991    10.9217  37.128445    33.1466    196.305    -0.0004      8.054    96.5189 2.7027e+00 -0.3660376    25.3473  0.000e+00
     44.630     45.007    10.9302  37.135210    33.1456    196.766     0.0069      8.059    96.6222 2.7182e+00  0.3294752    25.3450  0.000e+00
     44.698     45.075    10.9194  37.126378    33.1466    197.061    -0.0004      8.059    96.5447 2.6796e+00  0.3294752    25.3477  0.000e+00
     44.660     45.037    10.9256  37.131890    33.1465    197.033    -0.0150      8.059    96.4931 2.7105e+00 -0.2666786    25.3465  0.000e+00
     44.653     45.030    10.9300  37.135210    33.1458    197.015    -0.0077      8.059    96.5189 2.7574e+00 -0.4985162    25.3452  0.000e+00
     44.792     45.170    10.9125  37.120115    33.1465    197.093     0.0069      8.054    96.5447 2.7260e+00 -0.7634735    25.3488  0.000e+00
     44.902     45.281    10.9025  37.112349    33.1479    197.138    -0.0150      8.054    96.3382 2.6643e+00 -0.7303538    25.3517  0.000e+00
     44.926     45.305    10.9038  37.113539    33.1478    197.132    -0.0004      8.054    96.1832 2.6415e+00 -0.7303538    25.3514  0.000e+00
     44.964     45.344    10.9051  37.114541    33.1476    196.718    -0.0077      8.054    96.1574 2.6114e+00 -0.7634735    25.3510  0.000e+00
     44.984     45.364    10.9037  37.113226    33.1475    196.725    -0.0004      8.054    96.1574 2.5743e+00 -0.7303538    25.3512  0.000e+00
     44.939     45.318    10.9090  37.117422    33.1470    196.950    -0.0004      8.054    96.2091 2.5743e+00 -0.7303538    25.3498  0.000e+00
     44.905     45.284    10.9156  37.122871    33.1465    196.513    -0.0004      8.054    96.3640 2.6040e+00 -0.0017214    25.3483  0.000e+00
     44.871     45.249    10.9251  37.130575    33.1455    196.881    -0.0077      8.054    96.4673 2.6415e+00 -0.2997983    25.3459  0.000e+00
     44.769     45.147    10.9348  37.138907    33.1450    197.085    -0.0077      8.059    96.5447 2.6950e+00 -0.5978752    25.3437  0.000e+00
     44.757     45.135    10.9468  37.149369    33.1446    197.195    -0.0077      8.059    96.6739 2.7495e+00 -0.7303538    25.3413  0.000e+00
     44.978     45.358    10.9356  37.139158    33.1445    197.658    -0.0077      8.059    96.6480 2.6873e+00 -0.7303538    25.3432  0.000e+00
     45.138     45.519    10.9156  37.123060    33.1466    197.908    -0.0077      8.059    96.4931 2.5817e+00 -0.7634735    25.3484  0.000e+00
     44.670     45.047    10.9672  37.171050    33.1478    197.422    -0.0224      8.059    96.5447 2.6873e+00 -0.7634735    25.3402  0.000e+00
     43.933     44.303    11.0947  37.292703    33.1535    197.005    -0.0004      8.063    96.8804 2.9114e+00 -0.7303538    25.3220  0.000e+00
     43.149     43.513    11.4205  37.609055    33.1727    196.364     0.0069      8.071    96.9321 3.0650e+00 -0.7303538    25.2782  0.000e+00
     42.416     42.774    11.7950  37.960336    33.1812    197.249     0.0289      8.088    97.0095 3.2174e+00 -0.7634735    25.2160  0.000e+00
