Arg_L2_SF09_NV.cnv
* Sea-Bird SBE 9 Data File:
* FileName = S:\CTD_Data\CTD\Data\Argentina 2014\Data\Arg_L2_SF09.hex
* Software Version Seasave V 7.21g
* Temperature SN = 5769
* Conductivity SN = 4244
* Number of Bytes Per Scan = 31
* Number of Voltage Words = 4
* Number of Scans Averaged by the Deck Unit = 24
* NMEA Latitude = 45 56.25 S
* NMEA Longitude = 065 33.98 W
* NMEA UTC (Time) = Feb 07 2014 18:00:47
* NMEA baud rate = 9600
** R/V Coriolis II
** MARES project, ARGENTINA 2014
** Chief scientist : Dr. Gustavo Ferreyra
** Co-Chief scientist : Dr. José Luis Esteves
# nquan = 13
# nvalues = 313                                   
# units = specified
# name 0 = depSM: Depth [salt water, m]
# name 1 = prDM: Pressure, Digiquartz [db]
# name 2 = t090C: Temperature [ITS-90, deg C]
# name 3 = c0mS/cm: Conductivity [mS/cm]
# name 4 = sal00: Salinity, Practical [PSU]
# name 5 = sbeox0Mm/Kg: Oxygen, SBE 43 [umol/Kg]
# name 6 = flECO-AFL: Fluorescence, WET Labs ECO-AFL/FL [mg/m^3]
# name 7 = ph: pH
# name 8 = CStarTr0: Beam Transmission, WET Labs C-Star [%]
# name 9 = par: PAR/Irradiance, Biospherical/Licor
# name 10 = upoly0: Upoly 0, Nitrate
# name 11 = sigma-é00: Density [sigma-theta, Kg/m^3]
# name 12 = flag:  0.000e+00
# span 0 =     -0.315,     85.459                 
# span 1 =     -0.318,     86.184                 
# span 2 =     9.0085,    14.1360                 
# span 3 =   1.435945,  40.209756                 
# span 4 =     0.9322,    33.3387                 
# span 5 =    132.888,    277.825                 
# span 6 =    -0.3520,     1.3696                 
# span 7 =      7.773,      8.225                 
# span 8 =    51.8990,    97.3452                 
# span 9 = 1.0000e-12, 1.8198e+03                 
# span 10 = -0.7634735,  15.465159                
# span 11 =    -0.0082,    25.8166                
# span 12 = 0.0000e+00, 0.0000e+00                
# interval = seconds: 1
# start_time = Feb 07 2014 18:00:47 [NMEA time, header]
# bad_flag = -9.990e-29
*END*
[from data line 223]
     36.080     36.382    12.2765  38.374188    33.1565    206.455     0.0582      8.091    94.1433 1.7301e+01 -0.7634735    25.1062  0.000e+00
     35.294     35.589    12.4513  38.561926    33.1826    206.410     0.0582      8.095    94.6598 1.7596e+01 -0.7634735    25.0930  0.000e+00
     34.140     34.425    12.7808  38.871550    33.1884    207.314     0.0655      8.113    95.1762 2.0145e+01 -0.7634735    25.0337  0.000e+00
     33.165     33.442    13.0948  39.200224    33.2249    209.764     0.0655      8.130    95.6152 2.2868e+01 -0.7634735    25.0000  0.000e+00
     32.673     32.946    12.7155  38.790042    33.1688    215.613     0.0729      8.146    96.2091 2.4194e+01 -0.7634735    25.0312  0.000e+00
     32.536     32.808    12.7491  38.844370    33.1911    214.249     0.1022      8.150    96.2349 2.5167e+01 -0.7634735    25.0419  0.000e+00
     31.983     32.251    12.8105  38.952863    33.2406    211.381     0.1095      8.145    96.4673 2.4745e+01 -0.7634735    25.0682  0.000e+00
     30.663     30.918    13.6738  39.752751    33.2396    207.975     0.1461      8.156    96.5189 2.8089e+01 -0.7634735    24.8948  0.000e+00
     29.366     29.611    13.7213  39.790606    33.2341    213.118     0.2047      8.169    96.6997 3.4402e+01 -0.7634735    24.8809  0.000e+00
     28.787     29.027    13.4789  39.565456    33.2348    218.016     0.2267      8.170    96.5447 3.6807e+01 -0.7634735    24.9307  0.000e+00
     28.922     29.163    13.7130  39.794985    33.2455    216.052     0.3732      8.170    96.5189 3.7434e+01 -0.7634735    24.8914  0.000e+00
     28.873     29.113    13.6880  39.768582    33.2426    217.582     0.4025      8.170    96.3382 3.6704e+01 -0.7634735    24.8943  0.000e+00
     27.798     28.030    13.6281  39.716052    33.2461    217.613     0.4172      8.175    96.3382 3.9049e+01 -0.7634735    24.9092  0.000e+00
     26.225     26.443    13.7869  39.867006    33.2496    216.164     0.4978      8.179    96.2091 4.7956e+01 -0.7634735    24.8793  0.000e+00
     25.101     25.310    13.7731  39.851276    33.2473    217.866     0.6077      8.183    95.6926 5.8726e+01 -0.7634735    24.8804  0.000e+00
     24.811     25.018    13.7551  39.838259    33.2510    219.401     0.7029      8.183    95.6152 6.0743e+01 -0.7634735    24.8869  0.000e+00
     24.773     24.979    13.7981  39.877571    33.2503    218.844     0.7981      8.183    95.5119 5.9894e+01 -0.7634735    24.8775  0.000e+00
     24.253     24.455    13.7752  39.854431    33.2488    219.996     0.8641      8.183    95.5377 6.4079e+01 -0.7634735    24.8811  0.000e+00
     23.242     23.436    13.7933  39.878790    33.2562    218.911     0.9300      8.188    95.2795 6.5537e+01 -0.7634735    24.8831  0.000e+00
     22.164     22.348    13.8146  39.894902    33.2531    218.079     0.9373      8.192    95.2537 7.8246e+01 -0.7634735    24.8762  0.000e+00
     21.419     21.597    13.7951  39.873432    33.2504    219.413     1.0912      8.192    94.9438 9.8270e+01 -0.7634735    24.8781  0.000e+00
     20.958     21.133    13.8237  39.904310    33.2545    219.566     1.0252      8.192    94.8405 9.8824e+01 -0.7634735    24.8754  0.000e+00
     20.445     20.615    13.8225  39.904308    33.2557    219.302     1.1058      8.192    94.8147 1.0308e+02 -0.7634735    24.8766  0.000e+00
     19.732     19.896    13.8343  39.914945    33.2557    220.236     1.2084      8.192    94.6856 1.0602e+02 -0.7634735    24.8741  0.000e+00
     18.850     19.007    13.8404  39.921519    33.2568    219.980     1.2817      8.197    94.3757 1.1965e+02 -0.7634735    24.8737  0.000e+00
     17.934     18.083    13.8432  39.924546    33.2576    219.135     1.2890      8.197    94.4015 1.3850e+02 -0.7634735    24.8737  0.000e+00
     17.135     17.278    13.8496  39.931057    33.2584    220.491     1.3036      8.197    94.3757 1.5282e+02 -0.7634735    24.8730  0.000e+00
     16.534     16.672    13.8594  39.940665    33.2591    220.781     1.3329      8.201    94.2983 1.7839e+02 -0.7634735    24.8715  0.000e+00
     16.151     16.285    13.8659  39.947178    33.2597    221.694     1.2743      8.197    94.3241 1.7006e+02 -0.7303538    24.8706  0.000e+00
     15.609     15.739    13.8725  39.953755    33.2602    220.743     1.1425      8.201    94.1175 1.8142e+02 -0.7303538    24.8696  0.000e+00
     14.633     14.754    13.8828  39.964138    33.2614    219.663     1.1571      8.201    94.0917 1.9246e+02 -0.7303538    24.8684  0.000e+00
     13.541     13.654    13.8948  39.974973    33.2614    220.331     1.1351      8.201    94.0142 2.3171e+02 -0.7303538    24.8659  0.000e+00
     12.874     12.981    13.8841  39.964454    33.2612    220.010     1.2304      8.201    94.0659 2.5857e+02 -0.7303538    24.8680  0.000e+00
     12.606     12.711    13.8761  39.956969    33.2613    220.541     1.1058      8.201    94.0142 2.7818e+02 -0.7303538    24.8697  0.000e+00
     12.045     12.145    13.9132  39.994907    33.2646    220.552     1.0545      8.201    93.9368 2.8692e+02 -0.6641145    24.8645  0.000e+00
     11.170     11.263    13.9437  40.022657    33.2643    219.990     1.0252      8.201    93.9368 3.3585e+02 -0.6972342    24.8580  0.000e+00
     10.324     10.410    13.9631  40.042280    33.2661    219.876     0.9959      8.206    93.9109 3.2471e+02 -0.6972342    24.8553  0.000e+00
      9.815      9.897    13.9751  40.053384    33.2661    220.856     0.9886      8.206    93.9109 3.9982e+02 -0.5647556    24.8529  0.000e+00
      9.245      9.321    13.9945  40.073014    33.2678    220.401     0.9959      8.206    93.9884 4.1238e+02 -0.6972342    24.8501  0.000e+00
      8.321      8.390    14.0339  40.112222    33.2704    219.249     0.9373      8.205    93.8851 3.3680e+02 -0.6972342    24.8439  0.000e+00
      7.301      7.361    14.0786  40.151251    33.2682    219.917     0.8274      8.205    93.8335 5.9602e+02 -0.6972342    24.8329  0.000e+00
      6.789      6.845    14.0582  40.129856    33.2663    219.500     0.7835      8.205    93.8335 5.3112e+02 -0.5647556    24.8357  0.000e+00
      6.585      6.639    14.0724  40.146659    33.2696    218.683     0.6296      8.205    93.8851 6.9374e+02 -0.4985162    24.8353  0.000e+00
      5.994      6.044    14.0925  40.164756    33.2692    220.361     0.5417      8.205    94.0400 6.2344e+02 -0.4985162    24.8308  0.000e+00
      5.057      5.099    14.1014  40.173092    33.2696    221.186     0.4538      8.205    94.1692 6.8022e+02 -0.4985162    24.8292  0.000e+00
      4.085      4.119    14.0970  40.168433    33.2695    219.696     0.4978      8.205    94.0917 9.9705e+02 -0.6309949    24.8300  0.000e+00
      3.067      3.093    14.0769  40.149166    33.2695    220.057     0.5710      8.205    94.0917 8.6386e+02 -0.5316359    24.8341  0.000e+00
      2.309      2.329    14.0730  40.145996    33.2702    219.406     0.5198      8.205    94.0917 9.7214e+02 -0.4985162    24.8355  0.000e+00
      2.307      2.326    14.0730  40.145931    33.2702    220.053     0.4465      8.210    94.1692 1.1671e+03 -0.5978752    24.8355  0.000e+00
      2.749      2.772    14.0803  40.153108    33.2703    219.930     0.3439      8.210    94.1433 9.3462e+02 -0.5647556    24.8341  0.000e+00
      2.492      2.513    14.0771  40.149616    33.2699    219.692     0.3073      8.210    94.1692 9.9425e+02 -0.5647556    24.8344  0.000e+00
      2.097      2.114    14.0783  40.151166    33.2705    220.070     0.3366      8.210    94.1175 1.5901e+03 -0.5316359    24.8346  0.000e+00
      1.758      1.773    14.0827  40.154720    33.2702    220.538     0.3732      8.210    94.1175 1.6773e+03 -0.5978752    24.8334  0.000e+00
      1.509      1.521    14.0738  40.146122    33.2700    220.225     0.4172      8.210    94.1433 1.3319e+03 -0.5316359    24.8351  0.000e+00
      1.620      1.634    14.0725  40.145735    33.2707    219.490     0.4099      8.210    94.0917 1.2698e+03 -0.5647556    24.8359  0.000e+00
      1.688      1.702    14.0781  40.149742    33.2696    218.625     0.3586      8.210    94.1692 1.2415e+03 -0.6641145    24.8339  0.000e+00
      1.856      1.871    14.0791  40.151876    33.2706    219.862     0.3952      8.210    94.1175 1.4905e+03 -0.5316359    24.8345  0.000e+00
      1.879      1.895    14.0814  40.154074    33.2706    219.750     0.3952      8.210    94.1433 1.1903e+03 -0.4985162    24.8340  0.000e+00
      1.508      1.520    14.0788  40.151810    33.2709    218.812     0.3806      8.210    94.2208 1.3776e+03 -0.6309949    24.8348  0.000e+00
      1.106      1.115    14.0795  40.152714    33.2713    220.233     0.4099      8.210    94.1692 1.7300e+03 -0.5316359    24.8349  0.000e+00
      1.227      1.237    14.0806  40.153619    33.2711    220.082     0.5344      8.214    94.2208 1.3208e+03 -0.5978752    24.8346  0.000e+00
      1.816      1.831    14.0836  40.156853    33.2713    219.840     0.4465      8.214    94.2208 1.8198e+03 -0.6309949    24.8341  0.000e+00
      2.100      2.118    14.0845  40.157565    33.2711    220.736     0.3219      8.214    94.2208 1.0459e+03 -0.6309949    24.8338  0.000e+00
      1.737      1.751    14.0805  40.154203    33.2715    219.157     0.3366      8.214    94.2208 1.1671e+03 -0.6309949    24.8349  0.000e+00
      1.264      1.274    14.0808  40.154072    33.2714    219.443     0.3732      8.214    94.1433 1.4289e+03 -0.6309949    24.8347  0.000e+00
      1.210      1.220    14.0831  40.156140    33.2713    219.873     0.4392      8.214    94.1175 1.8147e+03 -0.5647556    24.8342  0.000e+00
      1.742      1.757    14.0883  40.161637    33.2717    219.469     0.3732      8.214    94.1692 9.2157e+02 -0.6641145    24.8334  0.000e+00
      1.937      1.953    14.0889  40.162219    33.2717    220.016     0.3439      8.214    94.1692 8.1892e+02 -0.5978752    24.8333  0.000e+00
      1.769      1.784    14.0870  40.160344    33.2716    220.714     0.3366      8.214    94.1950 1.2242e+03 -0.4985162    24.8337  0.000e+00
      1.379      1.390    14.0842  40.157627    33.2717    220.518     0.3366      8.214    94.0659 1.3699e+03 -0.6309949    24.8342  0.000e+00
      0.684      0.690    14.0846  40.157560    33.2715    219.409     0.3513      8.214    93.9368 1.7693e+03 -0.5316359    24.8340  0.000e+00
     -0.053     -0.053    14.0890  40.137259    33.2493    220.097     0.3586      8.214    91.6644 1.6035e+03 -0.4985162    24.8159  0.000e+00
     -0.296     -0.299    14.0850  22.368313    17.4465    277.825     0.6443      8.210    61.2723 1.5901e+03 -0.4985162    12.6525  0.000e+00
     -0.289     -0.292    13.9193   4.328735     2.9845    264.361     0.3146      8.215    60.6525 1.5679e+03  12.683108     1.5665  0.000e+00
     -0.291     -0.293    13.8550   3.784368     2.5913    234.282    -0.1030      8.211    62.5117 1.4947e+03  15.465159     1.2725  0.000e+00
     -0.294     -0.296    13.8664   3.325943     2.2588    248.105    -0.1030      8.211    59.2582 1.4289e+03  15.432039     1.0141  0.000e+00
     -0.294     -0.296    13.8796   2.727293     1.8300    240.182    -0.1176      8.197    57.3474 1.4573e+03  15.465159     0.6810  0.000e+00
     -0.293     -0.295    13.8834   1.592477     1.0380    235.973    -0.1616      8.169    53.3966 1.5073e+03  0.6275521     0.0678  0.000e+00
     -0.295     -0.298    13.8407   1.435945     0.9322    237.401    -0.2861      8.146    51.8990 1.4905e+03  0.6937915    -0.0082  0.000e+00
     -0.301     -0.304    13.7972   1.575890     1.0289    236.570     0.3293      8.137    53.0868 1.4697e+03  0.9256291     0.0728  0.000e+00
     -0.297     -0.299    13.7830   1.723965     1.1311    231.508    -0.0444      8.132    53.3192 1.4370e+03 -0.4985162     0.1539  0.000e+00
     -0.315     -0.318    13.7720   3.079392     2.0868    225.343    -0.3301      8.127    54.2229 1.5503e+03 -0.4985162     0.8946  0.000e+00
     -0.310     -0.312    13.7576   5.223256     3.6612    219.497    -0.3520      8.118    58.9741 1.5591e+03 -0.4985162     2.1117  0.000e+00
     -0.307     -0.310    13.7440   4.060316     2.8006    219.139    -0.2055      8.114    60.2652 1.5373e+03 -0.4985162     1.4498  0.000e+00
     -0.289     -0.291    13.7378   3.766637     2.5862    221.434    -0.1249      8.100    61.2981 1.6820e+03 -0.4985162     1.2852  0.000e+00
     -0.286     -0.289    13.7380   6.249474     4.4370    226.424    -0.1176      8.039    61.9178 1.7446e+03 -0.4985162     2.7124  0.000e+00
     -0.292     -0.294    13.7377   5.789875     4.0890    243.390    -0.1176      7.983    62.5892 1.6820e+03 -0.4985162     2.4443  0.000e+00
     -0.298     -0.300    13.7271   4.971357     3.4759    248.767    -0.1249      7.965    62.7699 1.6820e+03 -0.4985162     1.9732  0.000e+00
     -0.299     -0.302    13.7157   4.213773     2.9155    239.579    -0.1323      7.951    62.7957 1.7010e+03 -0.4985162     1.5425  0.000e+00
     -0.297     -0.299    13.7137   3.713644     2.5492    232.077    -0.1323      7.942    62.8732 1.7106e+03 -0.4985162     1.2600  0.000e+00
