Arg_L2_F3_NV.cnv
* Sea-Bird SBE 9 Data File:
* FileName = S:\CTD_Data\CTD\Data\Argentina 2014\Data\Arg_L2_F3.hex
* Software Version Seasave V 7.21g
* Temperature SN = 5769
* Conductivity SN = 4244
* Number of Bytes Per Scan = 31
* Number of Voltage Words = 4
* Number of Scans Averaged by the Deck Unit = 24
* NMEA Latitude = 46 35.91 S
* NMEA Longitude = 065 44.19 W
* NMEA UTC (Time) = Feb 06 2014 00:16:20
* NMEA baud rate = 9600
** R/V Coriolis II
** MARES project, ARGENTINA 2014
** Chief scientist : Dr. Gustavo Ferreyra
** Co-Chief scientist : Dr. José Luis Esteves
# nquan = 13
# nvalues = 703                                   
# units = specified
# name 0 = depSM: Depth [salt water, m]
# name 1 = prDM: Pressure, Digiquartz [db]
# name 2 = t090C: Temperature [ITS-90, deg C]
# name 3 = c0mS/cm: Conductivity [mS/cm]
# name 4 = sal00: Salinity, Practical [PSU]
# name 5 = sbeox0Mm/Kg: Oxygen, SBE 43 [umol/Kg]
# name 6 = flECO-AFL: Fluorescence, WET Labs ECO-AFL/FL [mg/m^3]
# name 7 = ph: pH
# name 8 = CStarTr0: Beam Transmission, WET Labs C-Star [%]
# name 9 = par: PAR/Irradiance, Biospherical/Licor
# name 10 = upoly0: Upoly 0, Nitrate
# name 11 = sigma-é00: Density [sigma-theta, Kg/m^3]
# name 12 = flag:  0.000e+00
# span 0 =     -0.308,     85.281                 
# span 1 =     -0.310,     86.010                 
# span 2 =    12.2702,    12.4991                 
# span 3 =   6.016962,  38.509709                 
# span 4 =     4.4206,    33.0923                 
# span 5 =    180.413,    263.320                 
# span 6 =    -0.1249,     0.3732                 
# span 7 =      8.161,      8.170                 
# span 8 =    69.1479,    90.2442                 
# span 9 = 1.0000e-12, 4.1957e-01                 
# span 10 = -0.7634735,  2.0516974                
# span 11 =     2.8936,    25.0224                
# span 12 = 0.0000e+00, 0.0000e+00                
# interval = seconds: 1
# start_time = Feb 06 2014 00:16:20 [NMEA time, header]
# bad_flag = -9.990e-29
*END*
[from data line 445]
     23.324     23.520    12.4593  38.467032    33.0895    218.147     0.2340      8.165    83.3240 1.0000e-12 -0.5647556    25.0190  0.000e+00
     22.886     23.078    12.4594  38.466903    33.0895    218.201     0.2780      8.165    83.4531 1.0000e-12 -0.4653966    25.0190  0.000e+00
     22.199     22.385    12.4593  38.466583    33.0896    217.583     0.1974      8.165    83.8405 1.0000e-12 -0.4653966    25.0190  0.000e+00
     21.217     21.395    12.4588  38.465753    33.0897    218.534     0.1974      8.165    83.5306 1.0000e-12 -0.7303538    25.0191  0.000e+00
     20.288     20.458    12.4591  38.465432    33.0895    218.729     0.2340      8.165    83.4015 1.0000e-12 -0.7303538    25.0189  0.000e+00
     19.780     19.946    12.4591  38.465239    33.0895    217.140     0.2194      8.165    83.2982 1.0000e-12 -0.7303538    25.0189  0.000e+00
     19.461     19.624    12.4591  38.465111    33.0895    216.754     0.2194      8.165    82.8851 1.0000e-12 -0.6972342    25.0189  0.000e+00
     18.792     18.950    12.4593  38.464982    33.0895    217.400     0.2340      8.165    84.0470 1.0000e-12 -0.6972342    25.0188  0.000e+00
     17.873     18.022    12.4593  38.464470    33.0894    217.973     0.2194      8.165    83.8146 1.0000e-12 -0.6972342    25.0188  0.000e+00
     17.384     17.530    12.4596  38.464404    33.0893    217.581     0.2047      8.165    83.2724 1.0000e-12 -0.6972342    25.0186  0.000e+00
     17.274     17.419    12.4592  38.464213    33.0895    216.981     0.2121      8.165    83.1433 1.0000e-12 -0.6972342    25.0188  0.000e+00
     16.858     16.999    12.4588  38.463704    33.0895    217.947     0.2121      8.165    83.4790 1.0000e-12 -0.6972342    25.0189  0.000e+00
     16.198     16.334    12.4584  38.463129    33.0896    217.398     0.1901      8.165    84.3311 1.0000e-12 -0.6641145    25.0190  0.000e+00
     15.757     15.888    12.4581  38.462556    33.0895    216.945     0.2047      8.165    84.2020 1.0000e-12 -0.6641145    25.0190  0.000e+00
     15.556     15.686    12.4572  38.461602    33.0895    217.386     0.2780      8.165    84.6926 1.0000e-12 -0.6641145    25.0192  0.000e+00
     15.314     15.442    12.4571  38.461538    33.0896    217.757     0.2194      8.165    86.0611 1.0000e-12 -0.6972342    25.0193  0.000e+00
     14.905     15.029    12.4570  38.461219    33.0896    218.122     0.1754      8.165    86.0095 1.0000e-12 -0.6641145    25.0192  0.000e+00
     14.422     14.543    12.4570  38.461090    33.0896    217.887     0.1901      8.165    84.8475 1.0000e-12 -0.6641145    25.0192  0.000e+00
     14.079     14.197    12.4571  38.460898    33.0895    217.657     0.2340      8.165    84.6926 1.0000e-12 -0.6641145    25.0192  0.000e+00
     13.891     14.007    12.4568  38.460580    33.0895    217.276     0.2414      8.165    85.4672 1.0000e-12 -0.6641145    25.0192  0.000e+00
     13.472     13.584    12.4566  38.460387    33.0897    217.642     0.2047      8.165    86.3710 1.0000e-12 -0.6641145    25.0193  0.000e+00
     12.823     12.930    12.4569  38.460131    33.0895    218.220     0.1828      8.165    85.3898 1.0000e-12 -0.6641145    25.0191  0.000e+00
     12.413     12.517    12.4571  38.460256    33.0896    217.610     0.2121      8.165    84.6926 1.0000e-12 -0.6641145    25.0191  0.000e+00
     12.389     12.492    12.4570  38.460066    33.0895    217.389     0.2560      8.165    84.7700 1.0000e-12 -0.6641145    25.0191  0.000e+00
     12.272     12.374    12.4570  38.460065    33.0896    218.360     0.2267      8.165    85.7513 1.0000e-12 -0.6641145    25.0192  0.000e+00
     11.630     11.727    12.4570  38.459745    33.0895    217.966     0.1681      8.165    86.2677 1.0000e-12 -0.6309949    25.0191  0.000e+00
     10.874     10.965    12.4574  38.459869    33.0896    217.501     0.1681      8.165    85.1832 1.0000e-12 -0.6309949    25.0191  0.000e+00
     10.587     10.675    12.4574  38.459741    33.0896    216.961     0.2121      8.165    84.7959 1.0000e-12 -0.6309949    25.0191  0.000e+00
     10.673     10.762    12.4574  38.459678    33.0895    217.716     0.1901      8.165    84.5635 1.0000e-12 -0.6309949    25.0190  0.000e+00
     10.578     10.667    12.4574  38.459678    33.0895    217.779     0.2047      8.165    84.6668 1.0000e-12 -0.6309949    25.0190  0.000e+00
     10.074     10.158    12.4570  38.458977    33.0894    217.702     0.1754      8.165    85.6480 1.0000e-12 -0.6309949    25.0190  0.000e+00
      9.425      9.504    12.4566  38.458466    33.0895    217.906     0.1754      8.165    85.3381 1.0000e-12 -0.6309949    25.0191  0.000e+00
      9.124      9.200    12.4564  38.458211    33.0896    218.054     0.1901      8.165    85.1574 1.0000e-12 -0.6309949    25.0192  0.000e+00
      9.442      9.521    12.4568  38.458721    33.0896    217.685     0.1901      8.165    84.5635 1.0000e-12 -0.6309949    25.0192  0.000e+00
      9.727      9.808    12.4571  38.459039    33.0896    217.470     0.1901      8.165    84.6409 1.0000e-12 -0.5978752    25.0191  0.000e+00
      9.627      9.707    12.4576  38.459293    33.0894    217.686     0.2047      8.165    86.0095 1.0000e-12 -0.6309949    25.0188  0.000e+00
      9.369      9.447    12.4577  38.459292    33.0894    216.927     0.1681      8.165    86.0353 1.0000e-12 -0.6309949    25.0189  0.000e+00
      9.352      9.430    12.4577  38.459355    33.0895    216.926     0.1754      8.165    85.7513 1.0000e-12 -0.6309949    25.0189  0.000e+00
      9.496      9.575    12.4581  38.459864    33.0895    216.994     0.2047      8.165    86.1128 1.0000e-12 -0.6309949    25.0189  0.000e+00
      9.555      9.635    12.4582  38.459801    33.0894    218.500     0.1974      8.165    86.4743 1.0000e-12 -0.6309949    25.0187  0.000e+00
      9.483      9.562    12.4578  38.459547    33.0895    218.344     0.1828      8.165    86.2677 1.0000e-12 -0.6309949    25.0189  0.000e+00
      9.352      9.430    12.4578  38.459419    33.0894    217.457     0.1828      8.165    86.1386 1.0000e-12 -0.6309949    25.0188  0.000e+00
      9.444      9.523    12.4576  38.459356    33.0895    217.681     0.1828      8.165    86.0353 1.0000e-12 -0.6309949    25.0190  0.000e+00
      9.750      9.831    12.4573  38.459293    33.0896    218.067     0.2047      8.165    86.0611 1.0000e-12 -0.6309949    25.0191  0.000e+00
      9.853      9.935    12.4577  38.459611    33.0895    218.068     0.2047      8.165    85.9578 1.0000e-12 -0.6309949    25.0190  0.000e+00
      9.595      9.675    12.4578  38.459610    33.0896    217.464     0.1901      8.165    86.5001 1.0000e-12 -0.6309949    25.0190  0.000e+00
      9.337      9.415    12.4575  38.459165    33.0895    217.834     0.1828      8.165    85.9320 1.0000e-12 -0.6309949    25.0190  0.000e+00
      9.361      9.439    12.4575  38.459292    33.0896    218.055     0.1974      8.165    86.2677 1.0000e-12 -0.5647556    25.0190  0.000e+00
      9.526      9.605    12.4575  38.459356    33.0896    218.215     0.1974      8.165    86.2161 1.0000e-12 -0.5647556    25.0190  0.000e+00
      9.606      9.686    12.4574  38.459166    33.0895    217.842     0.1754      8.165    86.2935 1.0000e-12 -0.6309949    25.0190  0.000e+00
      9.631      9.712    12.4569  38.458912    33.0896    218.000     0.1754      8.165    86.6550 1.0000e-12 -0.6309949    25.0191  0.000e+00
      9.688      9.768    12.4567  38.458721    33.0896    217.847     0.1974      8.165    86.6808 1.0000e-12 -0.6309949    25.0192  0.000e+00
      9.685      9.766    12.4561  38.458086    33.0895    218.381     0.1974      8.165    86.4485 1.0000e-12 -0.5316359    25.0192  0.000e+00
      9.643      9.723    12.4554  38.457324    33.0894    218.605     0.1901      8.165    86.5259 1.0000e-12 -0.3991573    25.0193  0.000e+00
      9.573      9.653    12.4541  38.456180    33.0895    218.167     0.1901      8.165    86.9391 1.0000e-12 -0.6309949    25.0196  0.000e+00
      9.499      9.578    12.4536  38.455672    33.0895    217.791     0.1901      8.165    86.3193 1.0000e-12 -0.5647556    25.0197  0.000e+00
      9.511      9.591    12.4525  38.454719    33.0896    217.420     0.2047      8.165    86.5001 1.0000e-12 -0.5647556    25.0200  0.000e+00
      9.647      9.727    12.4529  38.455164    33.0895    217.643     0.2267      8.165    86.7067 1.0000e-12 -0.6309949    25.0199  0.000e+00
      9.736      9.817    12.4460  38.449320    33.0900    217.897     0.2267      8.165    86.6292 1.0000e-12 -0.6309949    25.0216  0.000e+00
      9.658      9.739    12.4473  38.450209    33.0897    218.266     0.2047      8.165    86.4485 1.0000e-12 -0.6309949    25.0211  0.000e+00
      9.554      9.634    12.4522  38.454401    33.0895    217.488     0.2121      8.165    86.6034 1.0000e-12 -0.6309949    25.0199  0.000e+00
      9.566      9.646    12.4494  38.451924    33.0895    217.656     0.2194      8.165    86.2161 1.0000e-12 -0.6309949    25.0205  0.000e+00
      9.612      9.692    12.4533  38.455545    33.0896    218.082     0.2267      8.165    86.4485 1.0000e-12 -0.6309949    25.0198  0.000e+00
      9.662      9.743    12.4467  38.449383    33.0894    217.892     0.2267      8.165    86.5517 1.0000e-12 -0.2335590    25.0210  0.000e+00
      9.682      9.763    12.4433  38.446462    33.0896    217.909     0.2340      8.165    86.5517 1.0000e-12 -0.4653966    25.0218  0.000e+00
      9.597      9.678    12.4433  38.446334    33.0896    218.283     0.2121      8.165    86.6808 1.0000e-12 -0.6309949    25.0217  0.000e+00
      9.500      9.580    12.4449  38.447668    33.0895    217.896     0.2047      8.165    86.5517 1.0000e-12 -0.6309949    25.0213  0.000e+00
      9.510      9.589    12.4489  38.451416    33.0896    218.033     0.2267      8.165    86.3193 1.0000e-12 -0.6309949    25.0206  0.000e+00
      9.565      9.645    12.4487  38.451098    33.0894    217.128     0.2267      8.165    86.7067 1.0000e-12 -0.6309949    25.0206  0.000e+00
      9.654      9.734    12.4481  38.450527    33.0894    217.289     0.2340      8.165    86.6034 1.0000e-12 -0.6309949    25.0207  0.000e+00
      9.759      9.841    12.4423  38.445319    33.0894    218.358     0.2487      8.165    86.4485 1.0000e-12 -0.6309949    25.0218  0.000e+00
      9.806      9.888    12.4429  38.446018    33.0895    218.135     0.2487      8.165    86.2419 1.0000e-12 -0.6309949    25.0218  0.000e+00
      9.720      9.801    12.4434  38.446398    33.0895    217.533     0.2414      8.165    86.3710 1.0000e-12 -0.6309949    25.0217  0.000e+00
      9.534      9.613    12.4430  38.445890    33.0895    217.153     0.2047      8.165    86.2161 1.0000e-12 -0.6309949    25.0217  0.000e+00
      9.479      9.558    12.4412  38.444238    33.0894    217.757     0.1828      8.165    85.8546 1.0000e-12 -0.6309949    25.0220  0.000e+00
      9.558      9.638    12.4418  38.444746    33.0894    217.978     0.2194      8.165    86.5001 1.0000e-12 -0.6309949    25.0219  0.000e+00
      9.648      9.729    12.4422  38.445255    33.0894    217.381     0.2267      8.165    86.5001 1.0000e-12 -0.6309949    25.0218  0.000e+00
      9.669      9.750    12.4411  38.444366    33.0896    217.386     0.2194      8.165    86.3710 1.0000e-12 -0.6309949    25.0221  0.000e+00
      9.608      9.689    12.4481  38.450781    33.0896    217.950     0.2267      8.165    86.3710 1.0000e-12 -0.6309949    25.0209  0.000e+00
      9.630      9.710    12.4483  38.450590    33.0893    217.950     0.2194      8.165    86.0611 1.0000e-12 -0.6309949    25.0206  0.000e+00
      9.724      9.805    12.4482  38.450781    33.0895    218.109     0.2194      8.165    86.4743 1.0000e-12 -0.6309949    25.0207  0.000e+00
      9.758      9.839    12.4483  38.450845    33.0894    218.485     0.2194      8.165    86.1386 1.0000e-12 -0.6309949    25.0207  0.000e+00
      9.783      9.865    12.4476  38.450210    33.0894    217.515     0.2194      8.165    86.4743 1.0000e-12 -0.6309949    25.0208  0.000e+00
      9.691      9.772    12.4478  38.450019    33.0891    217.291     0.2194      8.165    86.4226 1.0000e-12 -0.6309949    25.0205  0.000e+00
      9.422      9.501    12.4480  38.450526    33.0895    216.972     0.2194      8.165    85.9837 1.0000e-12 -0.6309949    25.0208  0.000e+00
      9.333      9.411    12.4492  38.451605    33.0896    217.340     0.2267      8.165    85.9578 1.0000e-12 -0.6309949    25.0206  0.000e+00
      9.574      9.654    12.4500  38.452496    33.0895    217.785     0.2340      8.165    85.9837 1.0000e-12 -0.5316359    25.0204  0.000e+00
      9.735      9.817    12.4508  38.453386    33.0896    217.941     0.2047      8.165    85.2607 1.0000e-12 -0.3991573    25.0203  0.000e+00
      9.668      9.748    12.4510  38.453322    33.0895    217.562     0.2047      8.165    86.1128 1.0000e-12 -0.3991573    25.0202  0.000e+00
      9.625      9.706    12.4516  38.453957    33.0896    217.713     0.2121      8.165    86.6292 1.0000e-12 -0.5647556    25.0201  0.000e+00
      9.756      9.838    12.4499  38.452306    33.0894    218.322     0.2340      8.165    86.6034 1.0000e-12 -0.6309949    25.0203  0.000e+00
      9.706      9.787    12.4488  38.451480    33.0896    217.728     0.2267      8.165    86.6808 1.0000e-12 -0.6309949    25.0207  0.000e+00
      9.407      9.485    12.4497  38.452114    33.0896    217.872     0.1974      8.165    86.7325 1.0000e-12 -0.6309949    25.0205  0.000e+00
      9.349      9.427    12.4469  38.449319    33.0894    217.728     0.1974      8.165    86.0869 1.0000e-12 -0.6309949    25.0209  0.000e+00
      9.707      9.788    12.4457  38.448685    33.0896    217.521     0.2121      8.165    85.6738 1.0000e-12 -0.6309949    25.0213  0.000e+00
      9.940     10.023    12.4463  38.449130    33.0895    218.123     0.2047      8.165    85.2348 1.0000e-12 -0.6309949    25.0211  0.000e+00
      9.756      9.838    12.4472  38.449956    33.0895    217.737     0.2194      8.165    86.0611 1.0000e-12 -0.6309949    25.0210  0.000e+00
      9.305      9.383    12.4474  38.449890    33.0895    217.879     0.1974      8.165    85.9062 1.0000e-12 -0.6309949    25.0209  0.000e+00
      9.216      9.293    12.4485  38.450207    33.0889    217.717     0.2047      8.165    85.7513 1.0000e-12 -0.6309949    25.0202  0.000e+00
      9.617      9.697    12.4474  38.450019    33.0895    217.888     0.2194      8.165    85.7254 1.0000e-12 -0.6309949    25.0209  0.000e+00
      9.792      9.874    12.4473  38.449892    33.0894    217.738     0.2194      8.165    85.5447 1.0000e-12 -0.6309949    25.0208  0.000e+00
      9.525      9.605    12.4441  38.446906    33.0894    218.277     0.2047      8.165    86.2677 1.0000e-12 -0.6309949    25.0214  0.000e+00
      9.286      9.363    12.4424  38.445380    33.0895    217.370     0.1901      8.165    85.7771 1.0000e-12 -0.6309949    25.0219  0.000e+00
      9.549      9.629    12.4424  38.445508    33.0896    217.688     0.2121      8.165    85.7513 1.0000e-12 -0.6309949    25.0219  0.000e+00
      9.961     10.044    12.4414  38.444621    33.0895    217.991     0.2121      8.165    85.2607 1.0000e-12 -0.6309949    25.0220  0.000e+00
      9.914      9.997    12.4399  38.443287    33.0895    217.931     0.1974      8.165    85.8804 1.0000e-12 -0.6309949    25.0224  0.000e+00
      9.415      9.494    12.4398  38.442904    33.0895    218.139     0.1974      8.165    86.0611 1.0000e-12 -0.6309949    25.0223  0.000e+00
      9.102      9.179    12.4402  38.443284    33.0896    217.530     0.1974      8.165    85.3381 1.0000e-12 -0.4653966    25.0223  0.000e+00
      9.366      9.444    12.4420  38.445063    33.0896    217.153     0.2121      8.165    86.0353 1.0000e-12 -0.3660376    25.0220  0.000e+00
      9.728      9.810    12.4419  38.445065    33.0896    217.761     0.2121      8.165    85.7513 1.0000e-12 -0.6309949    25.0220  0.000e+00
