Arg_Leg3_G04_NV.cnv
* Sea-Bird SBE 9 Data File:
* FileName = S:\CTD_Data\CTD\Data\Argentina 2014\Data\Leg3\Arg_Leg3_G04.hex
* Software Version Seasave V 7.21g
* Temperature SN = 5769
* Conductivity SN = 4244
* Number of Bytes Per Scan = 31
* Number of Voltage Words = 4
* Number of Scans Averaged by the Deck Unit = 24
* NMEA Latitude = 45 30.04 S
* NMEA Longitude = 066 52.29 W
* NMEA UTC (Time) = Feb 15 2014 08:58:02
* NMEA baud rate = 9600
** R/V Coriolis II
** MARES project, ARGENTINA 2014
** Chief scientist : Dr. Gustavo Ferreyra
** Co-Chief scientist : Dr. José Luis Esteves
# nquan = 13
# nvalues = 579                                   
# units = specified
# name 0 = depSM: Depth [salt water, m]
# name 1 = prDM: Pressure, Digiquartz [db]
# name 2 = t090C: Temperature [ITS-90, deg C]
# name 3 = c0mS/cm: Conductivity [mS/cm]
# name 4 = sal00: Salinity, Practical [PSU]
# name 5 = sbeox0Mm/Kg: Oxygen, SBE 43 [umol/Kg]
# name 6 = flECO-AFL: Fluorescence, WET Labs ECO-AFL/FL [mg/m^3]
# name 7 = ph: pH
# name 8 = CStarTr0: Beam Transmission, WET Labs C-Star [%]
# name 9 = par: PAR/Irradiance, Biospherical/Licor
# name 10 = upoly0: Upoly 0, Nitrate
# name 11 = sigma-é00: Density [sigma-theta, Kg/m^3]
# name 12 = flag:  0.000e+00
# span 0 =     -0.097,     81.416                 
# span 1 =     -0.098,     82.102                 
# span 2 =     8.7861,    14.9495                 
# span 3 =   4.071783,  41.075316                 
# span 4 =     2.7359,    33.4598                 
# span 5 =    127.116,    269.036                 
# span 6 =    -0.1249,     0.9593                 
# span 7 =      7.736,      8.230                 
# span 8 =    38.7299,    97.8875                 
# span 9 = 1.0000e-12, 1.0033e+00                 
# span 10 = -0.7634735,  4.0719966                
# span 11 =     1.2471,    25.9167                
# span 12 = 0.0000e+00, 0.0000e+00                
# interval = seconds: 1
# start_time = Feb 15 2014 08:58:02 [NMEA time, header]
# bad_flag = -9.990e-29
*END*
      3.089      3.115    14.9482  41.070331    33.3638    220.768     0.5491      8.197    94.7631 1.8040e-02 -0.4985162    24.7220  0.000e+00
      2.823      2.846    14.9484  41.070460    33.3639    219.094     0.5710      8.197    94.7631 1.9172e-02 -0.4985162    24.7220  0.000e+00
      2.743      2.765    14.9476  41.069612    33.3638    221.094     0.5784      8.197    94.8147 1.9172e-02 -0.5316359    24.7222  0.000e+00
      3.034      3.059    14.9479  41.070266    33.3641    220.365     0.5491      8.197    94.7889 1.7854e-02 -0.5316359    24.7223  0.000e+00
      3.202      3.228    14.9480  41.070397    33.3639    220.585     0.5564      8.197    94.8147 1.4404e-02 -0.4985162    24.7222  0.000e+00
      3.440      3.468    14.9484  41.070985    33.3641    221.188     0.5710      8.197    94.7631 1.6015e-02 -0.5316359    24.7222  0.000e+00
      3.921      3.953    14.9485  41.071313    33.3641    220.123     0.5491      8.197    94.8147 1.3352e-02 -0.5647556    24.7223  0.000e+00
      4.696      4.734    14.9487  41.071968    33.3642    219.663     0.5271      8.197    94.7631 9.1555e-03 -0.4985162    24.7223  0.000e+00
      5.265      5.308    14.9489  41.072297    33.3641    221.198     0.5271      8.197    94.7372 7.7156e-03 -0.5316359    24.7222  0.000e+00
      5.664      5.710    14.9492  41.072625    33.3640    223.247     0.5857      8.197    94.7889 5.5469e-03 -0.5647556    24.7221  0.000e+00
      6.350      6.403    14.9483  41.072366    33.3643    222.525     0.5564      8.197    94.6339 3.0257e-03 -0.4985162    24.7225  0.000e+00
      7.144      7.203    14.9478  41.072239    33.3643    219.616     0.5344      8.197    94.7889 7.6046e-04 -0.5316359    24.7226  0.000e+00
      7.779      7.844    14.9486  41.073220    33.3643    219.964     0.5344      8.197    94.7631 6.2223e-04 -0.5647556    24.7225  0.000e+00
      8.388      8.458    14.9479  41.072831    33.3642    221.770     0.5930      8.202    94.4790 2.0988e-04 -0.4985162    24.7226  0.000e+00
      9.219      9.295    14.9477  41.073291    33.3645    220.606     0.5491      8.202    94.7631 1.0000e-12 -0.5316359    24.7229  0.000e+00
      9.905      9.987    14.9495  41.075316    33.3645    218.575     0.5198      8.202    94.7889 7.3199e-05 -0.5978752    24.7225  0.000e+00
     10.402     10.487    14.9461  41.071926    33.3641    222.168     0.5198      8.202    94.8405 1.0000e-12 -0.4985162    24.7230  0.000e+00
     10.988     11.079    14.9471  41.073625    33.3646    222.445     0.5198      8.202    94.7631 1.0000e-12 -0.5316359    24.7231  0.000e+00
     11.711     11.808    14.9451  41.071279    33.3639    219.125     0.5124      8.206    94.7889 7.3199e-05 -0.5978752    24.7230  0.000e+00
     12.264     12.366    14.9131  41.038474    33.3613    220.996     0.5124      8.206    94.8405 7.6046e-04 -0.4985162    24.7280  0.000e+00
     12.764     12.869    14.8785  41.005158    33.3605    220.763     0.5491      8.206    94.8405 1.0000e-12 -0.5316359    24.7348  0.000e+00
     13.494     13.606    14.8626  40.989321    33.3594    220.439     0.5564      8.207    94.8405 1.0000e-12 -0.6309949    24.7374  0.000e+00
     14.330     14.449    14.8410  40.967817    33.3580    220.641     0.5271      8.207    94.9438 1.0000e-12 -0.4985162    24.7411  0.000e+00
     14.824     14.947    14.8270  40.954461    33.3577    221.201     0.5491      8.207    94.9696 1.0000e-12 -0.5316359    24.7439  0.000e+00
     15.204     15.329    14.8049  40.931073    33.3552    221.018     0.6516      8.211    94.9438 1.0000e-12 -0.6309949    24.7467  0.000e+00
     15.951     16.083    14.7254  40.854172    33.3530    222.369     0.5930      8.212    94.9954 1.0000e-12 -0.4985162    24.7621  0.000e+00
     16.956     17.096    14.6613  40.792031    33.3510    221.377     0.5784      8.212    95.0987 1.0000e-12 -0.4985162    24.7743  0.000e+00
     17.609     17.755    14.6090  40.743321    33.3512    220.863     0.6589      8.212    95.0213 1.0000e-12 -0.5978752    24.7856  0.000e+00
     17.864     18.012    14.6247  40.758278    33.3512    220.059     0.7688      8.212    95.0729 1.0000e-12 -0.4985162    24.7823  0.000e+00
     18.348     18.500    14.6088  40.739878    33.3479    220.827     0.7762      8.212    95.1504 1.0000e-12 -0.4985162    24.7831  0.000e+00
     19.250     19.409    14.5685  40.703153    33.3486    220.968     0.7176      8.212    95.0213 1.0000e-12 -0.5316359    24.7923  0.000e+00
     20.023     20.189    14.5075  40.646236    33.3487    220.194     0.7249      8.213    95.0213 1.0000e-12 -0.4985162    24.8054  0.000e+00
     20.393     20.562    14.4786  40.619154    33.3486    220.911     0.8348      8.213    95.0987 1.0000e-12 -0.4985162    24.8114  0.000e+00
     20.884     21.057    14.4747  40.615649    33.3485    220.302     0.8934      8.213    95.0729 1.0000e-12 -0.4985162    24.8122  0.000e+00
     21.754     21.934    14.4421  40.583902    33.3472    220.131     0.7762      8.213    95.2537 1.0000e-12 -0.4985162    24.8181  0.000e+00
     22.610     22.798    14.4022  40.546066    33.3465    219.199     0.6809      8.208    95.4602 1.0000e-12 -0.4985162    24.8260  0.000e+00
     23.133     23.325    14.3924  40.536399    33.3459    217.733     0.6443      8.209    95.6410 1.0000e-12 -0.4985162    24.8276  0.000e+00
     23.657     23.853    14.3839  40.527771    33.3451    218.071     0.6663      8.209    95.9250 1.0000e-12 -0.4985162    24.8288  0.000e+00
     24.498     24.701    14.3735  40.517848    33.3445    217.049     0.6296      8.209    95.9508 1.0000e-12 -0.4985162    24.8306  0.000e+00
     25.317     25.527    14.3574  40.501829    33.3434    216.845     0.6003      8.209    96.1316 1.0000e-12 -0.4985162    24.8331  0.000e+00
     25.790     26.004    14.3206  40.466096    33.3421    217.503     0.6003      8.209    96.1832 1.0000e-12 -0.4985162    24.8399  0.000e+00
     26.192     26.410    14.3003  40.445675    33.3407    216.615     0.6077      8.209    96.2607 1.0000e-12 -0.4985162    24.8431  0.000e+00
     26.832     27.055    14.2716  40.417221    33.3390    215.769     0.5784      8.204    96.3640 1.0000e-12 -0.4985162    24.8478  0.000e+00
     27.619     27.848    14.2137  40.360208    33.3362    216.140     0.5271      8.205    96.4673 1.0000e-12 -0.4985162    24.8579  0.000e+00
     28.342     28.577    14.1562  40.306399    33.3359    216.158     0.4831      8.205    96.5447 1.0000e-12 -0.4985162    24.8697  0.000e+00
     28.942     29.182    14.1176  40.270026    33.3356    215.346     0.4392      8.200    96.6997 1.0000e-12 -0.4985162    24.8774  0.000e+00
     29.613     29.859    14.0774  40.232178    33.3351    215.089     0.4172      8.201    96.9063 1.0000e-12 -0.4985162    24.8855  0.000e+00
     30.448     30.701    14.0018  40.160078    33.3336    213.788     0.3732      8.196    97.0095 1.0000e-12 -0.4985162    24.9000  0.000e+00
     31.235     31.494    13.9384  40.101920    33.3343    212.924     0.3513      8.192    97.0354 1.0000e-12 -0.4985162    24.9138  0.000e+00
     31.876     32.141    13.9124  40.076019    33.3326    212.703     0.3366      8.187    97.0354 1.0000e-12 -0.4985162    24.9178  0.000e+00
     32.484     32.754    13.8483  40.015263    33.3315    211.532     0.3146      8.188    97.1903 1.0000e-12 -0.6641145    24.9302  0.000e+00
     33.036     33.311    13.7908  39.961511    33.3314    211.389     0.2853      8.183    97.3194 1.0000e-12 -0.4985162    24.9419  0.000e+00
     33.597     33.876    13.7571  39.930552    33.3316    210.842     0.2487      8.179    97.3452 1.0000e-12 -0.4985162    24.9490  0.000e+00
     34.253     34.538    13.7236  39.898829    33.3310    209.686     0.2267      8.179    97.4227 1.0000e-12 -0.5978752    24.9554  0.000e+00
     34.903     35.193    13.6814  39.859060    33.3304    208.615     0.2194      8.174    97.4743 1.0000e-12 -0.4985162    24.9636  0.000e+00
     35.570     35.866    13.6309  39.813638    33.3317    208.288     0.2121      8.175    97.5260 1.0000e-12 -0.4985162    24.9749  0.000e+00
     36.408     36.711    13.6010  39.787235    33.3328    207.728     0.1901      8.170    97.6034 1.0000e-12 -0.5978752    24.9819  0.000e+00
     37.215     37.525    13.5557  39.745387    33.3328    207.179     0.1608      8.166    97.6293 1.0000e-12 -0.4985162    24.9912  0.000e+00
     37.885     38.201    13.4910  39.686571    33.3340    206.551     0.1608      8.166    97.6551 1.0000e-12 -0.4985162    25.0052  0.000e+00
     38.623     38.945    13.4153  39.616733    33.3343    205.762     0.1388      8.157    97.7067 1.0000e-12 -0.5978752    25.0208  0.000e+00
     39.318     39.645    13.3448  39.553561    33.3364    204.065     0.1241      8.157    97.7584 1.0000e-12 -0.6972342    25.0366  0.000e+00
     39.779     40.110    13.2913  39.505390    33.3378    202.286     0.1168      8.148    97.7842 1.0000e-12 -0.7634735    25.0484  0.000e+00
     40.180     40.515    13.2557  39.472454    33.3378    200.698     0.1095      8.148    97.7842 1.0000e-12 -0.7634735    25.0556  0.000e+00
     40.791     41.131    13.0452  39.269686    33.3310    200.550     0.1022      8.144    97.8875 1.0000e-12 -0.7634735    25.0922  0.000e+00
     41.600     41.947    12.5161  38.796348    33.3473    201.137     0.0729      8.123    97.8617 1.0000e-12 -0.7634735    25.2083  0.000e+00
     42.477     42.831    12.3562  38.649904    33.3484    197.138     0.0362      8.100    97.8358 1.0000e-12 -0.7303538    25.2400  0.000e+00
     43.290     43.651    12.0282  38.348286    33.3493    191.845     0.0289      8.088    97.8100 1.0000e-12 -0.7303538    25.3029  0.000e+00
     43.873     44.239    11.6454  38.013213    33.3663    187.405     0.0289      8.070    97.6551 1.0000e-12 -0.7303538    25.3875  0.000e+00
     44.243     44.612    11.4107  37.793805    33.3626    183.786     0.0289      8.062    97.6809 1.0000e-12 -0.7303538    25.4276  0.000e+00
     44.808     45.181    11.1245  37.539415    33.3705    179.958     0.0289      8.044    97.6551 1.0000e-12 -0.7303538    25.4855  0.000e+00
     45.739     46.120    10.7046  37.162311    33.3771    176.922     0.0216      8.013    97.2678 1.0000e-12 -0.7303538    25.5650  0.000e+00
     46.619     47.008    10.3551  36.850090    33.3835    173.682     0.0143      7.981    96.7771 1.0000e-12 -0.7303538    25.6305  0.000e+00
     47.093     47.486    10.2474  36.755213    33.3865    169.786     0.0216      7.963    96.0800 1.0000e-12 -0.7303538    25.6513  0.000e+00
     47.376     47.771    10.2208  36.725396    33.3807    165.891     0.0436      7.953    95.4861 1.0000e-12 -0.7303538    25.6513  0.000e+00
     47.971     48.372    10.1426  36.656133    33.3824    162.732     0.0289      7.944    95.2537 1.0000e-12 -0.6972342    25.6659  0.000e+00
     48.886     49.294    10.0621  36.591220    33.3905    161.706    -0.0004      7.930    93.2137 1.0000e-12 -0.7303538    25.6858  0.000e+00
     49.654     50.069    10.0102  36.545958    33.3921    160.076    -0.0077      7.921    91.4320 1.0000e-12 -0.6972342    25.6957  0.000e+00
     50.144     50.563     9.9976  36.532702    33.3900    157.861    -0.0077      7.912    90.3475 1.0000e-12 -0.6972342    25.6962  0.000e+00
     50.765     51.189     9.9859  36.520692    33.3883    156.073    -0.0077      7.907    89.4438 1.0000e-12 -0.6972342    25.6969  0.000e+00
     51.558     51.989     9.9532  36.491949    33.3889    154.680    -0.0224      7.907    88.5142 1.0000e-12 -0.6972342    25.7029  0.000e+00
     52.164     52.600     9.9065  36.453327    33.3925    154.780    -0.0150      7.903    87.9203 1.0000e-12 -0.6972342    25.7135  0.000e+00
     52.612     53.052     9.8898  36.438716    33.3929    154.690    -0.0150      7.898    87.9203 1.0000e-12 -0.6972342    25.7166  0.000e+00
     53.293     53.739     9.8673  36.419695    33.3940    153.989    -0.0150      7.893    87.4039 1.0000e-12 -0.6972342    25.7212  0.000e+00
     54.143     54.596     9.8531  36.407577    33.3944    152.998    -0.0150      7.889    87.3780 1.0000e-12 -0.6641145    25.7239  0.000e+00
     54.797     55.255     9.8495  36.403974    33.3938    152.135    -0.0224      7.889    87.1456 1.0000e-12 -0.6641145    25.7240  0.000e+00
     55.247     55.710     9.8461  36.400309    33.3930    152.132    -0.0297      7.884    87.0165 1.0000e-12 -0.3991573    25.7240  0.000e+00
     55.841     56.308     9.8298  36.388317    33.3956    151.904    -0.0150      7.884    86.8100 1.0000e-12  1.3893043    25.7287  0.000e+00
     56.676     57.151     9.7793  36.347752    33.4006    151.688    -0.0150      7.884    86.7067 1.0000e-12 -0.2004393    25.7410  0.000e+00
     57.437     57.918     9.7373  36.311611    33.4023    151.882    -0.0150      7.884    86.8358 1.0000e-12 -0.6641145    25.7493  0.000e+00
     57.991     58.476     9.7211  36.297272    33.4024    151.720    -0.0224      7.880    87.0165 1.0000e-12 -0.6641145    25.7521  0.000e+00
     58.593     59.083     9.6925  36.274122    33.4050    151.327    -0.0224      7.880    87.0682 1.0000e-12 -0.6309949    25.7588  0.000e+00
     59.420     59.918     9.6540  36.242850    33.4083    151.407    -0.0150      7.880    87.0165 1.0000e-12 -0.6641145    25.7677  0.000e+00
     60.207     60.712     9.6219  36.215806    33.4100    151.468    -0.0150      7.875    87.1973 1.0000e-12 -0.6309949    25.7744  0.000e+00
     60.661     61.169     9.5831  36.182631    33.4119    151.274    -0.0150      7.871    87.3006 1.0000e-12 -0.6641145    25.7822  0.000e+00
     61.004     61.515     9.5385  36.143703    33.4133    150.217    -0.0150      7.866    87.3522 1.0000e-12 -0.6309949    25.7905  0.000e+00
     61.671     62.188     9.4478  36.064287    33.4158    149.311    -0.0297      7.857    87.3006 1.0000e-12 -0.6309949    25.8072  0.000e+00
     62.636     63.161     9.3755  36.003999    33.4207    148.007    -0.0297      7.848    86.8874 1.0000e-12 -0.6309949    25.8228  0.000e+00
     63.454     63.986     9.3443  35.974675    33.4192    146.122    -0.0297      7.833    85.4156 1.0000e-12 -0.6309949    25.8266  0.000e+00
     63.968     64.505     9.3104  35.945051    33.4200    144.343    -0.0297      7.834    82.5752 1.0000e-12 -0.6309949    25.8327  0.000e+00
     64.381     64.921     9.2894  35.926378    33.4201    142.798    -0.0370      7.829    79.3475 1.0000e-12 -0.6309949    25.8362  0.000e+00
     65.001     65.547     9.2743  35.912593    33.4197    141.963    -0.0297      7.824    78.4179 1.0000e-12 -0.3660376    25.8383  0.000e+00
     65.870     66.423     9.2444  35.885277    33.4190    141.624    -0.0297      7.824    78.0047 1.0000e-12 -0.3660376    25.8425  0.000e+00
     66.569     67.128     9.1732  35.822635    33.4204    142.025    -0.0297      7.820    78.0047 1.0000e-12 -0.6309949    25.8551  0.000e+00
     67.045     67.608     9.1162  35.772936    33.4220    142.102    -0.0297      7.815    78.4695 1.0000e-12 -0.6309949    25.8654  0.000e+00
     67.732     68.300     9.0629  35.726287    33.4233    141.156    -0.0224      7.806    78.5470 1.0000e-12 -0.6309949    25.8748  0.000e+00
     68.564     69.140     9.0155  35.684780    33.4242    140.191    -0.0297      7.797    77.6949 1.0000e-12 -0.1673197    25.8830  0.000e+00
     69.030     69.610     8.9879  35.660675    33.4248    138.534    -0.0224      7.792    76.5587 1.0000e-12  0.4950735    25.8878  0.000e+00
     69.351     69.933     8.9750  35.648717    33.4243    136.828    -0.0297      7.787    75.3709 1.0000e-12 -0.6309949    25.8894  0.000e+00
     70.114     70.703     8.9448  35.622773    33.4253    136.203    -0.0297      7.783    74.6996 1.0000e-12 -0.6309949    25.8950  0.000e+00
     71.160     71.758     8.9235  35.604785    33.4261    135.556    -0.0224      7.778    73.3310 1.0000e-12 -0.5316359    25.8989  0.000e+00
     71.811     72.415     8.9153  35.597333    33.4258    135.489    -0.0224      7.778    72.2465 1.0000e-12 -0.4322769    25.9000  0.000e+00
