Arg_L2_SF02_NV.cnv
* Sea-Bird SBE 9 Data File:
* FileName = S:\CTD_Data\CTD\Data\Argentina 2014\Data\Arg_L2_SF02.hex
* Software Version Seasave V 7.21g
* Temperature SN = 5769
* Conductivity SN = 4244
* Number of Bytes Per Scan = 31
* Number of Voltage Words = 4
* Number of Scans Averaged by the Deck Unit = 24
* NMEA Latitude = 45 57.16 S
* NMEA Longitude = 065 35.32 W
* NMEA UTC (Time) = Feb 06 2014 18:58:16
* NMEA baud rate = 9600
** R/V Coriolis II
** MARES project, ARGENTINA 2014
** Chief scientist : Dr. Gustavo Ferreyra
** Co-Chief scientist : Dr. José Luis Esteves
# nquan = 13
# nvalues = 355                                   
# units = specified
# name 0 = depSM: Depth [salt water, m]
# name 1 = prDM: Pressure, Digiquartz [db]
# name 2 = t090C: Temperature [ITS-90, deg C]
# name 3 = c0mS/cm: Conductivity [mS/cm]
# name 4 = sal00: Salinity, Practical [PSU]
# name 5 = sbeox0Mm/Kg: Oxygen, SBE 43 [umol/Kg]
# name 6 = flECO-AFL: Fluorescence, WET Labs ECO-AFL/FL [mg/m^3]
# name 7 = ph: pH
# name 8 = CStarTr0: Beam Transmission, WET Labs C-Star [%]
# name 9 = par: PAR/Irradiance, Biospherical/Licor
# name 10 = upoly0: Upoly 0, Nitrate
# name 11 = sigma-é00: Density [sigma-theta, Kg/m^3]
# name 12 = flag:  0.000e+00
# span 0 =     -0.350,     84.016                 
# span 1 =     -0.353,     84.729                 
# span 2 =     8.9840,    14.5354                 
# span 3 =   1.829960,  40.217261                 
# span 4 =     1.1943,    33.3396                 
# span 5 =    132.876,    277.519                 
# span 6 =    -0.1176,    24.7908                 
# span 7 =      7.815,      8.271                 
# span 8 =    24.5796,    96.6222                 
# span 9 = 1.0000e-12, 1.6820e+03                 
# span 10 = -0.7634735,  5.7942188                
# span 11 =     0.1561,    25.8211                
# span 12 = 0.0000e+00, 0.0000e+00                
# interval = seconds: 1
# start_time = Feb 06 2014 18:58:16 [NMEA time, header]
# bad_flag = -9.990e-29
*END*
[from data line 334]
      1.594      1.607    14.0942  40.191962    33.2946    222.637     0.3146      8.252    93.4461 1.3395e+03 -0.5978752    24.8499  0.000e+00
      1.128      1.137    14.0958  40.193189    33.2946    222.522     0.3293      8.252    93.4978 1.5503e+03 -0.6309949    24.8495  0.000e+00
      0.274      0.277    14.0952  40.187171    33.2899    222.508     0.3293      8.252    91.8452 1.6446e+03 -0.6309949    24.8460  0.000e+00
     -0.283     -0.286    14.1037  39.562822    32.7067    226.441     0.3659      8.252    83.5564 1.4947e+03 -0.6309949    24.3940  0.000e+00
     -0.347     -0.350    14.0451   8.911286     6.4409    277.519     0.6809      8.252    24.5796 1.5116e+03 -0.5647556     4.2085  0.000e+00
     -0.345     -0.348    14.0010   3.861124     2.6373    260.810     1.4135      8.252    58.5352 1.4780e+03 -0.4985162     1.2869  0.000e+00
     -0.347     -0.350    14.0166   2.639435     1.7616    249.153     0.3513      8.252    64.1385 1.4169e+03 -0.4985162     0.6086  0.000e+00
     -0.345     -0.348    14.0431   2.350989     1.5578    247.652     0.2853      8.247    64.9906 1.3395e+03 -0.4985162     0.4473  0.000e+00
     -0.347     -0.350    14.0548   2.149892     1.4172    242.672     0.0362      8.247    60.5234 1.3208e+03 -0.4985162     0.3369  0.000e+00
     -0.348     -0.351    14.0930   2.048409     1.3455    241.207    -0.1176      8.238    64.6033 1.4249e+03 -0.4985162     0.2760  0.000e+00
     -0.348     -0.351    14.1117   1.829960     1.1943    238.860    -0.1176      8.233    63.0281 1.4011e+03 -0.4985162     0.1565  0.000e+00
     -0.348     -0.351    14.1209   1.832114     1.1955    235.135    -0.1176      8.233    58.3802 1.3470e+03 -0.4985162     0.1561  0.000e+00
     -0.347     -0.350    14.1371   2.000029     1.3106    229.409    -0.1176      8.224    55.1783 1.3854e+03 -0.4985162     0.2427  0.000e+00
     -0.350     -0.353    14.1714   1.979378     1.2952    223.203    -0.1176      8.219    52.9318 1.3357e+03 -0.4985162     0.2259  0.000e+00
     -0.350     -0.353    14.2365   2.529924     1.6750    217.445    -0.1176      8.209    52.4671 1.3972e+03 -0.4985162     0.5100  0.000e+00
     -0.341     -0.344    14.3845   5.184555     3.5742    210.919    -0.1176      8.209    52.5187 1.4289e+03 -0.4985162     1.9520  0.000e+00
     -0.339     -0.341    14.5354  19.297924    14.6783    191.704    -0.1176      8.203    52.5703 1.5116e+03 -0.4985162    10.4488  0.000e+00
     -0.339     -0.341    14.4677  29.160924    23.1103    181.947     0.4025      8.171    52.4154 1.6820e+03 -0.4985162    16.9317  0.000e+00
     -0.343     -0.346    14.2457  35.099412    28.5261    195.716    24.7908      8.126    52.3896 1.6726e+03 -0.4985162    21.1414  0.000e+00
     -0.348     -0.351    14.2431  34.787782    28.2473    221.297     7.2011      8.112    52.3379 1.6308e+03 -0.4985162    20.9272  0.000e+00
     -0.347     -0.350    14.2445  34.828944    28.2833    230.729    -0.0883      8.107    52.3121 1.6400e+03 -0.4985162    20.9546  0.000e+00
