Arg_Leg3_G13_NV.cnv
* Sea-Bird SBE 9 Data File:
* FileName = S:\CTD_Data\CTD\Data\Argentina 2014\Data\Leg3\Arg_Leg3_G13.hex
* Software Version Seasave V 7.21g
* Temperature SN = 5769
* Conductivity SN = 4244
* Number of Bytes Per Scan = 31
* Number of Voltage Words = 4
* Number of Scans Averaged by the Deck Unit = 24
* NMEA Latitude = 46 15.99 S
* NMEA Longitude = 065 25.19 W
* NMEA UTC (Time) = Feb 12 2014 09:47:43
* NMEA baud rate = 9600
** R/V Coriolis II
** MARES project, ARGENTINA 2014
** Chief scientist : Dr. Gustavo Ferreyra
** Co-Chief scientist : Dr. José Luis Esteves
# nquan = 13
# nvalues = 489                                   
# units = specified
# name 0 = depSM: Depth [salt water, m]
# name 1 = prDM: Pressure, Digiquartz [db]
# name 2 = t090C: Temperature [ITS-90, deg C]
# name 3 = c0mS/cm: Conductivity [mS/cm]
# name 4 = sal00: Salinity, Practical [PSU]
# name 5 = sbeox0Mm/Kg: Oxygen, SBE 43 [umol/Kg]
# name 6 = flECO-AFL: Fluorescence, WET Labs ECO-AFL/FL [mg/m^3]
# name 7 = ph: pH
# name 8 = CStarTr0: Beam Transmission, WET Labs C-Star [%]
# name 9 = par: PAR/Irradiance, Biospherical/Licor
# name 10 = upoly0: Upoly 0, Nitrate
# name 11 = sigma-é00: Density [sigma-theta, Kg/m^3]
# name 12 = flag:  0.000e+00
# span 0 =     -0.121,     79.054                 
# span 1 =     -0.122,     79.725                 
# span 2 =    10.8639,    12.6904                 
# span 3 =   2.920743,  38.704419                 
# span 4 =     2.0329,    33.1983                 
# span 5 =    204.263,    285.419                 
# span 6 =    -0.1176,     2.7322                 
# span 7 =      7.595,      8.151                 
# span 8 =    63.0540,    93.3687                 
# span 9 = 1.0000e-12, 2.7309e+01                 
# span 10 = -0.7634735,  1.9523385                
# span 11 =     1.0070,    25.3983                
# span 12 = 0.0000e+00, 0.0000e+00                
# interval = seconds: 1
# start_time = Feb 12 2014 09:47:43 [NMEA time, header]
# bad_flag = -9.990e-29
*END*
[from data line 223]
     78.702     79.370    10.8721  37.149061    33.1971    204.696     0.2194      8.059    87.6363 1.0000e-12 -0.6309949    25.3961  0.000e+00
     78.689     79.358    10.8700  37.147620    33.1976    204.704     0.2047      8.059    87.2231 1.0000e-12 -0.4985162    25.3968  0.000e+00
     78.655     79.323    10.8710  37.148059    33.1972    204.700     0.2121      8.059    87.1973 1.0000e-12 -0.1673197    25.3963  0.000e+00
     78.668     79.336    10.8675  37.145365    33.1977    204.715     0.2194      8.059    87.1198 1.0000e-12  0.3294752    25.3973  0.000e+00
     78.795     79.465    10.8644  37.142984    33.1980    204.732     0.2267      8.059    87.0424 1.0000e-12  0.4950735    25.3982  0.000e+00
     78.935     79.605    10.8650  37.143549    33.1980    204.733     0.2194      8.059    86.8358 1.0000e-12  0.5944325    25.3980  0.000e+00
     78.946     79.617    10.8656  37.143987    33.1979    204.731     0.2121      8.059    86.9649 1.0000e-12  0.5613128    25.3978  0.000e+00
     78.824     79.494    10.8654  37.143736    33.1979    204.315     0.2047      8.059    86.8616 1.0000e-12  0.5613128    25.3979  0.000e+00
     78.716     79.385    10.8655  37.143736    33.1978    204.312     0.2194      8.059    87.0424 1.0000e-12 -0.0679607    25.3978  0.000e+00
     78.767     79.436    10.8655  37.143736    33.1978    204.565     0.2340      8.059    87.1456 1.0000e-12  0.0645179    25.3977  0.000e+00
     78.918     79.588    10.8648  37.143235    33.1978    204.572     0.2340      8.059    86.9132 1.0000e-12  0.5281932    25.3979  0.000e+00
     78.962     79.632    10.8655  37.143799    33.1977    204.570     0.2194      8.059    87.0165 1.0000e-12  0.5281932    25.3977  0.000e+00
     78.832     79.502    10.8669  37.144989    33.1978    204.974     0.1974      8.059    87.4039 1.0000e-12  0.3294752    25.3975  0.000e+00
     78.705     79.373    10.8711  37.148247    33.1972    204.953     0.2047      8.059    87.6104 1.0000e-12  0.2301162    25.3963  0.000e+00
     78.668     79.336    10.8769  37.152946    33.1967    204.675     0.2267      8.059    87.5846 1.0000e-12  0.3957145    25.3949  0.000e+00
     78.713     79.382    10.8805  37.155891    33.1963    204.661     0.2340      8.059    87.9719 1.0000e-12  1.9523385    25.3940  0.000e+00
     78.832     79.502    10.8769  37.152821    33.1964    204.680     0.2194      8.059    88.0752 1.0000e-12  1.2237060    25.3947  0.000e+00
     78.981     79.652    10.8690  37.146681    33.1975    205.132     0.2194      8.059    87.4813 1.0000e-12  0.5281932    25.3969  0.000e+00
     79.008     79.680    10.8683  37.146494    33.1979    205.135     0.2047      8.059    87.1715 1.0000e-12  0.0313983    25.3974  0.000e+00
     78.915     79.585    10.8793  37.155202    33.1966    204.833     0.2121      8.059    87.8686 1.0000e-12  0.4950735    25.3944  0.000e+00
     78.832     79.502    10.8796  37.155139    33.1963    204.830     0.2047      8.059    87.8686 1.0000e-12  0.1969966    25.3941  0.000e+00
     78.831     79.501    10.8781  37.154074    33.1966    204.423     0.2121      8.059    87.9461 1.0000e-12  0.1307573    25.3947  0.000e+00
     78.858     79.528    10.8777  37.153949    33.1969    204.425     0.2194      8.059    87.8945 1.0000e-12  0.2963556    25.3949  0.000e+00
     78.801     79.471    10.8798  37.155452    33.1964    204.666     0.2047      8.059    87.8945 1.0000e-12  0.6275521    25.3942  0.000e+00
     78.690     79.359    10.8807  37.156141    33.1964    204.660     0.2047      8.059    87.8170 1.0000e-12  0.2963556    25.3940  0.000e+00
     78.611     79.279    10.8813  37.156642    33.1964    204.655     0.2194      8.059    87.9719 1.0000e-12  1.0912274    25.3939  0.000e+00
     78.248     78.912    10.8816  37.156641    33.1963    205.058     0.2121      8.059    88.0752 1.0000e-12  1.1574667    25.3938  0.000e+00
     77.654     78.314    10.8808  37.155761    33.1964    205.046     0.2121      8.059    87.7654 1.0000e-12  0.4288342    25.3939  0.000e+00
     77.010     77.664    10.8812  37.155696    33.1963    204.776     0.2414      8.059    87.8170 1.0000e-12 -0.6309949    25.3938  0.000e+00
     76.458     77.107    10.8793  37.154065    33.1965    204.770     0.2560      8.059    87.8170 1.0000e-12 -0.0679607    25.3943  0.000e+00
     75.813     76.456    10.8742  37.149239    33.1966    205.189     0.2926      8.059    87.8428 1.0000e-12  0.2632359    25.3953  0.000e+00
     74.984     75.621    10.8686  37.144787    33.1977    205.191     0.2414      8.059    87.6621 1.0000e-12  0.3625949    25.3970  0.000e+00
     74.163     74.792    10.8687  37.144346    33.1975    204.918     0.2487      8.059    87.5071 1.0000e-12  0.3957145    25.3969  0.000e+00
     73.442     74.065    10.8697  37.144844    33.1974    204.482     0.2780      8.059    87.3264 1.0000e-12  0.2632359    25.3967  0.000e+00
     72.710     73.327    10.8803  37.153488    33.1967    204.416     0.3000      8.059    87.1198 1.0000e-12  0.4288342    25.3942  0.000e+00
     71.939     72.549    10.8860  37.157370    33.1957    204.623     0.3000      8.059    87.3780 1.0000e-12  0.8262701    25.3924  0.000e+00
     71.291     71.895    10.8866  37.157493    33.1956    205.016     0.2926      8.059    87.4813 1.0000e-12  0.8262701    25.3922  0.000e+00
     70.858     71.459    10.8861  37.156927    33.1957    205.007     0.2853      8.059    87.5330 1.0000e-12  0.2301162    25.3923  0.000e+00
     70.451     71.048    10.8846  37.155484    33.1958    205.165     0.2340      8.059    87.6104 1.0000e-12  0.0645179    25.3926  0.000e+00
     69.805     70.396    10.8865  37.156798    33.1957    205.139     0.2487      8.059    87.8945 1.0000e-12  0.1307573    25.3922  0.000e+00
     68.913     69.497    10.8855  37.155667    33.1958    205.282     0.2047      8.059    87.7654 1.0000e-12  0.5613128    25.3925  0.000e+00
     67.994     68.570    10.8882  37.157481    33.1956    205.246     0.2121      8.059    87.6879 1.0000e-12  0.5613128    25.3919  0.000e+00
     67.251     67.821    10.8931  37.160987    33.1950    204.955     0.2707      8.059    87.9203 7.6046e-04  0.8925094    25.3905  0.000e+00
     66.642     67.206    10.8936  37.161173    33.1950    205.349     0.2560      8.059    87.8170 7.3199e-05  0.7269111    25.3904  0.000e+00
     66.026     66.585    10.8971  37.164178    33.1950    205.317     0.2780      8.059    87.8945 1.0000e-12 -0.4985162    25.3898  0.000e+00
     65.431     65.985    10.9103  37.174140    33.1933    204.995     0.3000      8.064    88.4367 1.0000e-12  0.0976376    25.3861  0.000e+00
     64.823     65.372    10.9157  37.178775    33.1932    205.366     0.2707      8.059    88.7724 1.0000e-12 -0.2004393    25.3850  0.000e+00
     64.122     64.664    10.9312  37.190681    33.1913    205.691     0.2487      8.064    88.7466 1.0000e-12 -0.0348410    25.3808  0.000e+00
     63.291     63.826    10.9347  37.193060    33.1909    205.816     0.2633      8.064    88.9532 3.4694e-04  0.8593897    25.3799  0.000e+00
     62.505     63.033    10.9373  37.194624    33.1905    205.945     0.2707      8.064    89.2888 7.6046e-04 -0.5316359    25.3791  0.000e+00
     61.949     62.473    10.9284  37.187351    33.1915    205.720     0.2633      8.064    89.4954 2.0988e-04 -0.6309949    25.3814  0.000e+00
     61.446     61.966    10.9265  37.185782    33.1919    205.466     0.2340      8.064    89.5212 7.6046e-04 -0.3329179    25.3821  0.000e+00
     60.664     61.177    10.9480  37.203268    33.1901    205.351     0.2853      8.064    90.0893 1.0000e-12  0.0313983    25.3768  0.000e+00
     59.691     60.195    10.9618  37.213295    33.1881    205.677     0.2340      8.063    90.1926 6.2223e-04 -0.1010803    25.3728  0.000e+00
     58.852     59.350    10.9618  37.212853    33.1880    206.064     0.2707      8.063    90.0893 4.8439e-04  0.2963556    25.3727  0.000e+00
     58.177     58.668    10.9612  37.212600    33.1886    206.210     0.2414      8.063    90.5283 1.0381e-03  0.4288342    25.3733  0.000e+00
     57.520     58.005    10.9643  37.214604    33.1880    206.750     0.2560      8.063    90.6574 1.1775e-03  0.2632359    25.3722  0.000e+00
     57.020     57.501    10.9698  37.218866    33.1875    206.873     0.2853      8.063    90.7865 1.0381e-03 -0.6309949    25.3708  0.000e+00
     56.605     57.083    10.9732  37.221372    33.1871    206.352     0.2707      8.063    90.9673 1.0381e-03 -0.2997983    25.3700  0.000e+00
     55.877     56.348    10.9768  37.224003    33.1868    206.478     0.2340      8.063    91.0705 1.0381e-03 -0.3329179    25.3691  0.000e+00
     55.054     55.519    10.9778  37.224439    33.1867    206.861     0.2487      8.068    90.9673 3.4620e-03 -0.4322769    25.3688  0.000e+00
     54.291     54.749    10.9825  37.228073    33.1863    206.981     0.3073      8.068    90.9673 4.6433e-03 -0.1673197    25.3676  0.000e+00
     53.457     53.908    10.9920  37.235532    33.1855    206.669     0.3146      8.068    91.1738 3.7548e-03 -0.5647556    25.3653  0.000e+00
     52.520     52.963    11.0021  37.242991    33.1842    206.762     0.2853      8.068    91.3288 6.1579e-03 -0.2004393    25.3625  0.000e+00
     51.862     52.299    10.9922  37.235275    33.1858    207.195     0.3000      8.068    91.4062 4.0493e-03  0.2301162    25.3655  0.000e+00
     51.766     52.202    11.0096  37.249386    33.1841    207.277     0.2267      8.068    91.3288 5.8515e-03  0.2301162    25.3610  0.000e+00
     51.698     52.133    11.0177  37.255093    33.1824    207.402     0.2560      8.068    91.3804 3.7548e-03 -0.3991573    25.3583  0.000e+00
     51.311     51.744    11.0297  37.264501    33.1811    207.500     0.2414      8.068    91.7936 4.7929e-03 -0.0017214    25.3551  0.000e+00
     50.765     51.193    11.0261  37.261613    33.1818    207.662     0.2414      8.068    91.8710 4.3455e-03 -0.1010803    25.3563  0.000e+00
     50.192     50.614    11.0280  37.263054    33.1817    207.391     0.2707      8.068    91.7161 5.0932e-03 -0.6972342    25.3559  0.000e+00
     49.535     49.952    11.0289  37.263303    33.1814    207.531     0.3000      8.068    91.7419 8.0324e-03 -0.6641145    25.3554  0.000e+00
     48.984     49.397    11.0250  37.260039    33.1819    207.533     0.3146      8.068    91.8710 9.1555e-03  0.2632359    25.3565  0.000e+00
     48.967     49.380    11.0214  37.257216    33.1824    207.302     0.3073      8.068    91.7677 6.7757e-03  0.7269111    25.3576  0.000e+00
     49.140     49.554    11.0271  37.261984    33.1819    208.097     0.2560      8.068    91.7419 8.3511e-03  0.6937915    25.3562  0.000e+00
     49.340     49.755    11.0338  37.267442    33.1812    208.072     0.2853      8.068    91.8452 8.3511e-03 -0.0017214    25.3544  0.000e+00
     49.420     49.837    11.0344  37.267881    33.1810    207.579     0.2853      8.068    92.0776 5.6990e-03 -0.4653966    25.3542  0.000e+00
     49.473     49.889    11.0351  37.268572    33.1811    207.985     0.2633      8.068    92.1292 8.1915e-03 -0.6972342    25.3541  0.000e+00
     49.599     50.016    11.0269  37.262048    33.1820    208.024     0.2707      8.068    92.0518 7.4005e-03 -0.6641145    25.3563  0.000e+00
     49.594     50.012    11.0258  37.261358    33.1823    208.189     0.2560      8.068    92.0259 6.9313e-03 -0.4985162    25.3567  0.000e+00
     49.583     50.001    11.0282  37.263177    33.1819    207.771     0.2560      8.068    92.0001 7.7156e-03 -0.4985162    25.3560  0.000e+00
     49.518     49.935    11.0275  37.262550    33.1820    207.934     0.2633      8.068    92.0776 8.3511e-03 -0.0679607    25.3562  0.000e+00
     49.524     49.941    11.0274  37.262550    33.1821    208.181     0.2633      8.068    92.0776 8.3511e-03  0.0976376    25.3563  0.000e+00
     49.744     50.163    11.0224  37.258536    33.1825    207.555     0.2926      8.068    92.0259 6.4659e-03 -0.5316359    25.3575  0.000e+00
     49.870     50.290    11.0217  37.258035    33.1825    207.561     0.3000      8.068    92.0776 4.4942e-03 -0.6641145    25.3576  0.000e+00
     50.030     50.452    11.0184  37.255777    33.1832    207.826     0.2707      8.068    92.1551 7.8738e-03 -0.3329179    25.3587  0.000e+00
     50.276     50.700    11.0269  37.262490    33.1821    207.796     0.2707      8.068    92.0776 6.7757e-03 -0.1010803    25.3564  0.000e+00
     50.459     50.884    11.0298  37.264811    33.1817    207.788     0.2780      8.068    92.0001 7.5579e-03 -0.2004393    25.3556  0.000e+00
     50.390     50.814    11.0301  37.265188    33.1818    207.784     0.2707      8.068    92.0518 8.1915e-03 -0.6309949    25.3556  0.000e+00
     50.204     50.627    11.0304  37.265124    33.1815    207.779     0.2487      8.068    92.0259 8.1915e-03 -0.4322769    25.3553  0.000e+00
     50.156     50.579    11.0342  37.268323    33.1813    207.761     0.3146      8.068    92.0776 7.5579e-03 -0.2666786    25.3545  0.000e+00
     50.153     50.576    11.0383  37.271648    33.1810    207.743     0.3000      8.068    92.1551 6.0045e-03 -0.2997983    25.3535  0.000e+00
     50.158     50.580    11.0372  37.270770    33.1810    207.747     0.2707      8.068    92.1551 6.7757e-03 -0.4322769    25.3537  0.000e+00
     50.186     50.609    11.0392  37.272589    33.1810    208.146     0.2633      8.073    92.1551 5.5469e-03 -0.1673197    25.3533  0.000e+00
     50.249     50.673    11.0419  37.274597    33.1805    208.137     0.2780      8.073    92.1809 8.9937e-03 -0.0348410    25.3525  0.000e+00
     50.315     50.739    11.0435  37.275978    33.1805    208.292     0.2853      8.073    92.1551 6.1579e-03 -0.0679607    25.3522  0.000e+00
     50.370     50.794    11.0435  37.275852    33.1803    208.294     0.2780      8.073    92.1551 6.6206e-03 -0.6641145    25.3521  0.000e+00
     50.356     50.780    11.0417  37.274598    33.1807    208.055     0.2707      8.073    92.1809 5.3953e-03 -0.6972342    25.3526  0.000e+00
     50.228     50.652    11.0417  37.274660    33.1808    208.458     0.2633      8.073    92.1551 6.0045e-03 -0.0017214    25.3527  0.000e+00
     50.228     50.651    11.0422  37.274911    33.1806    208.456     0.2780      8.073    92.1292 6.1579e-03  0.5944325    25.3525  0.000e+00
     50.381     50.806    11.0415  37.274409    33.1807    207.810     0.3000      8.073    92.1551 6.1579e-03 -0.3660376    25.3527  0.000e+00
     50.523     50.948    11.0414  37.274410    33.1807    207.814     0.3073      8.073    92.1551 6.7757e-03 -0.6309949    25.3527  0.000e+00
     50.501     50.927    11.0394  37.272904    33.1810    208.476     0.2853      8.073    92.1551 6.0045e-03 -0.6641145    25.3533  0.000e+00
     50.316     50.740    11.0424  37.275225    33.1807    208.051     0.2633      8.073    92.1292 5.2440e-03 -0.5316359    25.3525  0.000e+00
     50.040     50.462    11.0444  37.276667    33.1804    207.788     0.3293      8.073    92.1034 4.9428e-03 -0.0017214    25.3519  0.000e+00
     49.952     50.373    11.0459  37.277796    33.1803    208.433     0.3293      8.073    92.1551 6.3117e-03 -0.5978752    25.3516  0.000e+00
     50.087     50.509    11.0416  37.274283    33.1806    208.456     0.3366      8.073    92.1292 6.0045e-03 -0.6972342    25.3526  0.000e+00
     50.090     50.512    11.0338  37.268574    33.1820    208.243     0.3146      8.068    92.1292 8.1915e-03 -0.6972342    25.3551  0.000e+00
     49.722     50.140    11.0450  37.277230    33.1806    207.777     0.2780      8.073    92.1809 8.8324e-03 -0.6972342    25.3519  0.000e+00
     49.280     49.695    11.0474  37.278860    33.1802    207.755     0.3000      8.073    92.1034 8.5111e-03 -0.6972342    25.3513  0.000e+00
     48.755     49.166    11.0489  37.279736    33.1800    208.388     0.3439      8.073    92.2067 8.6715e-03 -0.6972342    25.3508  0.000e+00
