Arg_Leg3_G8_NV.cnv
* Sea-Bird SBE 9 Data File:
* FileName = S:\CTD_Data\CTD\Data\Argentina 2014\Data\Leg3\Arg_Leg3_G8.hex
* Software Version Seasave V 7.21g
* Temperature SN = 5769
* Conductivity SN = 4244
* Number of Bytes Per Scan = 31
* Number of Voltage Words = 4
* Number of Scans Averaged by the Deck Unit = 24
* NMEA Latitude = 46 13.57 S
* NMEA Longitude = 066 11.85 W
* NMEA UTC (Time) = Feb 14 2014 05:51:45
* NMEA baud rate = 9600
** R/V Coriolis II
** MARES project, ARGENTINA 2014
** Chief scientist : Dr. Gustavo Ferreyra
** Co-Chief scientist : Dr. José Luis Esteves
# nquan = 13
# nvalues = 710                                   
# units = specified
# name 0 = depSM: Depth [salt water, m]
# name 1 = prDM: Pressure, Digiquartz [db]
# name 2 = t090C: Temperature [ITS-90, deg C]
# name 3 = c0mS/cm: Conductivity [mS/cm]
# name 4 = sal00: Salinity, Practical [PSU]
# name 5 = sbeox0Mm/Kg: Oxygen, SBE 43 [umol/Kg]
# name 6 = flECO-AFL: Fluorescence, WET Labs ECO-AFL/FL [mg/m^3]
# name 7 = ph: pH
# name 8 = CStarTr0: Beam Transmission, WET Labs C-Star [%]
# name 9 = par: PAR/Irradiance, Biospherical/Licor
# name 10 = upoly0: Upoly 0, Nitrate
# name 11 = sigma-é00: Density [sigma-theta, Kg/m^3]
# name 12 = flag:  0.000e+00
# span 0 =     -0.012,     92.928                 
# span 1 =     -0.012,     93.721                 
# span 2 =     7.7164,    15.5540                 
# span 3 =   6.285440,  41.856272                 
# span 4 =     4.2839,    34.2084                 
# span 5 =    143.748,    258.064                 
# span 6 =    -0.1249,     2.7908                 
# span 7 =      7.734,      8.218                 
# span 8 =    60.8591,    95.8734                 
# span 9 = 1.0000e-12, 8.5773e-01                 
# span 10 = -0.7634735,  5.7610991                
# span 11 =     2.3440,    26.0744                
# span 12 = 0.0000e+00, 0.0000e+00                
# interval = seconds: 1
# start_time = Feb 14 2014 05:51:45 [NMEA time, header]
# bad_flag = -9.990e-29
*END*
[from data line 112]
     52.690     53.134     8.3704  35.046358    33.3702    157.546     0.4831      7.851    93.6269 1.0000e-12  1.5549026    25.9398  0.000e+00
     53.469     53.919     8.3675  35.044953    33.3712    157.822     0.4758      7.851    93.5753 1.0000e-12  1.8529795    25.9410  0.000e+00
     54.301     54.759     8.3703  35.048262    33.3716    157.783     0.4099      7.851    93.5753 1.0000e-12  0.9256291    25.9409  0.000e+00
     55.017     55.481     8.3721  35.050163    33.3716    158.383     0.3806      7.851    93.6785 1.0000e-12 -0.2997983    25.9406  0.000e+00
     55.544     56.013     8.3717  35.050287    33.3718    158.521     0.3586      7.851    93.7302 1.0000e-12 -0.1342000    25.9409  0.000e+00
     56.095     56.568     8.3897  35.071478    33.3770    158.460     0.3879      7.851    93.6527 1.0000e-12 -0.5316359    25.9422  0.000e+00
     56.775     57.254     8.3666  35.050169    33.3760    158.856     0.3659      7.851    93.9368 1.0000e-12 -0.7303538    25.9449  0.000e+00
     57.524     58.009     8.3548  35.042702    33.3789    158.912     0.3439      7.851    94.2466 1.0000e-12 -0.5978752    25.9490  0.000e+00
     58.198     58.689     8.3478  35.039277    33.3816    159.416     0.3146      7.851    94.2466 1.0000e-12 -0.7303538    25.9522  0.000e+00
     58.813     59.309     8.3319  35.024892    33.3812    159.957     0.3000      7.846    94.3241 1.0000e-12 -0.7303538    25.9542  0.000e+00
     59.508     60.011     8.3185  35.014551    33.3827    159.723     0.2926      7.846    94.1950 1.0000e-12 -0.0017214    25.9574  0.000e+00
     60.262     60.771     8.3046  35.004271    33.3846    159.490     0.2633      7.841    93.9884 1.0000e-12  0.3957145    25.9610  0.000e+00
     60.963     61.478     8.2903  34.992647    33.3855    159.556     0.2414      7.841    93.7302 1.0000e-12 -0.2666786    25.9639  0.000e+00
     61.619     62.139     8.2514  34.961815    33.3895    158.769     0.2047      7.837    93.6011 1.0000e-12  1.3561846    25.9728  0.000e+00
     62.384     62.911     8.2154  34.936865    33.3968    158.437     0.1828      7.827    93.0588 1.0000e-12  0.2963556    25.9840  0.000e+00
     63.214     63.749     8.1852  34.914917    33.4019    157.270     0.1168      7.813    91.4579 1.0000e-12 -0.4985162    25.9924  0.000e+00
     63.778     64.317     8.1852  34.916264    33.4030    154.274     0.0655      7.808    88.1527 1.0000e-12 -0.1673197    25.9933  0.000e+00
     64.105     64.647     8.1849  34.915226    33.4021    151.705     0.0362      7.804    86.4226 1.0000e-12  2.7140906    25.9926  0.000e+00
     64.736     65.283     8.1793  34.910643    33.4022    150.061     0.0289      7.804    86.2935 1.0000e-12  2.9128085    25.9936  0.000e+00
     65.608     66.163     8.1628  34.898420    33.4045    149.702     0.0069      7.799    85.9578 1.0000e-12  1.4555436    25.9979  0.000e+00
     66.338     66.899     8.1396  34.879109    33.4057    149.838    -0.0077      7.794    84.9250 1.0000e-12 -0.3329179    26.0023  0.000e+00
     66.751     67.316     8.1314  34.872205    33.4060    149.315    -0.0150      7.794    84.2020 1.0000e-12  1.8529795    26.0037  0.000e+00
     67.453     68.024     8.1221  34.863286    33.4050    148.976    -0.0150      7.794    84.0987 1.0000e-12 -0.1342000    26.0043  0.000e+00
     68.384     68.963     8.0987  34.842578    33.4048    149.162    -0.0224      7.794    84.0470 1.0000e-12 -0.2997983    26.0076  0.000e+00
     69.198     69.784     8.0767  34.823706    33.4052    149.039    -0.0150      7.795    84.5635 1.0000e-12  0.3625949    26.0112  0.000e+00
     69.579     70.169     8.0746  34.822242    33.4055    149.489    -0.0077      7.795    85.5705 1.0000e-12  1.0912274    26.0117  0.000e+00
     69.891     70.483     8.0614  34.809540    33.4045    149.977     0.0069      7.795    86.0611 1.0000e-12  0.1969966    26.0129  0.000e+00
     70.575     71.173     8.0414  34.792568    33.4051    149.887     0.0069      7.795    86.2419 1.0000e-12 -0.0679607    26.0163  0.000e+00
     71.447     72.052     8.0349  34.787260    33.4052    149.754    -0.0077      7.790    86.3452 1.0000e-12 -0.0348410    26.0174  0.000e+00
     72.211     72.823     8.0259  34.779693    33.4054    150.105    -0.0077      7.790    86.7067 1.0000e-12  0.3625949    26.0188  0.000e+00
     72.872     73.490     8.0184  34.773408    33.4055    149.972    -0.0077      7.790    86.8874 1.0000e-12  0.3625949    26.0201  0.000e+00
     73.578     74.202     8.0046  34.761569    33.4057    149.555    -0.0077      7.790    86.8100 1.0000e-12  1.7867402    26.0222  0.000e+00
     74.244     74.873     7.9803  34.741799    33.4074    148.999    -0.0077      7.790    87.0682 1.0000e-12  1.8860991    26.0272  0.000e+00
     74.848     75.483     7.9669  34.730453    33.4079    148.884    -0.0150      7.785    87.3264 1.0000e-12  0.8593897    26.0295  0.000e+00
     75.464     76.104     7.9556  34.720938    33.4082    148.589    -0.0150      7.785    87.4555 1.0000e-12  1.3893043    26.0314  0.000e+00
     76.112     76.758     7.9477  34.714291    33.4083    148.456    -0.0150      7.781    87.5588 1.0000e-12 -0.0679607    26.0327  0.000e+00
     76.855     77.508     7.9413  34.708986    33.4084    148.146    -0.0150      7.781    87.5588 1.0000e-12 -0.6309949    26.0336  0.000e+00
     77.634     78.294     7.9247  34.694961    33.4089    148.045    -0.0150      7.781    87.6621 1.0000e-12 -0.3991573    26.0365  0.000e+00
     78.331     78.996     7.9077  34.681426    33.4104    148.250    -0.0150      7.781    87.8170 1.0000e-12  1.6873812    26.0401  0.000e+00
     78.912     79.582     7.8922  34.668563    33.4111    148.141    -0.0297      7.781    87.8686 1.0000e-12  0.5944325    26.0429  0.000e+00
     79.508     80.183     7.8739  34.653385    33.4120    148.041    -0.0150      7.776    87.5846 1.0000e-12  1.0581077    26.0463  0.000e+00
     80.193     80.874     7.8274  34.614140    33.4142    148.040    -0.0224      7.776    87.3006 1.0000e-12  1.9523385    26.0548  0.000e+00
     80.847     81.534     7.7714  34.568091    33.4181    147.583    -0.0297      7.772    86.5776 1.0000e-12  0.5613128    26.0660  0.000e+00
     81.409     82.101     7.7452  34.547146    33.4204    147.508    -0.0224      7.767    83.9954 1.0000e-12 -0.3660376    26.0715  0.000e+00
     82.186     82.884     7.7319  34.536068    33.4209    146.734    -0.0297      7.762    81.4649 1.0000e-12 -0.6309949    26.0739  0.000e+00
     83.022     83.728     7.7277  34.532601    33.4209    145.617    -0.0370      7.762    79.8639 1.0000e-12 -0.2997983    26.0744  0.000e+00
     83.340     84.048     7.7278  34.532785    33.4208    145.587    -0.0297      7.758    75.6291 1.0000e-12  0.5281932    26.0743  0.000e+00
     83.354     84.063     7.7327  34.536011    33.4195    145.051    -0.0297      7.762    75.3193 1.0000e-12  0.7931504    26.0726  0.000e+00
     83.733     84.445     7.7274  34.531630    33.4198    145.214    -0.0297      7.758    75.2676 1.0000e-12  1.0249880    26.0736  0.000e+00
     84.236     84.952     7.7262  34.530597    33.4196    145.680    -0.0224      7.758    74.0024 1.0000e-12  1.2237060    26.0736  0.000e+00
     84.541     85.260     7.7261  34.530415    33.4193    145.512    -0.0224      7.758    73.8991 1.0000e-12  1.3561846    26.0735  0.000e+00
     84.802     85.523     7.7264  34.530720    33.4192    145.342    -0.0297      7.758    73.7442 1.0000e-12 -0.2004393    26.0733  0.000e+00
     85.163     85.887     7.7255  34.529869    33.4190    145.178    -0.0297      7.758    73.7183 1.0000e-12  1.9854581    26.0733  0.000e+00
     85.587     86.316     7.7257  34.530114    33.4189    145.499    -0.0297      7.758    73.5118 1.0000e-12  2.7472103    26.0732  0.000e+00
     85.937     86.668     7.7258  34.530115    33.4186    145.331    -0.0370      7.758    73.5376 1.0000e-12  2.2172957    26.0730  0.000e+00
     86.162     86.896     7.7251  34.529568    33.4185    144.851    -0.0297      7.758    73.4601 1.0000e-12  1.4886632    26.0730  0.000e+00
     86.575     87.312     7.7252  34.529691    33.4184    145.172    -0.0297      7.758    73.4343 1.0000e-12  2.2835350    26.0729  0.000e+00
     87.178     87.920     7.7199  34.525189    33.4184    145.027    -0.0224      7.758    72.8662 1.0000e-12  1.3893043    26.0737  0.000e+00
     87.557     88.302     7.7195  34.525129    33.4185    145.035    -0.0224      7.758    72.4531 1.0000e-12 -0.6309949    26.0738  0.000e+00
     87.633     88.379     7.7198  34.525129    33.4182    144.862    -0.0224      7.753    72.4789 1.0000e-12 -0.6309949    26.0735  0.000e+00
     87.902     88.650     7.7203  34.525617    33.4181    144.866    -0.0224      7.753    72.4531 1.0000e-12  1.8860991    26.0734  0.000e+00
     88.454     89.207     7.7208  34.526289    33.4181    145.188    -0.0297      7.753    72.5564 1.0000e-12  2.1841761    26.0733  0.000e+00
     88.927     89.684     7.7220  34.527447    33.4179    144.705    -0.0150      7.753    72.3498 1.0000e-12  2.1179368    26.0730  0.000e+00
     89.141     89.901     7.7207  34.526291    33.4178    144.714    -0.0297      7.753    72.7371 1.0000e-12  2.3497744    26.0731  0.000e+00
     89.491     90.253     7.7194  34.525197    33.4178    145.039    -0.0297      7.753    72.9179 1.0000e-12  3.8401590    26.0733  0.000e+00
     90.113     90.881     7.7201  34.526233    33.4179    145.048    -0.0297      7.753    72.3240 1.0000e-12  1.9192188    26.0733  0.000e+00
     90.522     91.293     7.7204  34.526539    33.4177    144.567    -0.0297      7.753    72.1432 1.0000e-12  1.2237060    26.0731  0.000e+00
     90.523     91.295     7.7212  34.527026    33.4175    144.565    -0.0297      7.753    72.4531 1.0000e-12  3.8732786    26.0728  0.000e+00
     90.655     91.428     7.7208  34.526722    33.4175    144.882    -0.0297      7.753    72.4531 1.0000e-12  1.1574667    26.0729  0.000e+00
     91.172     91.949     7.7198  34.526054    33.4175    144.407    -0.0297      7.753    72.8404 1.0000e-12  1.3893043    26.0730  0.000e+00
     91.711     92.492     7.7185  34.525265    33.4176    144.422    -0.0297      7.753    71.7301 1.0000e-12  2.0848171    26.0733  0.000e+00
     91.914     92.697     7.7183  34.525083    33.4175    144.740    -0.0297      7.753    72.1174 1.0000e-12  3.1115265    26.0733  0.000e+00
     92.115     92.901     7.7184  34.525145    33.4174    144.744    -0.0297      7.753    72.1432 1.0000e-12  2.7140906    26.0732  0.000e+00
     92.465     93.253     7.7189  34.525633    33.4173    144.749    -0.0224      7.753    72.2207 1.0000e-12  2.7140906    26.0730  0.000e+00
     92.722     93.513     7.7190  34.525938    33.4174    144.753    -0.0224      7.753    72.1949 1.0000e-12  1.6542615    26.0730  0.000e+00
     92.462     93.250     7.7210  34.527337    33.4171    144.742    -0.0297      7.753    72.1432 1.0000e-12  0.1969966    26.0726  0.000e+00
     92.125     92.911     7.7213  34.527458    33.4171    144.735    -0.0297      7.753    71.4977 1.0000e-12 -0.5647556    26.0725  0.000e+00
     92.284     93.071     7.7202  34.526545    33.4171    144.742    -0.0224      7.753    71.3944 1.0000e-12  2.8134496    26.0727  0.000e+00
     92.556     93.345     7.7190  34.525572    33.4171    144.751    -0.0150      7.753    71.2653 1.0000e-12  1.9523385    26.0728  0.000e+00
     92.371     93.158     7.7198  34.526241    33.4171    144.745    -0.0224      7.748    71.8075 1.0000e-12  0.0645179    26.0728  0.000e+00
     92.092     92.877     7.7209  34.526971    33.4170    144.736    -0.0297      7.748    71.5493 1.0000e-12 -0.6309949    26.0725  0.000e+00
     92.263     93.049     7.7199  34.526119    33.4170    144.743    -0.0224      7.748    71.2911 1.0000e-12  5.6948598    26.0726  0.000e+00
     92.639     93.429     7.7190  34.525451    33.4169    144.753    -0.0150      7.748    71.3944 1.0000e-12  4.9662274    26.0727  0.000e+00
     92.690     93.481     7.7190  34.525633    33.4170    144.754    -0.0150      7.748    72.0399 1.0000e-12  3.2440051    26.0728  0.000e+00
     92.366     93.154     7.7195  34.525754    33.4169    144.259    -0.0297      7.748    71.7817 1.0000e-12  3.2440051    26.0726  0.000e+00
     92.076     92.861     7.7206  34.526544    33.4169    144.250    -0.0297      7.748    71.3427 1.0000e-12  1.5549026    26.0724  0.000e+00
     92.228     93.015     7.7192  34.525449    33.4169    144.571    -0.0224      7.748    71.1103 1.0000e-12  0.6937915    26.0726  0.000e+00
     92.538     93.327     7.7184  34.524781    33.4168    144.580    -0.0150      7.748    71.1103 1.0000e-12  0.1307573    26.0727  0.000e+00
     92.457     93.245     7.7186  34.524963    33.4169    144.577    -0.0297      7.748    71.7559 1.0000e-12  0.1969966    26.0727  0.000e+00
     92.203     92.989     7.7198  34.525875    33.4168    144.569    -0.0224      7.748    71.6010 1.0000e-12  2.1841761    26.0725  0.000e+00
     92.250     93.036     7.7196  34.525693    33.4168    144.570    -0.0224      7.748    71.4202 1.0000e-12  3.8070393    26.0725  0.000e+00
     92.568     93.357     7.7185  34.524842    33.4168    144.580    -0.0150      7.748    71.7817 1.0000e-12  3.9395179    26.0727  0.000e+00
     92.652     93.442     7.7182  34.524659    33.4168    144.583    -0.0150      7.748    72.1432 1.0000e-12  2.8134496    26.0727  0.000e+00
     92.420     93.208     7.7190  34.525206    33.4167    144.576    -0.0224      7.748    71.9108 1.0000e-12 -0.6309949    26.0725  0.000e+00
     92.265     93.052     7.7202  34.526119    33.4166    144.081    -0.0297      7.748    71.5493 1.0000e-12  0.5613128    26.0723  0.000e+00
     92.316     93.103     7.7195  34.525571    33.4167    144.572    -0.0224      7.748    71.7817 1.0000e-12  0.2301162    26.0725  0.000e+00
     92.377     93.165     7.7193  34.525328    33.4166    144.888    -0.0224      7.748    72.1690 1.0000e-12 -0.4653966    26.0724  0.000e+00
     92.338     93.125     7.7198  34.525754    33.4166    144.572    -0.0370      7.748    72.4531 1.0000e-12  0.4950735    26.0724  0.000e+00
     92.467     93.255     7.7188  34.524902    33.4166    144.578    -0.0297      7.748    72.4273 1.0000e-12 -0.0348410    26.0725  0.000e+00
     92.673     93.463     7.7190  34.525207    33.4166    144.581    -0.0297      7.743    72.2465 1.0000e-12  1.1243470    26.0724  0.000e+00
     92.541     93.330     7.7179  34.524233    33.4167    144.582    -0.0297      7.743    72.2207 1.0000e-12  2.7140906    26.0727  0.000e+00
     92.310     93.097     7.7196  34.525632    33.4167    144.572    -0.0297      7.743    71.8075 1.0000e-12  3.4758427    26.0724  0.000e+00
     92.423     93.211     7.7186  34.524598    33.4165    144.578    -0.0297      7.743    71.6268 1.0000e-12  3.4758427    26.0724  0.000e+00
     92.667     93.457     7.7173  34.523685    33.4166    144.099    -0.0297      7.743    71.7559 1.0000e-12  2.2504154    26.0727  0.000e+00
     92.534     93.322     7.7175  34.523807    33.4167    144.096    -0.0224      7.743    71.4718 1.0000e-12  1.6542615    26.0727  0.000e+00
     92.218     93.004     7.7181  34.524110    33.4165    144.402    -0.0297      7.743    71.0071 1.0000e-12  1.7536205    26.0725  0.000e+00
     92.309     93.096     7.7175  34.523684    33.4166    144.406    -0.0224      7.743    70.9038 1.0000e-12  2.9790479    26.0726  0.000e+00
     92.683     93.473     7.7166  34.523138    33.4167    144.416    -0.0077      7.743    70.6197 1.0000e-12  2.2835350    26.0728  0.000e+00
     92.725     93.516     7.7167  34.523260    33.4167    144.416    -0.0004      7.743    70.9554 1.0000e-12  2.6809709    26.0728  0.000e+00
     92.423     93.211     7.7174  34.523563    33.4165    144.409    -0.0150      7.743    70.9038 1.0000e-12  3.6414410    26.0726  0.000e+00
