Arg_Leg3_SF15_NV.cnv
* Sea-Bird SBE 9 Data File:
* FileName = S:\CTD_Data\CTD\Data\Argentina 2014\Data\Leg3\Arg_Leg3_SF15.hex
* Software Version Seasave V 7.21g
* Temperature SN = 5769
* Conductivity SN = 4244
* Number of Bytes Per Scan = 31
* Number of Voltage Words = 4
* Number of Scans Averaged by the Deck Unit = 24
* NMEA Latitude = 45 56.72 S
* NMEA Longitude = 065 32.76 W
* NMEA UTC (Time) = Feb 14 2014 23:47:47
* NMEA baud rate = 9600
** R/V Coriolis II
** MARES project, ARGENTINA 2014
** Chief scientist : Dr. Gustavo Ferreyra
** Co-Chief scientist : Dr. José Luis Esteves
# nquan = 13
# nvalues = 546                                   
# units = specified
# name 0 = depSM: Depth [salt water, m]
# name 1 = prDM: Pressure, Digiquartz [db]
# name 2 = t090C: Temperature [ITS-90, deg C]
# name 3 = c0mS/cm: Conductivity [mS/cm]
# name 4 = sal00: Salinity, Practical [PSU]
# name 5 = sbeox0Mm/Kg: Oxygen, SBE 43 [umol/Kg]
# name 6 = flECO-AFL: Fluorescence, WET Labs ECO-AFL/FL [mg/m^3]
# name 7 = ph: pH
# name 8 = CStarTr0: Beam Transmission, WET Labs C-Star [%]
# name 9 = par: PAR/Irradiance, Biospherical/Licor
# name 10 = upoly0: Upoly 0, Nitrate
# name 11 = sigma-é00: Density [sigma-theta, Kg/m^3]
# name 12 = flag:  0.000e+00
# span 0 =     -0.001,     80.546                 
# span 1 =     -0.001,     81.228                 
# span 2 =     9.1508,    14.0694                 
# span 3 =   2.044758,  39.963307                 
# span 4 =     1.3614,    33.7962                 
# span 5 =    127.184,    293.682                 
# span 6 =    -0.1323,     2.6882                 
# span 7 =      7.426,      8.196                 
# span 8 =    58.1995,    97.5518                 
# span 9 = 1.0000e-12, 8.0098e-01                 
# span 10 = -0.7634735,  5.3305436                
# span 11 =     0.3627,    25.7832                
# span 12 = 0.0000e+00, 0.0000e+00                
# interval = seconds: 1
# start_time = Feb 14 2014 23:47:47 [NMEA time, header]
# bad_flag = -9.990e-29
*END*
[from data line 445]
     14.575     14.696    13.1129  39.124121    33.1448    230.276     1.3989      8.167    94.9696 6.0045e-03 -0.6309949    24.9340  0.000e+00
     14.571     14.692    13.1226  39.131221    33.1430    230.079     1.3256      8.167    94.7372 7.0872e-03 -0.4985162    24.9307  0.000e+00
     14.669     14.791    13.1282  39.139667    33.1461    232.544     1.3403      8.167    94.5565 7.0872e-03 -0.7303538    24.9320  0.000e+00
     14.813     14.936    13.1336  39.140370    33.1419    233.833     1.5454      8.167    94.6598 7.0872e-03 -0.6641145    24.9276  0.000e+00
     14.882     15.006    13.1431  39.150799    33.1435    232.824     1.6992      8.172    94.6081 5.5469e-03 -0.6309949    24.9269  0.000e+00
     14.839     14.962    13.1538  39.161549    33.1443    233.957     1.5820      8.172    94.3757 6.1579e-03 -0.7303538    24.9254  0.000e+00
     14.773     14.895    13.1503  39.157453    33.1435    234.279     1.4648      8.172    94.1433 5.6990e-03 -0.7303538    24.9255  0.000e+00
     14.775     14.898    13.1555  39.163724    33.1449    235.381     1.6699      8.172    94.1433 7.5579e-03 -0.7303538    24.9255  0.000e+00
     14.816     14.939    13.1645  39.170700    33.1436    234.554     1.8604      8.172    93.9626 6.7757e-03 -0.6972342    24.9228  0.000e+00
     14.667     14.789    13.1657  39.171339    33.1432    234.007     1.5967      8.172    93.9884 5.8515e-03 -0.5978752    24.9223  0.000e+00
     14.163     14.281    13.1836  39.190986    33.1463    234.837     1.3696      8.176    94.0659 8.3511e-03 -0.5316359    24.9211  0.000e+00
     13.582     13.695    13.2501  39.253156    33.1471    234.072     1.3769      8.176    93.7302 8.6715e-03 -0.4985162    24.9084  0.000e+00
     13.092     13.200    13.3493  39.340044    33.1426    236.049     1.6919      8.180    92.9814 9.9713e-03 -0.6972342    24.8851  0.000e+00
     12.662     12.767    13.4554  39.429446    33.1343    239.469     1.9556      8.185    92.3875 1.1807e-02 -0.6972342    24.8573  0.000e+00
     12.216     12.317    13.5381  39.496647    33.1256    243.118     1.8677      8.184    92.1809 1.1301e-02 -0.5978752    24.8338  0.000e+00
     11.756     11.854    13.6458  39.586514    33.1164    242.796     1.8384      8.188    91.8968 1.3700e-02 -0.5316359    24.8048  0.000e+00
     11.304     11.398    13.6827  39.617301    33.1134    242.887     2.0069      8.188    91.4837 1.5653e-02 -0.5978752    24.7950  0.000e+00
     10.776     10.866    13.7310  39.660317    33.1119    242.266     2.4465      8.188    90.8898 1.8415e-02 -0.6972342    24.7839  0.000e+00
     10.091     10.175    13.7989  39.720725    33.1097    241.647     2.6882      8.188    90.8123 2.0516e-02 -0.4985162    24.7683  0.000e+00
      9.355      9.433    13.8319  39.746339    33.1053    242.622     2.4318      8.192    91.1480 2.5332e-02 -0.5978752    24.7581  0.000e+00
      8.710      8.782    13.8556  39.768869    33.1060    242.883     2.4685      8.192    91.3804 3.0041e-02 -0.6309949    24.7538  0.000e+00
      8.198      8.266    13.8824  39.796816    33.1090    242.777     2.4685      8.192    91.1222 3.4117e-02 -0.4985162    24.7506  0.000e+00
      7.798      7.862    13.9500  39.857825    33.1075    243.028     2.2707      8.192    90.7349 3.9387e-02 -0.6309949    24.7354  0.000e+00
      7.450      7.511    13.9790  39.880962    33.1041    241.580     2.2340      8.192    90.6316 4.4469e-02 -0.4985162    24.7268  0.000e+00
      7.027      7.085    14.0073  39.910681    33.1073    243.767     2.2926      8.192    90.1151 4.9844e-02 -0.4985162    24.7235  0.000e+00
      6.525      6.579    14.0639  39.958663    33.1032    242.128     1.9703      8.191    89.3921 5.7300e-02 -0.5647556    24.7085  0.000e+00
      6.085      6.136    14.0694  39.963307    33.1030    241.698     1.8458      8.191    89.5729 5.9706e-02 -0.4985162    24.7072  0.000e+00
      5.755      5.803    14.0629  39.957951    33.1037    242.013     1.8677      8.191    89.5471 6.9890e-02 -0.4985162    24.7091  0.000e+00
      5.436      5.481    14.0652  39.960143    33.1039    239.459     1.8677      8.191    89.5729 7.0893e-02 -0.5978752    24.7088  0.000e+00
      5.095      5.137    14.0653  39.960916    33.1047    242.279     1.7798      8.191    89.2114 7.8866e-02 -0.5647556    24.7093  0.000e+00
      4.740      4.779    14.0674  39.962527    33.1045    241.160     1.7212      8.191    89.4954 7.9945e-02 -0.6972342    24.7087  0.000e+00
      4.353      4.389    14.0646  39.960526    33.1052    240.471     1.7725      8.191    89.7020 8.8909e-02 -0.6309949    24.7098  0.000e+00
      4.063      4.097    14.0590  39.955364    33.1054    241.330     1.9117      8.191    89.7795 1.0142e-01 -0.6309949    24.7112  0.000e+00
      3.886      3.918    14.0565  39.953364    33.1058    240.244     2.4392      8.191    89.4696 9.5635e-02 -0.5647556    24.7120  0.000e+00
      3.774      3.806    14.0556  39.952718    33.1060    241.139     1.8018      8.191    89.4954 9.9328e-02 -0.6972342    24.7124  0.000e+00
      3.714      3.744    14.0585  39.955492    33.1060    242.214     1.8018      8.191    89.3663 9.4827e-02 -0.5316359    24.7117  0.000e+00
      3.776      3.807    14.0595  39.956395    33.1060    242.859     1.7285      8.191    89.4438 9.2430e-02 -0.4653966    24.7115  0.000e+00
      3.773      3.804    14.0595  39.956008    33.1057    242.116     1.7872      8.191    89.2372 8.7373e-02 -0.5978752    24.7113  0.000e+00
      3.549      3.578    14.0588  39.956072    33.1064    239.777     1.7578      8.191    89.5987 8.8909e-02 -0.5316359    24.7120  0.000e+00
      3.191      3.217    14.0571  39.953684    33.1058    243.106     1.7578      8.191    89.4696 9.9744e-02 -0.5978752    24.7119  0.000e+00
      2.801      2.824    14.0498  39.948135    33.1071    242.378     1.7505      8.191    89.5212 1.0876e-01 -0.5647556    24.7144  0.000e+00
      2.549      2.570    14.0494  39.947037    33.1066    240.939     1.8531      8.191    89.4954 1.2308e-01 -0.5316359    24.7140  0.000e+00
      2.439      2.459    14.0492  39.947295    33.1070    242.274     2.0948      8.191    89.2888 1.2747e-01 -0.5316359    24.7144  0.000e+00
      2.415      2.435    14.0488  39.946843    33.1069    243.469     2.1974      8.191    89.4954 1.2649e-01 -0.5647556    24.7144  0.000e+00
      2.394      2.414    14.0475  39.946005    33.1073    240.144     1.9630      8.191    89.4954 1.2308e-01 -0.5316359    24.7150  0.000e+00
      2.415      2.435    14.0459  39.944457    33.1072    242.493     2.1168      8.191    89.3405 1.2698e-01 -0.4653966    24.7152  0.000e+00
      2.466      2.486    14.0441  39.942328    33.1068    243.243     2.2194      8.191    89.1081 1.2211e-01 -0.5316359    24.7153  0.000e+00
      2.464      2.485    14.0388  39.937684    33.1071    242.182     2.1608      8.191    88.9532 1.5980e-01 -0.5316359    24.7166  0.000e+00
      2.387      2.407    14.0363  39.936136    33.1078    241.393     1.8531      8.191    89.3405 1.5690e-01 -0.4653966    24.7177  0.000e+00
      2.362      2.381    14.0322  39.932524    33.1080    241.364     2.0362      8.191    89.3405 1.6634e-01 -0.6309949    24.7187  0.000e+00
      2.348      2.367    14.0351  39.934911    33.1078    244.232     1.9776      8.191    89.5212 1.4350e-01 -0.5647556    24.7179  0.000e+00
      2.346      2.366    14.0325  39.932847    33.1081    243.349     1.9337      8.191    88.6433 1.5805e-01 -0.5647556    24.7187  0.000e+00
      2.358      2.377    14.0326  39.933363    33.1085    239.721     1.9556      8.191    89.3147 1.6157e-01 -0.6309949    24.7190  0.000e+00
      2.370      2.390    14.0328  39.933040    33.1080    242.904     2.1388      8.191    89.4180 1.6394e-01 -0.5978752    24.7185  0.000e+00
      2.390      2.410    14.0318  39.932008    33.1078    242.207     2.3806      8.191    89.4696 1.5805e-01 -0.5316359    24.7186  0.000e+00
      2.454      2.474    14.0348  39.934588    33.1077    243.048     2.4245      8.191    89.2372 1.4897e-01 -0.6641145    24.7179  0.000e+00
      2.514      2.535    14.0352  39.934847    33.1075    241.799     2.3513      8.191    89.4696 1.6216e-01 -0.5978752    24.7177  0.000e+00
      2.465      2.486    14.0403  39.939813    33.1077    241.778     2.1754      8.191    89.5471 1.8005e-01 -0.5978752    24.7168  0.000e+00
      2.256      2.274    14.0420  39.940715    33.1072    243.150     1.8751      8.191    89.4696 1.5517e-01 -0.5647556    24.7160  0.000e+00
      2.277      2.296    14.0424  39.941618    33.1077    240.615     1.8677      8.196    89.6245 1.5922e-01 -0.5647556    24.7164  0.000e+00
      2.437      2.458    14.0505  39.949682    33.1081    243.016     2.0289      8.196    89.5471 1.5517e-01 -0.4985162    24.7150  0.000e+00
      2.483      2.503    14.0596  39.957745    33.1077    241.875     1.9850      8.196    89.3921 1.4621e-01 -0.5316359    24.7128  0.000e+00
      2.366      2.385    14.0498  39.948520    33.1077    242.274     2.0655      8.196    89.2372 1.2211e-01 -0.5647556    24.7148  0.000e+00
      2.393      2.412    14.0530  39.952584    33.1086    242.749     2.0802      8.196    89.2630 1.2747e-01 -0.4653966    24.7149  0.000e+00
      2.439      2.459    14.0595  39.958068    33.1081    241.382     2.1022      8.196    89.1339 1.4567e-01 -0.4985162    24.7131  0.000e+00
      2.289      2.308    14.0529  39.950390    33.1067    242.504     2.1901      8.196    89.0823 1.6098e-01 -0.5647556    24.7134  0.000e+00
      1.849      1.865    14.0382  39.937875    33.1080    243.107     2.0802      8.196    89.3663 1.5980e-01 -0.5316359    24.7174  0.000e+00
      1.425      1.437    14.0412  39.939486    33.1071    242.685     1.8458      8.196    89.4180 2.7996e-01 -0.4985162    24.7161  0.000e+00
      1.001      1.010    14.0367  39.935808    33.1077    243.191     2.0729      8.196    89.3663 3.4031e-01 -0.4985162    24.7175  0.000e+00
      0.594      0.599    14.0382  39.937742    33.1084    242.126     1.7432      8.196    89.4438 4.1304e-01 -0.5647556    24.7176  0.000e+00
      0.162      0.163    14.0441  39.942319    33.1077    243.081     1.8384      8.196    88.3334 4.3292e-01 -0.5316359    24.7160  0.000e+00
      0.011      0.011    13.9899  21.021732    16.3421    293.682     1.9923      8.192    83.1691 4.5933e-01 -0.6309949    11.8210  0.000e+00
      0.014      0.014    13.7879   5.783519     4.0789    289.318     1.0545      8.192    87.1456 4.7676e-01 -0.4985162     2.4293  0.000e+00
      0.014      0.014    13.7448   3.892155     2.6774    269.042     0.0802      8.188    86.5001 4.6943e-01 -0.4653966     1.3546  0.000e+00
      0.014      0.014    13.7359   2.949308     1.9954    270.892    -0.1249      8.188    82.3944 4.6076e-01 -0.4653966     0.8291  0.000e+00
      0.013      0.013    13.7544   2.863904     1.9334    261.405    -0.1249      8.179    82.6268 5.0092e-01 -0.4653966     0.7785  0.000e+00
      0.013      0.013    13.7086   2.760713     1.8619    256.446    -0.1249      8.151    81.8522 5.2298e-01 -0.4653966     0.7297  0.000e+00
      0.009      0.009    13.6794   3.392299     2.3177    248.594    -0.1249      8.119    79.5282 5.0558e-01 -0.4653966     1.0861  0.000e+00
      0.013      0.013    13.6631   2.386816     1.5984    243.328    -0.1249      8.091    76.9977 4.8720e-01 -0.4653966     0.5322  0.000e+00
      0.005      0.005    13.6274   2.601314     1.7521    239.355    -0.1249      8.077    71.7559 4.8569e-01 -0.4985162     0.6561  0.000e+00
     -0.001     -0.001    13.5617   2.044758     1.3614    241.241    -0.1249      8.049    69.8193 3.9648e-01 -0.4653966     0.3627  0.000e+00
      0.008      0.008    13.5047   3.294372     2.2570    247.203    -0.1249      7.975    69.7676 6.1854e-01 -0.4653966     1.0635  0.000e+00
      0.011      0.011    13.4759   3.362738     2.3084    255.398    -0.1249      7.854    67.3145 8.0098e-01 -0.5316359     1.1072  0.000e+00
      0.011      0.011    13.4611   3.621476     2.4983    267.354    -0.1323      7.738    62.2018 6.5712e-01 -0.5647556     1.2560  0.000e+00
      0.012      0.012    13.4703   3.327638     2.2832    277.179    -0.1249      7.668    61.3239 5.7327e-01 -0.5978752     1.0885  0.000e+00
      0.012      0.012    13.4591   2.878892     1.9589    272.756    -0.1249      7.635    61.2206 6.0738e-01 -0.4653966     0.8392  0.000e+00
      0.018      0.018    13.4382  13.941556    10.6064    245.213    -0.1249      7.621    61.2206 6.2798e-01 -0.4653966     7.5048  0.000e+00
      0.013      0.014    13.4502  39.537849    33.2456    206.009    -0.1249      7.593    61.3755 6.3563e-01 -0.5316359    24.9440  0.000e+00
      0.012      0.012    13.3899  37.544891    31.4344    213.054    -0.1249      7.547    61.4530 6.2419e-01 -0.5647556    23.5558  0.000e+00
      0.009      0.009    13.3383  25.903359    20.8905    229.204    -0.1249      7.524    61.5563 6.2230e-01 -0.4653966    15.4327  0.000e+00
      0.011      0.011    13.3025  22.758159    18.1445    225.295    -0.1176      7.510    61.3239 6.3371e-01 -0.4653966    13.3250  0.000e+00
      0.011      0.011    13.2660  31.935886    26.3577    204.903    -0.1249      7.496    60.1361 6.3563e-01 -0.4653966    19.6595  0.000e+00
      0.012      0.012    13.2463  37.851228    31.8397    192.161    -0.1249      7.487    59.5422 6.4143e-01 -0.4653966    23.8975  0.000e+00
      0.013      0.014    13.2295  39.619181    33.5157    186.329    -0.1176      7.482    59.4906 6.3949e-01 -0.4653966    25.1974  0.000e+00
      0.015      0.015    13.2216  39.882127    33.7710    182.946    -0.1249      7.473    58.4319 6.3563e-01 -0.4653966    25.3966  0.000e+00
      0.013      0.014    13.2079  39.888190    33.7889    180.043    -0.1249      7.468    58.1995 6.3756e-01 -0.4653966    25.4131  0.000e+00
      0.013      0.014    13.1962  39.884903    33.7962    177.299    -0.1176      7.464    58.2769 6.3563e-01 -0.4653966    25.4212  0.000e+00
      0.013      0.014    13.1845  39.870335    33.7929    174.719    -0.1249      7.454    58.3028 6.3756e-01 -0.4653966    25.4209  0.000e+00
      0.011      0.011    13.1673  39.323413    33.2913    172.909    -0.1249      7.450    58.3544 6.3563e-01 -0.4653966    25.0361  0.000e+00
      0.009      0.009    13.1447  31.943518    26.4488    178.643    -0.1249      7.440    58.4060 6.3180e-01 -0.4653966    19.7524  0.000e+00
      0.009      0.009    13.1316  31.926686    26.4425    176.414    -0.1249      7.426    58.4577 6.3180e-01 -0.4653966    19.7500  0.000e+00
