Arg_Leg3_SF15_NV.cnv
* Sea-Bird SBE 9 Data File:
* FileName = S:\CTD_Data\CTD\Data\Argentina 2014\Data\Leg3\Arg_Leg3_SF15.hex
* Software Version Seasave V 7.21g
* Temperature SN = 5769
* Conductivity SN = 4244
* Number of Bytes Per Scan = 31
* Number of Voltage Words = 4
* Number of Scans Averaged by the Deck Unit = 24
* NMEA Latitude = 45 56.72 S
* NMEA Longitude = 065 32.76 W
* NMEA UTC (Time) = Feb 14 2014 23:47:47
* NMEA baud rate = 9600
** R/V Coriolis II
** MARES project, ARGENTINA 2014
** Chief scientist : Dr. Gustavo Ferreyra
** Co-Chief scientist : Dr. José Luis Esteves
# nquan = 13
# nvalues = 546                                   
# units = specified
# name 0 = depSM: Depth [salt water, m]
# name 1 = prDM: Pressure, Digiquartz [db]
# name 2 = t090C: Temperature [ITS-90, deg C]
# name 3 = c0mS/cm: Conductivity [mS/cm]
# name 4 = sal00: Salinity, Practical [PSU]
# name 5 = sbeox0Mm/Kg: Oxygen, SBE 43 [umol/Kg]
# name 6 = flECO-AFL: Fluorescence, WET Labs ECO-AFL/FL [mg/m^3]
# name 7 = ph: pH
# name 8 = CStarTr0: Beam Transmission, WET Labs C-Star [%]
# name 9 = par: PAR/Irradiance, Biospherical/Licor
# name 10 = upoly0: Upoly 0, Nitrate
# name 11 = sigma-é00: Density [sigma-theta, Kg/m^3]
# name 12 = flag:  0.000e+00
# span 0 =     -0.001,     80.546                 
# span 1 =     -0.001,     81.228                 
# span 2 =     9.1508,    14.0694                 
# span 3 =   2.044758,  39.963307                 
# span 4 =     1.3614,    33.7962                 
# span 5 =    127.184,    293.682                 
# span 6 =    -0.1323,     2.6882                 
# span 7 =      7.426,      8.196                 
# span 8 =    58.1995,    97.5518                 
# span 9 = 1.0000e-12, 8.0098e-01                 
# span 10 = -0.7634735,  5.3305436                
# span 11 =     0.3627,    25.7832                
# span 12 = 0.0000e+00, 0.0000e+00                
# interval = seconds: 1
# start_time = Feb 14 2014 23:47:47 [NMEA time, header]
# bad_flag = -9.990e-29
*END*
      1.283      1.294    14.0217  39.920525    33.1064    240.920     1.7945      8.164    89.3147 7.0214e-01 -0.4653966    24.7196  0.000e+00
      1.287      1.298    14.0257  39.926264    33.1082    245.773     1.8238      8.164    89.5212 6.9166e-01 -0.5978752    24.7202  0.000e+00
      1.254      1.264    14.0265  39.927038    33.1083    242.634     2.0289      8.164    89.4438 6.9793e-01 -0.5647556    24.7201  0.000e+00
      1.437      1.449    14.0278  39.928006    33.1080    243.341     2.0289      8.164    89.5729 7.3008e-01 -0.5316359    24.7196  0.000e+00
      1.823      1.838    14.0256  39.926202    33.1081    243.406     1.7652      8.164    89.3921 6.0554e-01 -0.4653966    24.7201  0.000e+00
      2.459      2.480    14.0189  39.921433    33.1092    240.777     1.6113      8.164    89.3663 5.1342e-01 -0.5978752    24.7224  0.000e+00
      3.160      3.186    14.0478  39.946717    33.1074    242.695     1.5674      8.168    89.2372 3.9027e-01 -0.4653966    24.7150  0.000e+00
      3.836      3.868    14.0502  39.949429    33.1076    243.796     1.5600      8.168    89.0048 3.1699e-01 -0.5647556    24.7147  0.000e+00
      4.552      4.589    14.0484  39.948464    33.1079    241.143     1.5674      8.168    89.2630 2.6728e-01 -0.5978752    24.7153  0.000e+00
      5.290      5.334    14.0522  39.952208    33.1078    243.537     1.5454      8.168    89.2630 2.2204e-01 -0.4653966    24.7144  0.000e+00
      5.945      5.995    14.0510  39.951308    33.1078    242.314     1.5600      8.168    89.3405 2.0510e-01 -0.4653966    24.7147  0.000e+00
      6.520      6.575    14.0502  39.950407    33.1074    241.447     1.6113      8.173    88.9273 1.8199e-01 -0.6641145    24.7146  0.000e+00
      7.097      7.156    14.0337  39.935832    33.1079    241.888     1.6333      8.173    89.4954 1.5460e-01 -0.5647556    24.7184  0.000e+00
      7.724      7.788    13.9827  39.889021    33.1083    241.411     1.6187      8.178    89.4954 1.3975e-01 -0.4985162    24.7293  0.000e+00
      8.468      8.539    13.8994  39.814530    33.1107    244.897     1.6406      8.178    89.4180 1.1973e-01 -0.6641145    24.7484  0.000e+00
      9.297      9.374    13.8121  39.737135    33.1138    245.564     1.7212      8.178    89.1856 1.0269e-01 -0.4653966    24.7688  0.000e+00
     10.083     10.166    13.7368  39.672407    33.1184    242.071     1.7945      8.179    89.1081 8.9684e-02 -0.4653966    24.7877  0.000e+00
     10.721     10.810    13.6544  39.600329    33.1223    241.069     1.8311      8.179    89.1081 8.3236e-02 -0.6641145    24.8076  0.000e+00
     11.291     11.385    13.5270  39.494012    33.1332    242.057     1.9190      8.180    89.1597 7.4296e-02 -0.4653966    24.8419  0.000e+00
     11.918     12.017    13.4724  39.449401    33.1386    242.087     1.9410      8.184    89.4180 6.3418e-02 -0.5978752    24.8571  0.000e+00
     12.643     12.748    13.3901  39.381849    33.1465    241.328     1.9850      8.185    89.7795 5.6118e-02 -0.6309949    24.8799  0.000e+00
     13.392     13.503    13.3153  39.316586    33.1501    243.062     1.9044      8.185    90.4766 4.8200e-02 -0.5978752    24.8976  0.000e+00
     14.051     14.167    13.2101  39.221075    33.1516    242.845     1.8384      8.186    91.0964 4.3947e-02 -0.5647556    24.9199  0.000e+00
     14.639     14.760    13.1547  39.170764    33.1523    241.990     1.7945      8.176    91.4579 4.1892e-02 -0.7303538    24.9315  0.000e+00
     15.313     15.440    13.1286  39.145748    33.1512    238.460     1.5234      8.172    91.9485 3.5522e-02 -0.7303538    24.9358  0.000e+00
     16.099     16.233    13.0899  39.109033    33.1500    235.808     1.2963      8.167    92.7231 3.2053e-02 -0.4985162    24.9426  0.000e+00
     16.870     17.011    12.9985  39.024461    33.1497    233.531     1.0619      8.163    93.7818 2.7437e-02 -0.5316359    24.9604  0.000e+00
     17.518     17.664    12.8982  38.931598    33.1493    230.419     0.8787      8.159    94.5048 2.3894e-02 -0.6309949    24.9799  0.000e+00
     18.098     18.248    12.7157  38.766592    33.1524    228.197     0.7908      8.150    95.0987 2.2683e-02 -0.5316359    25.0180  0.000e+00
     18.730     18.886    12.6744  38.729193    33.1527    223.468     0.6663      8.146    95.6410 1.9553e-02 -0.7634735    25.0263  0.000e+00
     19.434     19.596    12.6292  38.687223    33.1522    224.041     0.6443      8.146    96.1058 1.8604e-02 -0.7303538    25.0347  0.000e+00
     20.162     20.330    12.5354  38.601110    33.1522    226.319     0.6589      8.146    96.3898 1.4051e-02 -0.7634735    25.0529  0.000e+00
     20.903     21.077    12.3776  38.456803    33.1528    220.745     0.6370      8.147    96.4673 1.4404e-02 -0.7634735    25.0836  0.000e+00
     21.647     21.827    12.3162  38.401048    33.1533    218.267     0.6150      8.138    96.6997 1.2660e-02 -0.5978752    25.0957  0.000e+00
     22.353     22.539    12.2819  38.368931    33.1524    219.946     0.5930      8.133    96.9837 1.1807e-02 -0.5978752    25.1016  0.000e+00
     22.981     23.172    12.2546  38.343106    33.1515    219.736     0.5930      8.133    97.0870 9.8073e-03 -0.7634735    25.1061  0.000e+00
     23.565     23.762    12.2244  38.314179    33.1501    217.720     0.6003      8.129    97.1128 9.6436e-03 -0.7634735    25.1108  0.000e+00
     24.187     24.388    12.1453  38.242025    33.1504    217.218     0.5710      8.129    97.1903 9.9713e-03 -0.7634735    25.1260  0.000e+00
     24.850     25.057    12.0624  38.167900    33.1520    217.031     0.5417      8.125    97.3710 8.5111e-03 -0.7634735    25.1429  0.000e+00
     25.531     25.744    11.9708  38.081681    33.1497    215.590     0.5491      8.121    97.5002 5.2440e-03 -0.7634735    25.1583  0.000e+00
     26.214     26.433    11.7679  37.901140    33.1547    214.460     0.5637      8.117    97.4743 3.9018e-03 -0.7634735    25.2000  0.000e+00
     26.885     27.109    11.7049  37.843183    33.1541    212.549     0.5564      8.112    97.4743 5.0932e-03 -0.7634735    25.2112  0.000e+00
     27.587     27.817    11.5967  37.743197    33.1529    210.274     0.5637      8.108    97.5518 3.6082e-03 -0.7634735    25.2303  0.000e+00
     28.414     28.651    11.3831  37.548511    33.1531    209.460     0.5051      8.099    97.3710 2.4498e-03 -0.7634735    25.2694  0.000e+00
     29.349     29.594    11.1531  37.338908    33.1529    208.794     0.2560      8.067    97.3969 2.0988e-04 -0.7634735    25.3107  0.000e+00
     30.173     30.425    11.0149  37.211239    33.1509    205.212     0.1388      8.049    96.9837 1.0000e-12 -0.7634735    25.3338  0.000e+00
     30.666     30.922    10.9549  37.155772    33.1498    197.033     0.0875      8.040    96.5447 1.0000e-12 -0.7303538    25.3436  0.000e+00
     30.950     31.208    10.9438  37.157278    33.1612    193.518     0.1168      8.054    96.3898 1.0000e-12 -0.5647556    25.3545  0.000e+00
     31.338     31.600    10.8700  37.074291    33.1453    192.173     0.1608      8.059    96.2865 1.0000e-12 -0.7634735    25.3551  0.000e+00
     32.025     32.293    10.8301  37.034987    33.1420    191.738     0.1241      8.026    95.7959 1.0000e-12 -0.7634735    25.3595  0.000e+00
     32.962     33.237    10.8199  37.025166    33.1410    191.282     0.0582      8.012    94.2724 1.0000e-12 -0.7634735    25.3606  0.000e+00
     33.975     34.259    10.8132  37.019789    33.1413    189.644     0.0216      8.008    92.4649 1.0000e-12 -0.7634735    25.3620  0.000e+00
     34.837     35.128    10.7908  36.998772    33.1402    189.957     0.0069      8.008    91.7161 1.0000e-12 -0.7634735    25.3652  0.000e+00
     35.436     35.733    10.7883  36.995646    33.1391    190.099    -0.0077      8.003    91.2513 1.0000e-12 -0.7634735    25.3647  0.000e+00
     35.952     36.253    10.7852  36.992083    33.1382    189.655    -0.0004      8.003    90.5799 1.0000e-12 -0.7634735    25.3646  0.000e+00
     36.557     36.863    10.7822  36.989896    33.1385    189.373    -0.0077      7.998    89.7795 1.0000e-12 -0.7634735    25.3653  0.000e+00
     37.217     37.529    10.7759  36.984707    33.1387    189.267    -0.0150      7.998    89.2372 1.0000e-12 -0.7634735    25.3666  0.000e+00
     37.876     38.193    10.7619  36.972452    33.1388    188.943    -0.0004      7.998    89.1597 1.0000e-12 -0.7634735    25.3692  0.000e+00
     38.574     38.897    10.7476  36.959698    33.1388    189.195    -0.0077      7.999    89.2114 1.0000e-12 -0.7634735    25.3717  0.000e+00
     39.293     39.621    10.7338  36.947196    33.1385    188.622    -0.0150      7.994    89.2888 1.0000e-12 -0.7634735    25.3739  0.000e+00
     39.930     40.265    10.7201  36.934883    33.1384    187.957    -0.0150      7.994    88.9273 1.0000e-12 -0.7634735    25.3762  0.000e+00
     40.487     40.826    10.7064  36.922697    33.1383    187.791    -0.0150      7.989    88.4367 1.0000e-12 -0.2335590    25.3786  0.000e+00
     41.127     41.471    10.6955  36.914074    33.1393    187.364    -0.0224      7.989    87.8170 1.0000e-12 -0.4322769    25.3812  0.000e+00
     41.911     42.262    10.6837  36.903579    33.1393    186.531    -0.0224      7.989    87.1973 1.0000e-12 -0.7303538    25.3833  0.000e+00
     42.781     43.140    10.6641  36.886212    33.1393    185.730    -0.0370      7.989    86.4485 1.0000e-12 -0.7303538    25.3867  0.000e+00
     43.606     43.971    10.6510  36.874720    33.1393    185.982    -0.0370      7.985    86.0869 1.0000e-12 -0.7303538    25.3890  0.000e+00
     44.272     44.643    10.6466  36.870661    33.1390    185.782    -0.0297      7.985    86.1386 1.0000e-12 -0.7303538    25.3896  0.000e+00
     44.797     45.172    10.6453  36.869726    33.1389    185.060    -0.0297      7.985    86.1644 1.0000e-12 -0.7303538    25.3898  0.000e+00
     45.267     45.646    10.6440  36.868604    33.1388    185.005    -0.0150      7.985    86.0869 1.0000e-12 -0.7303538    25.3899  0.000e+00
     45.820     46.204    10.6417  36.866482    33.1386    184.541    -0.0150      7.985    85.9837 1.0000e-12 -0.7303538    25.3901  0.000e+00
     46.513     46.903    10.6375  36.862986    33.1386    184.665    -0.0297      7.985    85.9062 1.0000e-12 -0.7303538    25.3909  0.000e+00
     47.344     47.741    10.6281  36.855120    33.1389    184.651    -0.0370      7.980    85.8546 1.0000e-12 -0.6972342    25.3928  0.000e+00
     48.139     48.543    10.6200  36.848503    33.1392    184.123    -0.0444      7.980    85.3381 1.0000e-12 -0.6972342    25.3944  0.000e+00
     48.835     49.245    10.6088  36.838014    33.1386    183.861    -0.0370      7.975    84.6926 1.0000e-12 -0.6972342    25.3960  0.000e+00
     49.485     49.900    10.5968  36.828026    33.1392    183.598    -0.0297      7.980    84.2794 1.0000e-12 -0.1673197    25.3985  0.000e+00
     50.163     50.584    10.5879  36.819849    33.1388    183.325    -0.0297      7.976    84.3827 1.0000e-12 -0.2997983    25.3998  0.000e+00
     50.901     51.329    10.5843  36.816480    33.1384    183.032    -0.0370      7.976    84.3827 1.0000e-12 -0.6972342    25.4000  0.000e+00
     51.602     52.036    10.5781  36.810365    33.1376    183.166    -0.0370      7.976    84.2278 1.0000e-12 -0.6972342    25.4005  0.000e+00
     52.177     52.615    10.5640  36.797196    33.1370    182.912    -0.0297      7.976    84.3569 1.0000e-12 -0.6972342    25.4025  0.000e+00
     52.712     53.155    10.5476  36.783093    33.1375    182.827    -0.0297      7.976    84.6151 1.0000e-12 -0.6972342    25.4057  0.000e+00
     53.362     53.810    10.5398  36.775981    33.1372    182.966    -0.0370      7.971    85.0283 1.0000e-12 -0.6641145    25.4069  0.000e+00
     54.169     54.624    10.5095  36.748905    33.1373    182.944    -0.0370      7.971    85.2090 1.0000e-12 -0.6641145    25.4122  0.000e+00
     55.011     55.474    10.4877  36.730444    33.1382    182.468    -0.0370      7.967    85.3123 1.0000e-12 -0.6641145    25.4166  0.000e+00
     55.728     56.197    10.4752  36.720093    33.1388    181.951    -0.0370      7.967    85.2090 1.0000e-12 -0.6641145    25.4193  0.000e+00
     56.335     56.809    10.4656  36.711864    33.1390    181.677    -0.0370      7.962    85.1832 1.0000e-12 -0.6641145    25.4211  0.000e+00
     56.932     57.411    10.4502  36.698959    33.1398    180.584    -0.0370      7.962    85.1574 1.0000e-12 -0.6309949    25.4244  0.000e+00
     57.542     58.026    10.4365  36.687801    33.1409    180.324    -0.0370      7.957    85.1574 1.0000e-12 -0.2666786    25.4276  0.000e+00
     58.170     58.659    10.4277  36.680073    33.1408    180.141    -0.0370      7.957    85.0541 1.0000e-12  1.4555436    25.4291  0.000e+00
     58.851     59.346    10.4215  36.675088    33.1411    179.432    -0.0370      7.957    84.7442 1.0000e-12  1.1574667    25.4304  0.000e+00
     59.602     60.104    10.4106  36.665928    33.1415    179.423    -0.0444      7.953    84.5635 1.0000e-12 -0.6309949    25.4326  0.000e+00
     60.382     60.891    10.3960  36.653155    33.1417    179.008    -0.0517      7.953    84.4860 1.0000e-12 -0.6309949    25.4352  0.000e+00
     61.154     61.670    10.3755  36.636644    33.1433    178.776    -0.0444      7.953    84.2794 1.0000e-12 -0.6309949    25.4400  0.000e+00
     61.809     62.330    10.3557  36.620199    33.1446    178.799    -0.0370      7.948    84.3827 1.0000e-12 -0.2997983    25.4444  0.000e+00
     62.331     62.856    10.3164  36.584635    33.1443    178.638    -0.0297      7.948    84.4085 1.0000e-12  0.0645179    25.4509  0.000e+00
     62.900     63.430    10.2940  36.564774    33.1445    177.986    -0.0297      7.944    84.4085 1.0000e-12 -0.6309949    25.4549  0.000e+00
     63.658     64.195    10.2633  36.538009    33.1452    177.369    -0.0224      7.944    84.8217 1.0000e-12 -0.6309949    25.4607  0.000e+00
     64.485     65.028    10.2301  36.514675    33.1517    177.442    -0.0297      7.944    85.3381 1.0000e-12 -0.6309949    25.4714  0.000e+00
     65.217     65.767    10.2091  36.500180    33.1559    177.042    -0.0150      7.939    86.0095 1.0000e-12 -0.4985162    25.4782  0.000e+00
     65.851     66.406    10.1740  36.478162    33.1654    175.998    -0.0004      7.939    86.9907 1.0000e-12 -0.1342000    25.4916  0.000e+00
     66.439     67.000    10.1325  36.452542    33.1772    174.378    -0.0004      7.930    87.7395 1.0000e-12  1.6542615    25.5079  0.000e+00
     67.028     67.593    10.1120  36.440233    33.1833    171.231    -0.0150      7.916    88.4109 1.0000e-12  1.1243470    25.5160  0.000e+00
     67.667     68.238    10.0748  36.413753    33.1902    168.236    -0.0370      7.911    88.3851 1.0000e-12  0.2632359    25.5277  0.000e+00
     68.331     68.907    10.0513  36.395110    33.1927    165.821    -0.0444      7.902    87.0940 1.0000e-12 -0.6309949    25.5336  0.000e+00
     69.010     69.592    10.0378  36.382808    33.1922    164.068    -0.0370      7.902    84.4602 1.0000e-12 -0.6309949    25.5355  0.000e+00
     69.751     70.340    10.0248  36.371067    33.1919    163.440    -0.0370      7.902    83.7630 1.0000e-12 -0.6309949    25.5375  0.000e+00
     70.497     71.093    10.0125  36.360384    33.1920    163.406    -0.0517      7.902    83.9179 1.0000e-12 -0.6309949    25.5396  0.000e+00
     71.141     71.742    10.0013  36.350385    33.1918    164.129    -0.0444      7.902    84.6926 1.0000e-12 -0.6309949    25.5414  0.000e+00
     71.741     72.347     9.9972  36.351755    33.1967    164.289    -0.0370      7.902    85.9320 1.0000e-12 -0.6309949    25.5459  0.000e+00
     72.422     73.034    10.0061  36.369090    33.2059    164.464    -0.0444      7.907    88.3334 1.0000e-12  0.3957145    25.5516  0.000e+00
     73.226     73.845     9.9795  36.345922    33.2064    164.779    -0.0444      7.902    90.0119 1.0000e-12  0.2963556    25.5564  0.000e+00
     74.046     74.672     9.9627  36.330833    33.2062    164.528    -0.0370      7.902    91.3029 1.0000e-12 -0.6309949    25.5591  0.000e+00
