Arg_Leg3_G13_NV.cnv
* Sea-Bird SBE 9 Data File:
* FileName = S:\CTD_Data\CTD\Data\Argentina 2014\Data\Leg3\Arg_Leg3_G13.hex
* Software Version Seasave V 7.21g
* Temperature SN = 5769
* Conductivity SN = 4244
* Number of Bytes Per Scan = 31
* Number of Voltage Words = 4
* Number of Scans Averaged by the Deck Unit = 24
* NMEA Latitude = 46 15.99 S
* NMEA Longitude = 065 25.19 W
* NMEA UTC (Time) = Feb 12 2014 09:47:43
* NMEA baud rate = 9600
** R/V Coriolis II
** MARES project, ARGENTINA 2014
** Chief scientist : Dr. Gustavo Ferreyra
** Co-Chief scientist : Dr. José Luis Esteves
# nquan = 13
# nvalues = 489                                   
# units = specified
# name 0 = depSM: Depth [salt water, m]
# name 1 = prDM: Pressure, Digiquartz [db]
# name 2 = t090C: Temperature [ITS-90, deg C]
# name 3 = c0mS/cm: Conductivity [mS/cm]
# name 4 = sal00: Salinity, Practical [PSU]
# name 5 = sbeox0Mm/Kg: Oxygen, SBE 43 [umol/Kg]
# name 6 = flECO-AFL: Fluorescence, WET Labs ECO-AFL/FL [mg/m^3]
# name 7 = ph: pH
# name 8 = CStarTr0: Beam Transmission, WET Labs C-Star [%]
# name 9 = par: PAR/Irradiance, Biospherical/Licor
# name 10 = upoly0: Upoly 0, Nitrate
# name 11 = sigma-é00: Density [sigma-theta, Kg/m^3]
# name 12 = flag:  0.000e+00
# span 0 =     -0.121,     79.054                 
# span 1 =     -0.122,     79.725                 
# span 2 =    10.8639,    12.6904                 
# span 3 =   2.920743,  38.704419                 
# span 4 =     2.0329,    33.1983                 
# span 5 =    204.263,    285.419                 
# span 6 =    -0.1176,     2.7322                 
# span 7 =      7.595,      8.151                 
# span 8 =    63.0540,    93.3687                 
# span 9 = 1.0000e-12, 2.7309e+01                 
# span 10 = -0.7634735,  1.9523385                
# span 11 =     1.0070,    25.3983                
# span 12 = 0.0000e+00, 0.0000e+00                
# interval = seconds: 1
# start_time = Feb 12 2014 09:47:43 [NMEA time, header]
# bad_flag = -9.990e-29
*END*
      1.956      1.973    12.6587  38.675182    33.1220    230.996     2.1681      8.118    86.0611 1.9640e+01 -0.6309949    25.0051  0.000e+00
      2.090      2.108    12.6587  38.675246    33.1220    232.859     2.1241      8.118    86.1644 1.7795e+01 -0.6309949    25.0051  0.000e+00
      1.923      1.939    12.6587  38.675182    33.1220    232.854     2.0948      8.118    86.0869 1.8987e+01 -0.6309949    25.0051  0.000e+00
      1.827      1.842    12.6588  38.675245    33.1220    230.277     2.0948      8.118    86.1386 2.0202e+01 -0.6309949    25.0051  0.000e+00
      2.000      2.017    12.6587  38.675310    33.1221    231.769     2.1608      8.118    86.1128 1.9420e+01 -0.4985162    25.0052  0.000e+00
      2.224      2.243    12.6587  38.675374    33.1220    232.645     2.2047      8.118    86.1386 1.6772e+01 -0.4653966    25.0052  0.000e+00
      2.764      2.787    12.6585  38.675504    33.1221    231.421     2.1388      8.118    86.1128 1.5368e+01 -0.6309949    25.0053  0.000e+00
      3.333      3.361    12.6614  38.678498    33.1222    231.795     2.0069      8.122    86.1386 1.2866e+01 -0.6309949    25.0048  0.000e+00
      3.771      3.803    12.6684  38.685504    33.1225    230.504     2.0509      8.122    86.1386 1.1078e+01 -0.6641145    25.0037  0.000e+00
      4.208      4.243    12.6904  38.704419    33.1211    231.681     2.1535      8.122    86.1386 9.5377e+00 -0.6641145    24.9983  0.000e+00
      4.611      4.649    12.6655  38.682260    33.1217    231.568     2.0509      8.122    86.1386 8.5906e+00 -0.6641145    25.0036  0.000e+00
      5.051      5.093    12.6614  38.679142    33.1221    231.846     2.0948      8.122    86.0611 7.8695e+00 -0.6641145    25.0047  0.000e+00
      5.713      5.760    12.6626  38.680481    33.1221    231.396     2.0362      8.122    86.1386 6.5286e+00 -0.6641145    25.0045  0.000e+00
      6.433      6.487    12.6618  38.679975    33.1220    231.513     2.0143      8.122    86.1644 5.3384e+00 -0.6641145    25.0046  0.000e+00
      7.031      7.089    12.6585  38.677430    33.1222    231.455     2.0655      8.123    86.1386 4.7250e+00 -0.6641145    25.0055  0.000e+00
      7.690      7.754    12.6584  38.677560    33.1222    231.039     2.1168      8.127    86.1128 4.0642e+00 -0.6641145    25.0054  0.000e+00
      8.433      8.503    12.6568  38.676608    33.1224    232.249     2.1315      8.127    86.2161 3.4258e+00 -0.6972342    25.0060  0.000e+00
      9.089      9.164    12.6577  38.677756    33.1224    230.402     2.1388      8.127    86.1128 3.0129e+00 -0.6972342    25.0058  0.000e+00
      9.678      9.759    12.6580  38.678013    33.1221    231.845     2.1388      8.127    86.1902 2.7653e+00 -0.6972342    25.0056  0.000e+00
     10.327     10.413    12.6580  38.678334    33.1222    230.346     2.0948      8.127    86.1128 2.5088e+00 -0.6972342    25.0056  0.000e+00
     11.019     11.111    12.6570  38.677891    33.1223    229.280     2.0509      8.132    86.1644 2.1922e+00 -0.6972342    25.0059  0.000e+00
     11.646     11.743    12.6581  38.678976    33.1222    231.192     2.0655      8.132    86.2419 1.9204e+00 -0.6972342    25.0056  0.000e+00
     12.189     12.291    12.6582  38.679360    33.1222    231.581     2.1095      8.132    86.2935 1.7409e+00 -0.6972342    25.0057  0.000e+00
     12.756     12.862    12.6500  38.671276    33.1214    230.674     2.1388      8.132    86.2161 1.5732e+00 -0.7303538    25.0066  0.000e+00
     13.488     13.600    12.5715  38.595990    33.1183    231.237     2.0875      8.132    86.1386 1.3845e+00 -0.7303538    25.0194  0.000e+00
     14.367     14.486    12.4888  38.522290    33.1203    230.977     2.0289      8.128    86.2677 1.1655e+00 -0.6641145    25.0369  0.000e+00
     15.120     15.246    12.4536  38.491277    33.1213    229.817     2.0216      8.123    86.4743 1.0152e+00 -0.6309949    25.0445  0.000e+00
     15.615     15.745    12.4413  38.479206    33.1204    227.918     2.1241      8.123    86.9132 9.6274e-01 -0.7303538    25.0461  0.000e+00
     16.166     16.301    12.4170  38.458814    33.1220    225.315     2.1461      8.123    87.1973 8.7834e-01 -0.7303538    25.0520  0.000e+00
     16.913     17.054    12.3862  38.432584    33.1237    225.520     2.0289      8.124    87.3522 7.4779e-01 -0.6641145    25.0593  0.000e+00
     17.653     17.801    12.3765  38.424903    33.1245    226.453     1.9263      8.124    87.6621 6.5911e-01 -0.5978752    25.0618  0.000e+00
     18.314     18.467    12.3827  38.429986    33.1237    227.334     1.9410      8.124    87.9719 6.0188e-01 -0.7634735    25.0600  0.000e+00
     18.950     19.108    12.3812  38.428718    33.1235    225.758     1.9850      8.124    88.1785 5.4259e-01 -0.7303538    25.0602  0.000e+00
     19.520     19.683    12.3797  38.427450    33.1234    225.403     1.9923      8.124    88.2560 4.8870e-01 -0.7634735    25.0604  0.000e+00
     20.029     20.197    12.3451  38.397292    33.1248    226.539     2.0069      8.124    88.2302 4.4111e-01 -0.7634735    25.0681  0.000e+00
     20.592     20.764    12.3207  38.377870    33.1274    225.373     1.9776      8.124    88.2818 3.9899e-01 -0.7634735    25.0748  0.000e+00
     21.292     21.470    12.2983  38.358389    33.1282    224.961     1.8751      8.124    88.4884 3.6049e-01 -0.7634735    25.0797  0.000e+00
     22.122     22.307    12.2587  38.324765    33.1306    225.686     1.8018      8.124    88.6691 3.1802e-01 -0.7303538    25.0891  0.000e+00
     23.000     23.193    12.2355  38.304724    33.1314    225.508     1.7359      8.124    88.7982 2.7811e-01 -0.5978752    25.0941  0.000e+00
     23.792     23.991    12.1542  38.233402    33.1343    225.757     1.7139      8.120    88.9790 2.5086e-01 -0.7634735    25.1118  0.000e+00
     24.397     24.601    12.0549  38.145668    33.1374    225.547     1.7212      8.120    89.2114 2.3370e-01 -0.7634735    25.1329  0.000e+00
     24.892     25.100    11.8706  37.983587    33.1439    223.945     1.6992      8.116    89.5471 2.1087e-01 -0.7634735    25.1725  0.000e+00
     25.330     25.542    11.8364  37.955844    33.1472    222.862     1.6406      8.112    90.2701 1.9395e-01 -0.7634735    25.1815  0.000e+00
     25.777     25.993    11.7861  37.910800    33.1481    222.003     1.5674      8.112    90.8640 1.7941e-01 -0.7634735    25.1915  0.000e+00
     26.262     26.481    11.7452  37.876512    33.1509    219.457     1.5307      8.107    91.0705 1.6634e-01 -0.7634735    25.2013  0.000e+00
     26.804     27.028    11.7315  37.863824    33.1506    219.211     1.4575      8.107    91.2513 1.5176e-01 -0.7634735    25.2036  0.000e+00
     27.461     27.690    11.7053  37.840218    33.1507    218.159     1.4795      8.108    91.3804 1.3713e-01 -0.7634735    25.2085  0.000e+00
     28.179     28.415    11.6804  37.818385    33.1513    218.284     1.3329      8.108    91.5095 1.2502e-01 -0.7634735    25.2136  0.000e+00
     28.874     29.116    11.6455  37.787347    33.1519    219.003     1.3036      8.103    91.6644 1.1599e-01 -0.7634735    25.2205  0.000e+00
     29.455     29.701    11.6035  37.750329    33.1530    218.736     1.3183      8.103    91.7936 1.0788e-01 -0.7634735    25.2291  0.000e+00
     29.911     30.161    11.5534  37.705509    33.1537    218.346     1.3256      8.103    91.9485 9.9744e-02 -0.7634735    25.2389  0.000e+00
     30.353     30.607    11.5172  37.674003    33.1552    217.652     1.2743      8.099    92.1034 9.3224e-02 -0.7634735    25.2466  0.000e+00
     30.828     31.086    11.5049  37.662980    33.1552    216.690     1.1864      8.099    92.2583 8.6232e-02 -0.7634735    25.2489  0.000e+00
     31.444     31.707    11.4901  37.649313    33.1548    216.536     1.0912      8.094    92.3875 7.8152e-02 -0.7634735    25.2513  0.000e+00
     32.133     32.402    11.4573  37.621164    33.1563    215.511     0.9959      8.094    92.4391 7.0558e-02 -0.7634735    25.2585  0.000e+00
     32.770     33.045    11.4352  37.602215    33.1572    214.753     0.9154      8.095    92.6715 6.5322e-02 -0.7634735    25.2632  0.000e+00
     33.437     33.717    11.4128  37.583458    33.1586    215.109     0.8714      8.095    92.8006 6.1547e-02 -0.7634735    25.2684  0.000e+00
     34.178     34.464    11.3478  37.530415    33.1645    215.180     0.7835      8.095    92.9039 5.2932e-02 -0.7634735    25.2848  0.000e+00
     34.852     35.144    11.3228  37.509094    33.1657    214.833     0.6882      8.090    93.0588 4.8200e-02 -0.7634735    25.2902  0.000e+00
     35.492     35.790    11.2986  37.488029    33.1664    214.081     0.6663      8.090    93.2396 4.5520e-02 -0.7634735    25.2952  0.000e+00
     36.313     36.618    11.2646  37.458986    33.1681    212.974     0.5637      8.090    93.2654 4.1133e-02 -0.7634735    25.3026  0.000e+00
     37.148     37.460    11.2163  37.418453    33.1712    212.571     0.4758      8.086    93.3687 3.8404e-02 -0.7634735    25.3138  0.000e+00
     37.656     37.972    11.1972  37.403125    33.1730    211.867     0.4611      8.086    93.3429 3.7674e-02 -0.7634735    25.3186  0.000e+00
     37.974     38.293    11.1938  37.400110    33.1730    211.251     0.4904      8.081    93.3170 3.5051e-02 -0.7634735    25.3192  0.000e+00
     38.430     38.753    11.1792  37.387235    33.1733    210.125     0.4978      8.081    93.2654 3.1377e-02 -0.7634735    25.3221  0.000e+00
     39.079     39.408    11.1658  37.376057    33.1740    209.964     0.4538      8.081    93.2396 2.7865e-02 -0.7634735    25.3251  0.000e+00
     39.919     40.255    11.1566  37.368775    33.1747    210.276     0.3952      8.082    93.1879 2.3691e-02 -0.7303538    25.3273  0.000e+00
     40.840     41.183    11.1551  37.367774    33.1747    209.826     0.3513      8.082    93.1363 2.0516e-02 -0.7303538    25.3275  0.000e+00
     41.615     41.964    11.1520  37.364888    33.1743    209.381     0.3586      8.082    93.0846 1.9937e-02 -0.7303538    25.3278  0.000e+00
     42.162     42.516    11.1282  37.345676    33.1765    209.827     0.4099      8.082    93.1363 1.9553e-02 -0.7303538    25.3338  0.000e+00
     42.749     43.108    11.1159  37.336072    33.1779    210.225     0.3879      8.077    93.1105 1.6561e-02 -0.7303538    25.3371  0.000e+00
     43.480     43.846    11.0922  37.317055    33.1802    209.783     0.3513      8.077    92.9297 1.3875e-02 -0.7303538    25.3431  0.000e+00
     44.191     44.563    11.0863  37.312100    33.1803    208.857     0.3439      8.077    92.6973 1.2147e-02 -0.7303538    25.3443  0.000e+00
     44.736     45.112    11.0512  37.283800    33.1836    209.109     0.3439      8.073    92.5166 1.1807e-02 -0.7303538    25.3531  0.000e+00
     45.306     45.687    11.0591  37.290704    33.1831    208.607     0.3366      8.073    92.3616 9.1555e-03 -0.7303538    25.3513  0.000e+00
     45.975     46.362    11.0729  37.301312    33.1809    207.594     0.3293      8.072    92.2067 7.5579e-03 -0.6972342    25.3472  0.000e+00
     46.746     47.140    11.0692  37.298553    33.1812    207.554     0.3219      8.077    92.3358 6.9313e-03 -0.5647556    25.3481  0.000e+00
     47.534     47.934    11.0416  37.276658    33.1841    207.619     0.3073      8.073    92.3100 3.0257e-03 -0.5316359    25.3553  0.000e+00
     48.325     48.732    11.0028  37.245046    33.1874    207.895     0.2707      8.073    92.1034 4.7929e-03 -0.6972342    25.3648  0.000e+00
     49.038     49.451    10.9977  37.241537    33.1882    207.613     0.2633      8.068    91.8194 4.6433e-03 -0.4322769    25.3663  0.000e+00
     49.610     50.028    10.9997  37.243044    33.1877    207.052     0.2780      8.068    91.7419 3.6082e-03 -0.0348410    25.3656  0.000e+00
     50.237     50.660    10.9983  37.241729    33.1874    206.753     0.3000      8.068    91.6386 4.4942e-03 -0.0348410    25.3656  0.000e+00
     50.979     51.408    10.9970  37.241105    33.1876    206.048     0.2487      8.068    91.6903 5.2440e-03 -0.6972342    25.3660  0.000e+00
     51.761     52.198    10.9993  37.242926    33.1870    206.145     0.2340      8.068    91.6644 4.0493e-03 -0.6972342    25.3651  0.000e+00
     52.403     52.845    10.9998  37.243681    33.1870    206.493     0.2633      8.068    91.6644 1.3173e-03 -0.2997983    25.3651  0.000e+00
     52.969     53.416    11.0014  37.244812    33.1865    206.749     0.2853      8.068    91.7161 1.0381e-03 -0.0348410    25.3644  0.000e+00
     53.609     54.061    10.9957  37.240487    33.1870    206.629     0.2853      8.068    91.6644 1.0381e-03 -0.0679607    25.3658  0.000e+00
     54.270     54.728    10.9900  37.236225    33.1877    206.671     0.2707      8.068    91.7161 1.1775e-03 -0.1342000    25.3674  0.000e+00
     54.943     55.406    10.9870  37.234033    33.1879    206.950     0.2633      8.068    91.6128 7.6046e-04 -0.4985162    25.3681  0.000e+00
     55.699     56.169    10.9691  37.219864    33.1897    206.639     0.2560      8.068    91.5353 1.0000e-12 -0.5647556    25.3727  0.000e+00
     56.453     56.930    10.9632  37.215541    33.1905    205.866     0.2340      8.068    91.4320 7.6046e-04 -0.5316359    25.3743  0.000e+00
     57.122     57.604    10.9635  37.215919    33.1902    205.721     0.2340      8.068    91.2771 1.0000e-12 -0.6309949    25.3741  0.000e+00
     57.796     58.284    10.9579  37.211345    33.1905    206.260     0.2560      8.068    91.2771 1.0000e-12 -0.6641145    25.3753  0.000e+00
     58.463     58.957    10.9402  37.197619    33.1925    206.193     0.2340      8.064    91.2255 4.8439e-04 -0.6309949    25.3800  0.000e+00
     59.017     59.515    10.9334  37.192418    33.1933    205.827     0.2414      8.064    91.0705 1.0000e-12 -0.4322769    25.3819  0.000e+00
     59.544     60.047    10.9242  37.184146    33.1932    205.721     0.2487      8.064    90.9156 1.0000e-12  0.2963556    25.3834  0.000e+00
     60.169     60.677    10.8908  37.158518    33.1977    205.719     0.2487      8.064    90.9414 1.0000e-12 -0.4985162    25.3928  0.000e+00
     60.905     61.420    10.8909  37.158708    33.1975    205.165     0.2194      8.064    90.1668 1.0000e-12  0.0313983    25.3927  0.000e+00
     61.660     62.182    10.8872  37.155829    33.1976    204.628     0.2047      8.064    89.3921 1.0000e-12  0.3957145    25.3935  0.000e+00
     62.384     62.912    10.8908  37.158588    33.1968    204.721     0.2121      8.064    88.9015 1.0000e-12 -0.2997983    25.3922  0.000e+00
     63.103     63.637    10.8911  37.159343    33.1969    204.414     0.2121      8.064    88.6691 1.0000e-12 -0.2997983    25.3922  0.000e+00
     63.769     64.308    10.8925  37.160536    33.1965    204.676     0.2121      8.064    88.5917 1.0000e-12 -0.0679607    25.3917  0.000e+00
     64.334     64.879    10.8910  37.159660    33.1968    204.785     0.2194      8.064    88.9273 1.0000e-12 -0.1342000    25.3922  0.000e+00
     64.915     65.465    10.8873  37.156655    33.1969    204.817     0.2267      8.064    88.9532 1.0000e-12 -0.3991573    25.3929  0.000e+00
     65.532     66.087    10.8873  37.157096    33.1971    204.671     0.2267      8.064    88.7724 1.0000e-12  0.7931504    25.3931  0.000e+00
     66.141     66.701    10.8891  37.158602    33.1967    204.680     0.2267      8.064    88.5917 1.0000e-12  0.2301162    25.3925  0.000e+00
     66.728     67.293    10.8893  37.158917    33.1966    204.945     0.2194      8.064    88.4884 1.0000e-12  0.3957145    25.3924  0.000e+00
     67.387     67.958    10.8899  37.159672    33.1965    204.960     0.2267      8.064    88.3593 1.0000e-12  1.0249880    25.3922  0.000e+00
     68.066     68.643    10.8901  37.160050    33.1964    204.565     0.2194      8.064    88.2043 1.0000e-12  0.5613128    25.3921  0.000e+00
     68.822     69.405    10.8872  37.158048    33.1967    204.597     0.2121      8.064    88.2818 1.0000e-12  0.0976376    25.3929  0.000e+00
     69.683     70.273    10.8836  37.155544    33.1970    204.885     0.1901      8.064    88.3593 1.0000e-12  0.2301162    25.3938  0.000e+00
