Arg_Leg3_G01_NV.cnv
* Sea-Bird SBE 9 Data File:
* FileName = S:\CTD_Data\CTD\Data\Argentina 2014\Data\Leg3\Arg_Leg3_G01.hex
* Software Version Seasave V 7.21g
* Temperature SN = 5769
* Conductivity SN = 4244
* Number of Bytes Per Scan = 31
* Number of Voltage Words = 4
* Number of Scans Averaged by the Deck Unit = 24
* NMEA Latitude = 46 35.59 S
* NMEA Longitude = 066 55.08 W
* NMEA UTC (Time) = Feb 14 2014 18:30:14
* NMEA baud rate = 9600
** R/V Coriolis II
** MARES project, ARGENTINA 2014
** Chief scientist : Dr. Gustavo Ferreyra
** Co-Chief scientist : Dr. José Luis Esteves
# nquan = 13
# nvalues = 576                                   
# units = specified
# name 0 = depSM: Depth [salt water, m]
# name 1 = prDM: Pressure, Digiquartz [db]
# name 2 = t090C: Temperature [ITS-90, deg C]
# name 3 = c0mS/cm: Conductivity [mS/cm]
# name 4 = sal00: Salinity, Practical [PSU]
# name 5 = sbeox0Mm/Kg: Oxygen, SBE 43 [umol/Kg]
# name 6 = flECO-AFL: Fluorescence, WET Labs ECO-AFL/FL [mg/m^3]
# name 7 = ph: pH
# name 8 = CStarTr0: Beam Transmission, WET Labs C-Star [%]
# name 9 = par: PAR/Irradiance, Biospherical/Licor
# name 10 = upoly0: Upoly 0, Nitrate
# name 11 = sigma-é00: Density [sigma-theta, Kg/m^3]
# name 12 = flag:  0.000e+00
# span 0 =     -0.087,     79.138                 
# span 1 =     -0.087,     79.812                 
# span 2 =     8.4780,    15.6432                 
# span 3 =   2.073904,  41.251681                 
# span 4 =     1.3212,    33.4039                 
# span 5 =    143.136,    284.195                 
# span 6 =    -0.3374,    19.4135                 
# span 7 =      7.774,      8.302                 
# span 8 =    40.6149,    96.1058                 
# span 9 = 1.0000e-12, 1.7793e+03                 
# span 10 = -0.7634735,  4.2707145                
# span 11 =     0.0712,    25.9477                
# span 12 = 0.0000e+00, 0.0000e+00                
# interval = seconds: 1
# start_time = Feb 14 2014 18:30:14 [NMEA time, header]
# bad_flag = -9.990e-29
*END*
      1.747      1.761    15.2628  41.234434    33.2447    238.247     1.0399      8.297    82.1879 1.2841e+03 -0.4985162    24.5617  0.000e+00
      1.710      1.724    15.2626  41.234107    33.2446    244.163     0.9886      8.297    82.2137 1.4573e+03 -0.4985162    24.5617  0.000e+00
      1.995      2.011    15.2613  41.233389    33.2449    240.891     0.8934      8.297    82.1879 1.2769e+03 -0.4985162    24.5623  0.000e+00
      2.189      2.207    15.2609  41.233390    33.2451    238.272     0.9007      8.297    82.1620 1.0940e+03 -0.4985162    24.5625  0.000e+00
      2.075      2.092    15.2613  41.233651    33.2451    241.077     0.9447      8.297    82.1620 1.1836e+03 -0.4985162    24.5624  0.000e+00
      1.866      1.882    15.2627  41.234108    33.2444    240.372     0.9520      8.297    82.2137 1.1540e+03 -0.4985162    24.5616  0.000e+00
      1.989      2.006    15.2633  41.235350    33.2450    236.209     0.9666      8.297    82.1879 1.2805e+03 -0.4985162    24.5619  0.000e+00
      2.166      2.185    15.2623  41.234109    33.2446    238.045     0.9959      8.297    82.2137 1.2003e+03 -0.4985162    24.5618  0.000e+00
      2.072      2.089    15.2627  41.234370    33.2446    243.005     0.9740      8.297    82.2137 1.1443e+03 -0.4985162    24.5617  0.000e+00
      2.352      2.372    15.2625  41.235155    33.2453    240.458     0.9666      8.297    82.1879 1.1704e+03 -0.4985162    24.5623  0.000e+00
      3.143      3.169    15.2602  41.233590    33.2455    238.850     0.9593      8.297    82.1879 8.5902e+02 -0.4985162    24.5630  0.000e+00
      3.777      3.808    15.2606  41.234377    33.2456    237.149     0.8641      8.297    82.2137 6.6884e+02 -0.5978752    24.5630  0.000e+00
      4.261      4.297    15.2673  41.240586    33.2454    240.092     0.8714      8.297    82.1879 6.1474e+02 -0.5647556    24.5614  0.000e+00
      5.080      5.122    15.2703  41.244183    33.2457    240.903     0.9080      8.297    82.1879 4.7064e+02 -0.4985162    24.5610  0.000e+00
      6.037      6.087    15.2746  41.248565    33.2457    238.283     0.8934      8.297    82.1879 3.5428e+02 -0.5647556    24.5601  0.000e+00
      6.654      6.710    15.2716  41.246150    33.2458    240.654     0.8861      8.297    82.2137 3.1749e+02 -0.5316359    24.5609  0.000e+00
      6.940      6.998    15.2696  41.244125    33.2456    242.865     0.9227      8.297    82.2395 3.0437e+02 -0.5978752    24.5611  0.000e+00
      7.608      7.672    15.2669  41.242364    33.2460    241.474     0.9740      8.302    82.2395 2.6149e+02 -0.5978752    24.5621  0.000e+00
      8.526      8.597    15.2647  41.240865    33.2462    235.661     1.0326      8.297    82.2395 2.0999e+02 -0.5316359    24.5627  0.000e+00
      9.228      9.305    15.2688  41.244984    33.2462    234.858     1.0765      8.297    82.2395 1.7540e+02 -0.4985162    24.5618  0.000e+00
      9.676      9.757    15.2724  41.248319    33.2459    238.583     1.0985      8.297    82.1879 1.6350e+02 -0.5647556    24.5609  0.000e+00
     10.247     10.333    15.2730  41.248582    33.2455    238.489     1.0985      8.297    82.2137 1.4487e+02 -0.5316359    24.5604  0.000e+00
     10.862     10.953    15.2238  41.204093    33.2468    237.860     1.1644      8.298    82.2137 1.2135e+02 -0.4985162    24.5722  0.000e+00
     11.537     11.634    15.1130  41.101924    33.2485    238.772     1.3036      8.298    82.2395 1.0905e+02 -0.5978752    24.5977  0.000e+00
     12.389     12.492    14.8534  40.872697    33.2617    239.539     1.5893      8.299    82.2137 8.7565e+01 -0.5647556    24.6641  0.000e+00
     13.222     13.333    14.6675  40.710331    33.2726    240.443     2.0069      8.300    82.4461 7.3550e+01 -0.4985162    24.7124  0.000e+00
     13.613     13.727    14.7247  40.761891    33.2705    239.548     2.3219      8.295    83.1174 6.6841e+01 -0.5978752    24.6985  0.000e+00
     13.817     13.933    14.7689  40.797990    33.2655    239.013     2.4245      8.295    83.3498 6.6653e+01 -0.5647556    24.6852  0.000e+00
     14.487     14.608    14.6079  40.654322    33.2721    241.728     2.6516      8.296    82.9625 6.0402e+01 -0.4985162    24.7247  0.000e+00
     15.500     15.630    14.5777  40.624707    33.2705    241.761     2.9813      8.296    82.5752 4.6363e+01 -0.5978752    24.7299  0.000e+00
     16.379     16.516    14.5383  40.584972    33.2676    239.513     3.1718      8.291    82.4461 3.8720e+01 -0.5647556    24.7361  0.000e+00
     16.896     17.038    14.5085  40.556025    33.2665    238.501     3.1644      8.287    83.4531 3.5385e+01 -0.4985162    24.7416  0.000e+00
     17.270     17.415    14.4848  40.530523    33.2633    237.885     3.1498      8.287    84.2278 3.1974e+01 -0.5978752    24.7442  0.000e+00
     17.755     17.904    14.4401  40.482977    33.2580    237.868     3.2743      8.287    84.6926 2.9800e+01 -0.5647556    24.7495  0.000e+00
     18.459     18.614    14.3297  40.371235    33.2500    237.681     3.4062      8.283    84.8475 2.6701e+01 -0.4985162    24.7667  0.000e+00
     19.323     19.485    14.1676  40.212848    33.2435    238.390     3.3403      8.284    84.9766 2.2046e+01 -0.4985162    24.7956  0.000e+00
     20.189     20.359    14.1165  40.164097    33.2422    237.565     3.4941      8.279    85.1832 1.7896e+01 -0.4985162    24.8054  0.000e+00
     20.761     20.935    14.1013  40.148844    33.2410    239.796     3.5454      8.275    85.9578 1.6352e+01 -0.4985162    24.8076  0.000e+00
     21.100     21.276    14.0993  40.146001    33.2400    238.220     3.5820      8.275    86.9649 1.5719e+01 -0.5316359    24.8072  0.000e+00
     21.615     21.796    14.0707  40.117439    33.2381    237.383     3.8018      8.270    87.4813 1.4608e+01 -0.5316359    24.8117  0.000e+00
     22.389     22.577    14.0255  40.074418    33.2370    237.820     3.4795      8.266    87.8428 1.2263e+01 -0.4653966    24.8203  0.000e+00
     23.300     23.495    13.9740  40.026251    33.2366    234.590     2.8934      8.266    88.4625 9.7833e+00 -0.4985162    24.8306  0.000e+00
     24.097     24.300    13.9411  39.995466    33.2362    233.111     2.4904      8.257    89.6762 8.5664e+00 -0.4985162    24.8372  0.000e+00
     24.466     24.671    13.9457  39.999856    33.2361    232.296     2.3146      8.257    90.9931 8.3985e+00 -0.4985162    24.8362  0.000e+00
     24.735     24.943    13.9309  39.983336    33.2335    230.618     2.3146      8.252    91.6128 8.1874e+00 -0.5978752    24.8372  0.000e+00
     25.369     25.582    13.8774  39.937406    33.2369    228.611     2.3586      8.248    91.9485 7.3321e+00 -0.5647556    24.8509  0.000e+00
     26.257     26.478    13.8736  39.948700    33.2503    230.447     1.7359      8.243    92.3616 5.9627e+00 -0.4985162    24.8620  0.000e+00
     27.154     27.382    13.8178  39.910332    33.2627    227.635     1.3403      8.234    93.0330 5.2186e+00 -0.4985162    24.8831  0.000e+00
     27.786     28.020    13.6943  39.791440    33.2589    223.240     1.1058      8.230    94.1433 5.1160e+00 -0.4985162    24.9056  0.000e+00
     28.207     28.444    13.5787  39.661947    33.2384    220.076     1.0985      8.226    94.6598 4.9446e+00 -0.4985162    24.9132  0.000e+00
     28.834     29.077    13.4286  39.507321    33.2241    217.897     1.0692      8.222    94.8663 4.5279e+00 -0.4985162    24.9326  0.000e+00
     29.651     29.900    13.2355  39.330632    33.2262    218.728     0.9154      8.213    94.9696 3.9389e+00 -0.4985162    24.9730  0.000e+00
     30.393     30.649    13.1652  39.303594    33.2620    216.908     0.7395      8.204    95.4344 3.6475e+00 -0.4985162    25.0147  0.000e+00
     30.982     31.243    13.1335  39.306484    33.2922    214.230     0.6077      8.195    95.9250 3.4258e+00 -0.6641145    25.0444  0.000e+00
     31.556     31.821    12.9565  39.142312    33.2921    211.204     0.5564      8.187    96.0025 3.1991e+00 -0.4985162    25.0794  0.000e+00
     32.121     32.391    12.7853  38.969153    33.2782    204.946     0.5417      8.178    96.1058 3.0475e+00 -0.6641145    25.1023  0.000e+00
     32.686     32.961    12.5514  38.716965    33.2438    202.209     0.4904      8.174    96.1058 2.9448e+00 -0.5647556    25.1211  0.000e+00
     33.428     33.709    12.2649  38.434312    33.2258    201.791     0.4611      8.161    95.9250 2.6643e+00 -0.4653966    25.1620  0.000e+00
     34.366     34.655    12.0351  38.214379    33.2173    200.963     0.3879      8.139    95.2537 2.2368e+00 -0.5316359    25.1990  0.000e+00
     35.187     35.483    11.8994  38.092105    33.2193    199.914     0.2194      8.111    92.0001 2.0997e+00 -0.5647556    25.2259  0.000e+00
     35.547     35.846    12.0020  38.186127    33.2189    194.528     0.0729      8.097    86.5776 2.1363e+00 -0.7634735    25.2064  0.000e+00
     35.905     36.207    11.9403  38.118308    33.2079    188.771     0.0655      8.093    85.1832 2.0578e+00 -0.7634735    25.2095  0.000e+00
     36.610     36.918    11.8309  38.025812    33.2154    187.094     0.0729      8.088    84.6926 1.8285e+00 -0.7303538    25.2358  0.000e+00
     37.449     37.765    11.8103  38.004948    33.2131    187.538     0.0582      8.084    84.3827 1.5732e+00 -0.5647556    25.2378  0.000e+00
     38.146     38.468    11.7765  37.975682    33.2145    187.022     0.0436      8.079    83.7888 1.4632e+00 -0.5978752    25.2452  0.000e+00
     38.714     39.041    11.7394  37.943392    33.2160    185.349     0.0436      8.075    83.5822 1.3566e+00 -0.7634735    25.2532  0.000e+00
     39.437     39.769    11.7094  37.918062    33.2178    184.594     0.0362      8.070    83.5822 1.1723e+00 -0.5978752    25.2602  0.000e+00
     40.252     40.592    11.6949  37.905495    33.2182    183.787     0.0362      8.065    83.3240 9.9744e-01 -0.5978752    25.2632  0.000e+00
     40.983     41.329    11.6635  37.877270    33.2184    182.336     0.0436      8.061    83.0400 8.8619e-01 -0.5978752    25.2692  0.000e+00
     41.603     41.954    11.5944  37.817435    33.2215    182.596     0.0436      8.056    82.9367 7.7280e-01 -0.7303538    25.2843  0.000e+00
     42.119     42.474    11.5106  37.749378    33.2299    182.116     0.0362      8.047    82.1104 6.8751e-01 -0.7303538    25.3061  0.000e+00
     42.600     42.959    11.4902  37.731474    33.2305    179.660     0.0436      8.043    81.2325 6.2798e-01 -0.7303538    25.3104  0.000e+00
     43.263     43.628    11.4685  37.711683    33.2303    178.084     0.0289      8.038    80.9484 5.4927e-01 -0.7303538    25.3142  0.000e+00
     44.114     44.487    11.3977  37.652016    33.2350    176.761     0.0143      8.034    80.7160 4.4944e-01 -0.7303538    25.3307  0.000e+00
     44.933     45.312    11.3743  37.632620    33.2366    176.225     0.0216      8.029    79.7606 3.9027e-01 -0.7303538    25.3362  0.000e+00
     45.588     45.973    11.3435  37.604665    33.2365    175.556     0.0143      8.025    78.9343 3.5591e-01 -0.6972342    25.3418  0.000e+00
     46.222     46.612    11.2207  37.503235    33.2470    174.884    -0.0004      8.020    78.8569 3.0886e-01 -0.6972342    25.3722  0.000e+00
     46.877     47.273    11.1574  37.451682    33.2530    173.839    -0.0077      8.011    78.8569 2.6375e-01 -0.6972342    25.3882  0.000e+00
     47.615     48.017    11.1231  37.421518    33.2538    172.450    -0.0004      8.007    78.6503 2.2280e-01 -0.6972342    25.3950  0.000e+00
     48.345     48.754    11.0782  37.384707    33.2577    170.931    -0.0004      8.002    78.4179 1.8525e-01 -0.6972342    25.4060  0.000e+00
     48.900     49.313    11.0742  37.380312    33.2567    169.673     0.0069      7.997    78.1855 1.6394e-01 -0.6972342    25.4060  0.000e+00
     49.425     49.843    11.0571  37.364362    33.2561    169.518    -0.0004      7.997    78.1080 1.4350e-01 -0.6972342    25.4086  0.000e+00
     50.115     50.539    11.0207  37.333536    33.2582    169.187     0.0143      7.993    77.9789 1.1973e-01 -0.6972342    25.4168  0.000e+00
     50.901     51.331    10.9388  37.261562    33.2607    168.935    -0.0077      7.988    77.6691 9.9744e-02 -0.6972342    25.4332  0.000e+00
     51.637     52.074    10.8127  37.155363    33.2691    168.834    -0.0077      7.984    77.2043 8.4725e-02 -0.6972342    25.4620  0.000e+00
     52.384     52.827    10.6483  37.014806    33.2780    167.790    -0.0004      7.980    76.4296 6.9558e-02 -0.6641145    25.4978  0.000e+00
     53.252     53.702    10.4146  36.828311    33.3041    166.116     0.0069      7.976    75.8357 4.9844e-02 -0.6641145    25.5585  0.000e+00
     53.986     54.443    10.3258  36.757662    33.3139    164.864     0.0143      7.967    76.6362 4.1385e-02 -0.6641145    25.5814  0.000e+00
     54.398     54.859    10.3155  36.753546    33.3191    163.854     0.0289      7.962    78.5986 3.6951e-02 -0.6641145    25.5872  0.000e+00
     54.843     55.307    10.2949  36.745876    33.3300    162.614     0.0289      7.967    80.4320 3.1602e-02 -0.6641145    25.5992  0.000e+00
     55.609     56.080    10.2055  36.669741    33.3349    162.469     0.0289      7.972    83.7372 2.3085e-02 -0.6641145    25.6183  0.000e+00
     56.509     56.988    10.1301  36.602015    33.3352    163.567     0.0216      7.968    84.4085 1.5294e-02 -0.6641145    25.6313  0.000e+00
     57.253     57.738     9.9625  36.456821    33.3420    164.903     0.0216      7.959    85.4672 1.2833e-02 -0.6641145    25.6648  0.000e+00
     57.770     58.259     9.8610  36.367938    33.3450    163.486     0.0216      7.945    84.6151 1.0799e-02 -0.6641145    25.6841  0.000e+00
     58.347     58.842     9.7564  36.276162    33.3479    161.364     0.0216      7.931    82.8334 6.9313e-03 -0.6309949    25.7037  0.000e+00
     59.108     59.609     9.6428  36.180696    33.3551    158.582     0.0216      7.918    80.5353 7.4005e-03 -0.6309949    25.7280  0.000e+00
     59.938     60.446     9.5833  36.129563    33.3576    155.437    -0.0004      7.904    78.1080 2.7370e-03 -0.6309949    25.7397  0.000e+00
     60.700     61.215     9.5397  36.092766    33.3599    153.320    -0.0004      7.894    75.8357 1.1775e-03 -0.6309949    25.7486  0.000e+00
     61.362     61.882     9.5159  36.071772    33.3602    151.850    -0.0077      7.890    74.3897 1.0000e-12 -0.6309949    25.7527  0.000e+00
     62.004     62.530     9.4864  36.046140    33.3609    150.838    -0.0077      7.885    73.4601 1.0000e-12 -0.6309949    25.7581  0.000e+00
     62.662     63.194     9.4584  36.022125    33.3620    150.430    -0.0077      7.880    72.7113 1.0000e-12 -0.6309949    25.7635  0.000e+00
     63.238     63.774     9.4416  36.007769    33.3626    150.153    -0.0077      7.880    72.1690 1.0000e-12 -0.6309949    25.7667  0.000e+00
     63.779     64.320     9.4311  35.998056    33.3621    149.749    -0.0150      7.876    71.7301 1.0000e-12 -0.6309949    25.7680  0.000e+00
     64.500     65.048     9.3903  35.964156    33.3648    150.054    -0.0077      7.876    71.3169 1.0000e-12 -0.5978752    25.7767  0.000e+00
     65.372     65.927     9.3335  35.915679    33.3673    150.141    -0.0077      7.871    70.8521 1.0000e-12 -0.6309949    25.7879  0.000e+00
     66.216     66.779     9.1970  35.799719    33.3745    149.931    -0.0077      7.862    70.2324 1.0000e-12 -0.6309949    25.8154  0.000e+00
     66.929     67.498     9.0625  35.688470    33.3846    149.708    -0.0004      7.853    69.5869 1.0000e-12 -0.6309949    25.8446  0.000e+00
     67.491     68.064     9.0187  35.650432    33.3859    148.736     0.0069      7.849    68.7089 1.0000e-12 -0.5978752    25.8525  0.000e+00
     67.930     68.507     9.0043  35.636750    33.3849    147.212     0.0143      7.839    67.7277 1.0000e-12  0.1969966    25.8540  0.000e+00
     68.465     69.047     8.9268  35.570153    33.3881    146.170     0.0143      7.839    66.7206 1.0000e-12 -0.3660376    25.8686  0.000e+00
     69.197     69.786     8.8688  35.522809    33.3929    145.806     0.0216      7.830    65.5845 1.0000e-12 -0.6309949    25.8815  0.000e+00
