Arg_Leg3_G6_NV.cnv
* Sea-Bird SBE 9 Data File:
* FileName = S:\CTD_Data\CTD\Data\Argentina 2014\Data\Leg3\Arg_Leg3_G6.hex
* Software Version Seasave V 7.21g
* Temperature SN = 5769
* Conductivity SN = 4244
* Number of Bytes Per Scan = 31
* Number of Voltage Words = 4
* Number of Scans Averaged by the Deck Unit = 24
* NMEA Latitude = 45 27.61 S
* NMEA Longitude = 066 11.83 W
* NMEA UTC (Time) = Feb 13 2014 13:30:45
* NMEA baud rate = 9600
** R/V Coriolis II
** MARES project, ARGENTINA 2014
** Chief scientist : Dr. Gustavo Ferreyra
** Co-Chief scientist : Dr. José Luis Esteves
# nquan = 13
# nvalues = 523                                   
# units = specified
# name 0 = depSM: Depth [salt water, m]
# name 1 = prDM: Pressure, Digiquartz [db]
# name 2 = t090C: Temperature [ITS-90, deg C]
# name 3 = c0mS/cm: Conductivity [mS/cm]
# name 4 = sal00: Salinity, Practical [PSU]
# name 5 = sbeox0Mm/Kg: Oxygen, SBE 43 [umol/Kg]
# name 6 = flECO-AFL: Fluorescence, WET Labs ECO-AFL/FL [mg/m^3]
# name 7 = ph: pH
# name 8 = CStarTr0: Beam Transmission, WET Labs C-Star [%]
# name 9 = par: PAR/Irradiance, Biospherical/Licor
# name 10 = upoly0: Upoly 0, Nitrate
# name 11 = sigma-é00: Density [sigma-theta, Kg/m^3]
# name 12 = flag:  0.000e+00
# span 0 =     -0.005,     80.900                 
# span 1 =     -0.005,     81.581                 
# span 2 =     8.3787,    15.3116                 
# span 3 =   2.981435,  41.392008                 
# span 4 =     1.9451,    33.5125                 
# span 5 =    140.291,    263.822                 
# span 6 =    -0.1176,    28.6077                 
# span 7 =      7.770,      8.239                 
# span 8 =    52.2605,    98.0941                 
# span 9 = 1.0000e-12, 1.6400e+03                 
# span 10 = -0.7634735,  4.2044752                
# span 11 =     0.5737,    25.9650                
# span 12 = 0.0000e+00, 0.0000e+00                
# interval = seconds: 1
# start_time = Feb 13 2014 13:30:45 [NMEA time, header]
# bad_flag = -9.990e-29
*END*
[from data line 334]
     39.489     39.818    12.4503  38.806806    33.4166    182.273     0.0729      8.039    94.1175 1.2023e+01 -0.7634735    25.2747  0.000e+00
     38.886     39.210    12.7853  39.149080    33.4467    183.364     0.1022      8.057    94.0659 1.2902e+01 -0.7634735    25.2329  0.000e+00
     38.147     38.464    13.2791  39.591290    33.4301    184.636     0.1315      8.083    94.8663 1.4042e+01 -0.7634735    25.1222  0.000e+00
     37.379     37.690    13.3571  39.675392    33.4410    189.737     0.1461      8.110    95.5377 1.4690e+01 -0.7634735    25.1150  0.000e+00
     36.705     37.010    13.4545  39.774309    33.4486    193.442     0.1681      8.119    94.8922 1.5587e+01 -0.7634735    25.1012  0.000e+00
     35.953     36.252    13.6308  39.940511    33.4501    194.522     0.2047      8.123    95.4344 1.6867e+01 -0.7634735    25.0665  0.000e+00
     35.108     35.400    13.8286  40.143246    33.4667    196.109     0.2267      8.132    96.1058 1.7946e+01 -0.7634735    25.0388  0.000e+00
     34.393     34.679    13.9332  40.246126    33.4713    197.528     0.2267      8.141    96.1832 1.9420e+01 -0.7634735    25.0208  0.000e+00
     33.760     34.040    14.0759  40.384092    33.4752    199.483     0.2267      8.145    96.4156 2.1134e+01 -0.7634735    24.9941  0.000e+00
     33.055     33.329    14.2249  40.516928    33.4688    200.817     0.2853      8.154    96.4415 2.2170e+01 -0.7634735    24.9580  0.000e+00
     32.347     32.615    14.2757  40.569034    33.4731    202.175     0.3806      8.163    96.9321 2.3655e+01 -0.7634735    24.9506  0.000e+00
     31.691     31.954    14.3123  40.609673    33.4790    205.415     0.3293      8.167    97.0095 2.6179e+01 -0.7634735    24.9475  0.000e+00
     31.100     31.359    14.5663  40.849045    33.4793    204.594     0.3366      8.175    96.7513 2.7931e+01 -0.7634735    24.8939  0.000e+00
     30.558     30.812    14.6356  40.913697    33.4788    207.096     0.4172      8.180    96.7771 2.8648e+01 -0.7634735    24.8787  0.000e+00
     29.849     30.096    14.6960  40.970374    33.4788    210.326     0.6150      8.184    96.5447 3.0053e+01 -0.7634735    24.8658  0.000e+00
     28.885     29.125    14.6856  40.960205    33.4788    212.485     0.5637      8.189    96.7771 3.4988e+01 -0.7634735    24.8680  0.000e+00
     27.925     28.156    14.6945  40.966978    33.4777    212.757     0.5124      8.189    96.6739 3.8939e+01 -0.7634735    24.8652  0.000e+00
     27.224     27.450    14.6242  40.912187    33.4886    211.145     0.5564      8.189    96.2091 4.1310e+01 -0.7634735    24.8886  0.000e+00
     26.674     26.895    14.7306  41.008232    33.4847    211.473     0.5784      8.193    96.3382 4.4322e+01 -0.5978752    24.8629  0.000e+00
     26.048     26.264    14.8117  41.080553    33.4811    212.373     0.8055      8.193    96.0541 4.7552e+01 -0.5316359    24.8426  0.000e+00
     25.422     25.633    14.8233  41.091250    33.4811    211.803     1.0326      8.197    95.3569 4.9883e+01 -0.4985162    24.8401  0.000e+00
     25.115     25.323    14.8388  41.107432    33.4826    212.275     1.0765      8.197    95.2537 5.2327e+01 -0.7303538    24.8379  0.000e+00
     24.898     25.105    14.8359  41.105212    33.4831    214.407     1.1351      8.197    95.0471 5.5357e+01 -0.4985162    24.8389  0.000e+00
     24.794     24.999    14.8478  41.116893    33.4836    215.089     1.1205      8.197    94.7372 5.3069e+01 -0.5978752    24.8367  0.000e+00
     24.703     24.908    14.8504  41.120352    33.4845    214.574     1.1718      8.197    94.5565 5.4430e+01 -0.5647556    24.8369  0.000e+00
     24.637     24.841    14.8509  41.121592    33.4853    214.299     1.1644      8.197    94.5565 5.7906e+01 -0.4985162    24.8374  0.000e+00
     24.648     24.853    14.8509  41.122114    33.4857    213.397     1.1644      8.202    94.2983 5.4737e+01 -0.5978752    24.8377  0.000e+00
     24.679     24.884    14.8505  41.122441    33.4863    214.030     1.2230      8.202    94.4015 5.3821e+01 -0.7634735    24.8383  0.000e+00
     24.799     25.005    14.8505  41.123029    33.4868    213.548     1.1864      8.202    94.5048 5.6936e+01 -0.7634735    24.8386  0.000e+00
     25.061     25.268    14.8428  41.115328    33.4863    214.369     1.2230      8.202    94.4015 5.3821e+01 -0.6309949    24.8399  0.000e+00
     25.373     25.583    14.8351  41.108608    33.4868    214.788     1.2743      8.202    94.4532 4.8499e+01 -0.5647556    24.8420  0.000e+00
     25.521     25.732    14.8309  41.104824    33.4869    212.372     1.2377      8.202    94.5565 5.0875e+01 -0.7634735    24.8429  0.000e+00
     25.583     25.795    14.8248  41.099343    33.4871    213.746     1.1864      8.202    94.4532 5.2033e+01 -0.5647556    24.8444  0.000e+00
     25.603     25.815    14.8188  41.094123    33.4875    213.706     1.1864      8.202    94.5048 4.7552e+01 -0.4985162    24.8460  0.000e+00
     25.535     25.747    14.8251  41.100256    33.4877    213.594     1.1718      8.202    94.5823 5.2033e+01 -0.5978752    24.8448  0.000e+00
     25.444     25.655    14.8299  41.105411    33.4883    215.147     1.1571      8.202    94.4274 5.1887e+01 -0.7634735    24.8443  0.000e+00
     25.446     25.657    14.8316  41.106912    33.4881    213.416     1.1791      8.202    94.6081 5.0447e+01 -0.6309949    24.8437  0.000e+00
     25.461     25.672    14.8304  41.106194    33.4885    213.527     1.1351      8.202    94.4790 5.1019e+01 -0.7303538    24.8443  0.000e+00
     25.363     25.573    14.8347  41.110892    33.4891    214.260     1.1351      8.202    94.5823 5.1451e+01 -0.7303538    24.8439  0.000e+00
     25.266     25.476    14.8423  41.118593    33.4896    214.183     1.1278      8.202    94.4274 5.2033e+01 -0.4985162    24.8426  0.000e+00
     25.320     25.530    14.8429  41.119180    33.4897    214.519     1.1644      8.202    94.4532 5.2180e+01 -0.4985162    24.8425  0.000e+00
     25.340     25.550    14.8396  41.116113    33.4897    213.672     1.2230      8.202    94.4532 5.1306e+01 -0.6972342    24.8432  0.000e+00
     25.369     25.580    14.8421  41.119050    33.4902    213.472     1.1644      8.202    94.4532 5.2180e+01 -0.7634735    24.8431  0.000e+00
     25.337     25.547    14.8429  41.120160    33.4905    215.191     1.1278      8.202    94.4274 5.1741e+01 -0.7634735    24.8432  0.000e+00
     25.207     25.416    14.8474  41.124532    33.4907    215.503     1.1351      8.202    94.4532 5.1887e+01 -0.7634735    24.8423  0.000e+00
     25.234     25.443    14.8482  41.125576    33.4909    213.064     1.1498      8.202    94.4532 5.4891e+01 -0.7634735    24.8423  0.000e+00
     25.275     25.484    14.8466  41.124010    33.4909    213.557     1.1791      8.207    94.4274 5.1596e+01 -0.5978752    24.8427  0.000e+00
     25.117     25.325    14.8493  41.127012    33.4914    214.147     1.1205      8.207    94.4015 5.1741e+01 -0.7634735    24.8424  0.000e+00
     24.985     25.192    14.8506  41.128447    33.4916    214.096     1.1205      8.207    94.3499 5.4583e+01 -0.7634735    24.8423  0.000e+00
     24.927     25.134    14.8543  41.132298    33.4919    214.603     1.1571      8.207    94.3499 5.5046e+01 -0.7634735    24.8418  0.000e+00
     24.903     25.110    14.8554  41.133408    33.4920    214.409     1.1718      8.207    94.1175 5.2475e+01 -0.7303538    24.8416  0.000e+00
     24.937     25.144    14.8530  41.131189    33.4920    213.559     1.1718      8.207    94.4015 5.3368e+01 -0.6309949    24.8421  0.000e+00
     25.055     25.262    14.8502  41.128056    33.4915    214.584     1.1425      8.207    94.5307 5.5826e+01 -0.5978752    24.8423  0.000e+00
     25.138     25.346    14.8467  41.125119    33.4918    214.978     1.1205      8.207    94.2983 5.1019e+01 -0.5978752    24.8433  0.000e+00
     25.186     25.395    14.8466  41.124793    33.4916    214.414     1.1278      8.207    94.3499 5.4430e+01 -0.6972342    24.8432  0.000e+00
     25.237     25.446    14.8418  41.120290    33.4916    213.764     1.1351      8.207    94.4015 5.1596e+01 -0.4985162    24.8442  0.000e+00
     25.169     25.378    14.8488  41.127926    33.4926    215.076     1.1351      8.207    94.4274 5.2327e+01 -0.5316359    24.8435  0.000e+00
     25.014     25.221    14.8554  41.134061    33.4926    214.747     1.1351      8.207    94.5048 5.4430e+01 -0.6972342    24.8420  0.000e+00
     24.926     25.133    14.8561  41.134844    33.4927    213.316     1.1351      8.207    94.4274 5.1741e+01 -0.5978752    24.8420  0.000e+00
     24.889     25.096    14.8585  41.137455    33.4931    214.353     1.1425      8.207    94.3757 5.7743e+01 -0.5978752    24.8417  0.000e+00
     24.446     24.649    14.8689  41.149595    33.4953    215.005     1.1425      8.207    94.3757 5.6936e+01 -0.6972342    24.8412  0.000e+00
     23.805     24.002    14.9122  41.193212    33.4980    214.085     1.1425      8.206    94.4274 5.8397e+01 -0.7634735    24.8339  0.000e+00
     23.205     23.397    14.9521  41.232796    33.4998    214.042     1.1937      8.206    94.3499 7.2319e+01 -0.6641145    24.8267  0.000e+00
     22.601     22.788    14.9844  41.265730    33.5023    215.406     1.1718      8.206    94.3241 6.9722e+01 -0.5316359    24.8216  0.000e+00
     21.929     22.110    15.0061  41.287755    33.5038    216.104     1.1425      8.206    94.1950 7.5013e+01 -0.7303538    24.8180  0.000e+00
     21.215     21.390    15.0191  41.300370    33.5045    217.282     1.1132      8.206    94.1950 8.0027e+01 -0.5978752    24.8156  0.000e+00
     20.530     20.700    15.0222  41.303571    33.5049    216.357     1.1132      8.206    94.1433 8.9811e+01 -0.6309949    24.8153  0.000e+00
     19.799     19.963    15.0254  41.307099    33.5057    214.206     1.0839      8.206    94.2466 9.4210e+01 -0.4985162    24.8152  0.000e+00
     19.000     19.158    15.0311  41.312523    33.5060    213.014     1.0179      8.210    94.1950 9.6897e+01 -0.6641145    24.8142  0.000e+00
     18.183     18.334    15.0311  41.312062    33.5059    216.879     0.9520      8.210    94.2724 1.2307e+02 -0.5978752    24.8140  0.000e+00
     17.385     17.528    15.0310  41.312124    33.5063    214.272     0.9227      8.206    94.1692 1.0905e+02 -0.6309949    24.8144  0.000e+00
     16.685     16.823    15.0358  41.316437    33.5064    212.708     0.9666      8.210    94.1175 1.4285e+02 -0.4985162    24.8134  0.000e+00
     16.084     16.217    15.0419  41.322647    33.5071    214.522     0.9813      8.210    94.1950 1.4487e+02 -0.4985162    24.8126  0.000e+00
     15.528     15.656    15.0450  41.326111    33.5077    215.969     0.8641      8.210    94.2466 1.4487e+02 -0.5978752    24.8123  0.000e+00
     14.902     15.025    15.0542  41.334807    33.5080    215.911     0.7981      8.210    94.1433 1.5240e+02 -0.4985162    24.8106  0.000e+00
     14.236     14.354    15.0635  41.344484    33.5090    215.588     0.7395      8.210    94.1950 1.6535e+02 -0.4985162    24.8093  0.000e+00
     13.597     13.709    15.0632  41.342519    33.5078    214.246     0.7395      8.210    94.1950 1.8451e+02 -0.5978752    24.8083  0.000e+00
     12.878     12.984    15.0650  41.345983    33.5096    214.178     0.7395      8.210    94.1433 1.7839e+02 -0.4985162    24.8094  0.000e+00
     12.027     12.127    15.0714  41.351278    33.5093    214.537     0.6516      8.210    94.1175 2.3106e+02 -0.4985162    24.8077  0.000e+00
     11.150     11.242    15.0737  41.353433    33.5096    213.986     0.6003      8.210    94.1175 2.3765e+02 -0.6309949    24.8074  0.000e+00
     10.409     10.494    15.0749  41.354215    33.5096    214.809     0.6077      8.210    94.0917 2.5784e+02 -0.4985162    24.8071  0.000e+00
      9.777      9.858    15.0755  41.354736    33.5098    214.642     0.6077      8.210    94.1433 2.8054e+02 -0.4985162    24.8071  0.000e+00
      9.189      9.265    15.0761  41.355061    33.5098    216.243     0.5491      8.210    94.1692 2.9928e+02 -0.4985162    24.8069  0.000e+00
      8.611      8.682    15.0868  41.365787    33.5105    214.045     0.3732      8.210    94.2983 3.6439e+02 -0.4985162    24.8052  0.000e+00
      8.002      8.068    15.0887  41.366897    33.5102    213.576     0.2926      8.210    94.1433 3.3775e+02 -0.4985162    24.8045  0.000e+00
      7.328      7.389    15.0919  41.369511    33.5100    215.498     0.3219      8.210    94.2208 3.5428e+02 -0.4985162    24.8037  0.000e+00
      6.626      6.681    15.0913  41.369116    33.5105    213.126     0.3732      8.210    94.1950 4.1354e+02 -0.4985162    24.8041  0.000e+00
      5.955      6.005    15.0908  41.368262    33.5104    212.742     0.3879      8.210    94.1433 4.4241e+02 -0.4985162    24.8041  0.000e+00
      5.304      5.348    15.0901  41.367409    33.5105    215.819     0.3806      8.210    94.2208 5.1785e+02 -0.4985162    24.8043  0.000e+00
      4.769      4.808    15.0900  41.367080    33.5105    215.805     0.3586      8.210    94.2466 6.3405e+02 -0.5647556    24.8043  0.000e+00
      4.328      4.363    15.0880  41.364919    33.5104    214.365     0.3586      8.210    94.3241 6.0107e+02 -0.4985162    24.8047  0.000e+00
      3.904      3.936    15.0827  41.359619    33.5103    216.693     0.3293      8.210    94.2724 5.9770e+02 -0.4985162    24.8057  0.000e+00
      3.612      3.642    15.0723  41.350198    33.5109    214.597     0.3146      8.210    94.2724 7.3387e+02 -0.4985162    24.8085  0.000e+00
      3.360      3.387    15.0746  41.352224    33.5108    213.951     0.3219      8.210    94.1175 7.3387e+02 -0.5978752    24.8079  0.000e+00
      3.010      3.035    15.0770  41.353858    33.5104    214.561     0.2780      8.215    94.0142 9.1383e+02 -0.4985162    24.8070  0.000e+00
      2.813      2.836    15.0806  41.356866    33.5101    213.510     0.2121      8.210    94.1433 9.5588e+02 -0.4985162    24.8060  0.000e+00
      2.953      2.977    15.0841  41.360661    33.5104    214.859     0.2121      8.215    94.0917 8.5420e+02 -0.6309949    24.8055  0.000e+00
      2.913      2.937    15.0865  41.363082    33.5106    213.893     0.1828      8.215    94.2724 9.1898e+02 -0.4985162    24.8052  0.000e+00
      2.568      2.589    15.0873  41.363604    33.5106    213.659     0.1754      8.215    94.2466 8.7609e+02 -0.4985162    24.8049  0.000e+00
      2.461      2.481    15.0871  41.363603    33.5107    214.393     0.1608      8.215    94.1692 9.1640e+02 -0.6641145    24.8051  0.000e+00
      2.643      2.664    15.0877  41.364324    33.5108    213.550     0.1608      8.215    94.2466 8.8103e+02 -0.4985162    24.8050  0.000e+00
      2.686      2.708    15.0870  41.363015    33.5102    212.893     0.1388      8.215    94.3241 9.3199e+02 -0.4985162    24.8047  0.000e+00
      2.693      2.715    15.0867  41.363212    33.5106    214.586     0.1608      8.215    94.2466 9.5319e+02 -0.6641145    24.8051  0.000e+00
      2.752      2.775    15.0869  41.363539    33.5107    215.616     0.1681      8.215    94.1692 8.6143e+02 -0.4985162    24.8051  0.000e+00
      2.738      2.761    15.0875  41.363801    33.5104    216.200     0.1681      8.215    94.0400 1.1002e+03 -0.4985162    24.8048  0.000e+00
      2.733      2.755    15.0879  41.364324    33.5106    213.845     0.1754      8.215    94.1433 9.3725e+02 -0.6641145    24.8048  0.000e+00
      2.752      2.775    15.0880  41.364586    33.5108    212.777     0.1754      8.215    94.2983 8.2586e+02 -0.5647556    24.8049  0.000e+00
      2.644      2.666    15.0875  41.364062    33.5107    213.550     0.1608      8.215    94.3499 1.0027e+03 -0.4985162    24.8050  0.000e+00
      2.475      2.495    15.0867  41.363080    33.5107    217.042     0.1608      8.215    94.3241 9.5319e+02 -0.6972342    24.8051  0.000e+00
      2.590      2.612    15.0880  41.364716    33.5109    214.577     0.1608      8.215    94.2724 1.0083e+03 -0.5978752    24.8050  0.000e+00
