Arg_L2_F2_NV.cnv
* Sea-Bird SBE 9 Data File:
* FileName = S:\CTD_Data\CTD\Data\Argentina 2014\Data\Arg_L2_F2.hex
* Software Version Seasave V 7.21g
* Temperature SN = 5769
* Conductivity SN = 4244
* Number of Bytes Per Scan = 31
* Number of Voltage Words = 4
* Number of Scans Averaged by the Deck Unit = 24
* NMEA Latitude = 46 34.95 S
* NMEA Longitude = 065 47.58 W
* NMEA UTC (Time) = Feb 06 2014 22:53:09
* NMEA baud rate = 9600
** R/V Coriolis II
** MARES project, ARGENTINA 2014
** Chief scientist : Dr. Gustavo Ferreyra
** Co-Chief scientist : Dr. José Luis Esteves
# nquan = 13
# nvalues = 314                                   
# units = specified
# name 0 = depSM: Depth [salt water, m]
# name 1 = prDM: Pressure, Digiquartz [db]
# name 2 = t090C: Temperature [ITS-90, deg C]
# name 3 = c0mS/cm: Conductivity [mS/cm]
# name 4 = sal00: Salinity, Practical [PSU]
# name 5 = sbeox0Mm/Kg: Oxygen, SBE 43 [umol/Kg]
# name 6 = flECO-AFL: Fluorescence, WET Labs ECO-AFL/FL [mg/m^3]
# name 7 = ph: pH
# name 8 = CStarTr0: Beam Transmission, WET Labs C-Star [%]
# name 9 = par: PAR/Irradiance, Biospherical/Licor
# name 10 = upoly0: Upoly 0, Nitrate
# name 11 = sigma-é00: Density [sigma-theta, Kg/m^3]
# name 12 = flag:  0.000e+00
# span 0 =     -0.319,     77.109                 
# span 1 =     -0.321,     77.766                 
# span 2 =    12.5574,    12.7850                 
# span 3 =  14.487232,  38.754667                 
# span 4 =    11.2572,    33.0886                 
# span 5 =    194.039,    261.709                 
# span 6 =    -0.2861,     0.2560                 
# span 7 =      8.132,      8.197                 
# span 8 =    34.1336,    93.8593                 
# span 9 = 1.0000e-12, 7.3757e+01                 
# span 10 = -0.4985162,  3.3764838                
# span 11 =     8.1102,    24.9969                
# span 12 = 0.0000e+00, 0.0000e+00                
# interval = seconds: 1
# start_time = Feb 06 2014 22:53:09 [NMEA time, header]
# bad_flag = -9.990e-29
*END*
      1.701      1.715    12.7411  38.715360    33.0881    222.780     0.0069      8.132    93.5753 3.3353e+01  1.9192188    24.9628  0.000e+00
      1.697      1.711    12.7399  38.713704    33.0876    223.897     0.0216      8.136    93.6011 4.0733e+01  1.7867402    24.9626  0.000e+00
      1.066      1.074    12.7378  38.711472    33.0875    222.037     0.0289      8.136    93.6527 4.7020e+01  2.2172957    24.9630  0.000e+00
      1.249      1.259    12.7359  38.710199    33.0878    221.031     0.0216      8.141    93.3170 3.0138e+01  2.4491333    24.9636  0.000e+00
      1.760      1.775    12.7366  38.711347    33.0882    223.605     0.0216      8.141    93.1363 3.1705e+01  2.1841761    24.9638  0.000e+00
      1.270      1.280    12.7347  38.708989    33.0877    225.298     0.0216      8.141    93.4203 4.9186e+01  1.8860991    24.9638  0.000e+00
      0.940      0.948    12.7315  38.580782    32.9686    221.290     0.0216      8.146    92.9297 4.6494e+01  2.1510564    24.8721  0.000e+00
      1.415      1.427    12.7337  38.708416    33.0880    222.095     0.0289      8.146    92.4907 3.2427e+01  1.8198598    24.9642  0.000e+00
      1.835      1.850    12.7330  38.707845    33.0879    224.057     0.0289      8.146    93.4978 3.0912e+01  2.0848171    24.9643  0.000e+00
      1.715      1.729    12.7331  38.707335    33.0874    221.491     0.0216      8.150    93.4978 4.0390e+01  2.2835350    24.9638  0.000e+00
      1.901      1.917    12.7307  38.704405    33.0867    222.620     0.0289      8.150    93.3429 4.4950e+01  1.8198598    24.9637  0.000e+00
      1.981      1.998    12.7312  38.704215    33.0860    223.486     0.0362      8.150    93.6269 4.2370e+01  1.8860991    24.9632  0.000e+00
      1.537      1.550    12.7220  38.697017    33.0874    222.124     0.0069      8.155    93.6011 4.7552e+01  1.9192188    24.9660  0.000e+00
      1.513      1.526    12.7229  38.698227    33.0878    222.860     0.0289      8.155    92.0518 5.4430e+01  1.9523385    24.9661  0.000e+00
      1.998      2.014    12.7220  38.697910    33.0880    225.164     0.0289      8.155    92.6457 3.3826e+01  1.9523385    24.9665  0.000e+00
      2.087      2.104    12.7240  38.698993    33.0873    222.130     0.0216      8.155    93.3429 4.0848e+01  1.6542615    24.9656  0.000e+00
      1.486      1.499    12.7239  38.697335    33.0861    221.034     0.0143      8.155    92.6457 4.5715e+01  1.3561846    24.9646  0.000e+00
      1.574      1.587    12.7240  38.698545    33.0871    222.549     0.0216      8.160    91.0705 3.1174e+01  1.7867402    24.9654  0.000e+00
      2.144      2.162    12.7238  38.699503    33.0879    221.823     0.0289      8.160    92.2842 4.0277e+01  2.4160137    24.9660  0.000e+00
      2.596      2.618    12.7244  38.700205    33.0879    222.946     0.0289      8.160    92.7748 3.1705e+01  2.3828940    24.9659  0.000e+00
      3.102      3.128    12.7263  38.702181    33.0879    222.272     0.0143      8.160    93.2396 2.9633e+01  2.2835350    24.9655  0.000e+00
      3.935      3.967    12.7267  38.703140    33.0881    220.902     0.0143      8.164    93.4978 2.6701e+01  1.8860991    24.9657  0.000e+00
      4.553      4.591    12.7328  38.708747    33.0879    222.283     0.0289      8.164    93.6269 2.2046e+01  1.6873812    24.9643  0.000e+00
      5.087      5.130    12.7312  38.707793    33.0881    223.479     0.0216      8.164    93.7818 1.7349e+01  2.4160137    24.9649  0.000e+00
      5.975      6.025    12.7347  38.711427    33.0881    222.684     0.0069      8.164    93.7302 1.5987e+01  2.4160137    24.9642  0.000e+00
      6.864      6.921    12.7340  38.711112    33.0881    223.021     0.0216      8.169    93.7302 1.4899e+01  2.5484923    24.9644  0.000e+00
      7.511      7.574    12.7328  38.710223    33.0880    222.891     0.0216      8.169    93.7044 1.3271e+01  2.5484923    24.9645  0.000e+00
      8.170      8.239    12.7351  38.712709    33.0881    222.094     0.0216      8.169    93.7302 1.0679e+01  2.1179368    24.9641  0.000e+00
      8.999      9.074    12.7372  38.715005    33.0880    221.953     0.0216      8.169    93.8076 9.2982e+00  2.1179368    24.9637  0.000e+00
      9.758      9.839    12.7351  38.713225    33.0879    224.058     0.0289      8.169    93.7818 8.9881e+00  1.2899453    24.9641  0.000e+00
     10.333     10.419    12.7342  38.712972    33.0883    224.295     0.0289      8.174    93.7044 7.7810e+00  1.3893043    24.9645  0.000e+00
     10.945     11.036    12.7350  38.713803    33.0881    223.224     0.0216      8.174    93.7818 7.1680e+00  1.9854581    24.9642  0.000e+00
     11.696     11.794    12.7352  38.714379    33.0882    222.502     0.0216      8.174    93.7818 6.6217e+00  1.7867402    24.9643  0.000e+00
     12.418     12.522    12.7361  38.715401    33.0880    223.261     0.0289      8.174    93.7044 6.0649e+00  1.3230650    24.9640  0.000e+00
     12.969     13.078    12.7364  38.716167    33.0882    222.966     0.0289      8.174    93.8076 5.7796e+00  1.5880222    24.9641  0.000e+00
     13.547     13.661    12.7342  38.714004    33.0879    221.816     0.0216      8.174    93.8335 5.3384e+00  2.0516974    24.9643  0.000e+00
     14.336     14.456    12.7209  38.702351    33.0881    222.706     0.0216      8.174    93.8335 4.4767e+00  1.8198598    24.9671  0.000e+00
     15.268     15.396    12.7057  38.688472    33.0878    223.611     0.0143      8.174    93.8335 3.7315e+00  1.8529795    24.9698  0.000e+00
     16.089     16.223    12.6484  38.633982    33.0859    222.944     0.0143      8.174    93.7818 3.5249e+00  1.9854581    24.9795  0.000e+00
     16.554     16.693    12.6141  38.604904    33.0880    222.147     0.0216      8.174    93.7560 3.6164e+00  2.1179368    24.9878  0.000e+00
     16.845     16.986    12.6141  38.605160    33.0882    222.219     0.0362      8.174    93.6269 3.4063e+00  2.1179368    24.9879  0.000e+00
     17.466     17.612    12.6107  38.601154    33.0871    222.693     0.0362      8.174    93.4461 3.1448e+00  2.1510564    24.9878  0.000e+00
     18.435     18.589    12.6090  38.599758    33.0869    221.451     0.0216      8.174    93.2654 2.5232e+00  2.1510564    24.9880  0.000e+00
     19.379     19.541    12.6041  38.595499    33.0867    221.874     0.0143      8.179    92.9814 2.1058e+00  1.9523385    24.9888  0.000e+00
     19.791     19.957    12.6032  38.594928    33.0868    221.645     0.0216      8.179    93.1105 2.2368e+00  1.5217829    24.9891  0.000e+00
     20.040     20.208    12.6086  38.599573    33.0864    221.408     0.0436      8.179    92.9555 2.2240e+00  2.2835350    24.9877  0.000e+00
     20.811     20.985    12.5996  38.591624    33.0864    221.755     0.0362      8.179    93.0588 1.9371e+00  1.9192188    24.9894  0.000e+00
     21.779     21.962    12.5899  38.582658    33.0859    221.454     0.0143      8.179    92.6715 1.5194e+00  1.9192188    24.9910  0.000e+00
     22.394     22.582    12.5884  38.581007    33.0854    221.323     0.0216      8.179    92.4649 1.5194e+00  2.0848171    24.9909  0.000e+00
     22.816     23.008    12.5875  38.581072    33.0861    221.933     0.0436      8.179    92.6973 1.4760e+00  1.8198598    24.9916  0.000e+00
     23.576     23.774    12.5898  38.583683    33.0862    221.414     0.0289      8.179    92.6198 1.2539e+00  2.0848171    24.9913  0.000e+00
     24.407     24.612    12.5944  38.587884    33.0858    221.196     0.0216      8.179    92.5424 1.0863e+00  2.4160137    24.9901  0.000e+00
     25.091     25.301    12.5845  38.578791    33.0856    222.077     0.0362      8.179    92.7490 1.0486e+00  2.6478513    24.9919  0.000e+00
     25.705     25.920    12.5807  38.575804    33.0858    220.986     0.0436      8.179    92.7490 9.6844e-01  2.1841761    24.9928  0.000e+00
     26.305     26.526    12.5785  38.573834    33.0856    221.168     0.0362      8.179    92.5424 8.6798e-01  1.5880222    24.9931  0.000e+00
     26.936     27.162    12.5799  38.575554    33.0857    221.840     0.0509      8.179    92.2583 7.8677e-01  2.0848171    24.9929  0.000e+00
     27.744     27.977    12.5832  38.578928    33.0858    220.876     0.0509      8.179    92.0001 6.7520e-01  2.6809709    24.9923  0.000e+00
     28.584     28.824    12.5839  38.579885    33.0857    220.897     0.0436      8.179    91.6903 5.7853e-01  2.6809709    24.9921  0.000e+00
     29.226     29.472    12.5834  38.579443    33.0855    220.983     0.0655      8.179    91.8968 5.4259e-01  2.0185778    24.9921  0.000e+00
     29.842     30.093    12.5843  38.580781    33.0856    220.619     0.0729      8.179    92.0001 4.9478e-01  2.2172957    24.9921  0.000e+00
     30.526     30.782    12.5912  38.587526    33.0858    221.954     0.0289      8.179    92.1809 4.3700e-01  2.3497744    24.9908  0.000e+00
     31.102     31.363    12.5865  38.583266    33.0856    221.462     0.0289      8.183    92.6973 4.1434e-01  2.3828940    24.9917  0.000e+00
     31.756     32.023    12.5928  38.589439    33.0857    220.789     0.0289      8.183    92.8522 3.8536e-01  1.9192188    24.9905  0.000e+00
     32.626     32.901    12.5828  38.580409    33.0854    221.677     0.0216      8.183    92.5166 3.1905e-01  1.7205009    24.9923  0.000e+00
     33.410     33.691    12.5814  38.579331    33.0854    220.954     0.0289      8.184    92.4649 2.8743e-01  1.7867402    24.9925  0.000e+00
     33.971     34.257    12.5829  38.581305    33.0857    221.118     0.0362      8.183    92.8264 2.7356e-01  1.9854581    24.9925  0.000e+00
     34.689     34.981    12.5876  38.585824    33.0856    221.558     0.0362      8.183    92.5940 2.3850e-01  1.8198598    24.9915  0.000e+00
     35.565     35.864    12.5847  38.583537    33.0856    221.375     0.0216      8.183    92.5424 1.9738e-01  1.7536205    24.9921  0.000e+00
     36.249     36.554    12.5890  38.587865    33.0856    221.750     0.0289      8.183    92.4649 1.8525e-01  1.7205009    24.9913  0.000e+00
     36.643     36.952    12.5894  38.588185    33.0855    221.760     0.0216      8.183    92.8522 1.8005e-01  1.7867402    24.9911  0.000e+00
     37.107     37.419    12.5889  38.588123    33.0856    221.554     0.0655      8.183    93.0330 1.6695e-01  2.2504154    24.9914  0.000e+00
     37.628     37.945    12.5892  38.588634    33.0856    221.568     0.0362      8.183    93.0072 1.5176e-01  2.2172957    24.9913  0.000e+00
     38.171     38.492    12.5884  38.588127    33.0857    221.587     0.0069      8.183    92.9555 1.3870e-01  2.3166547    24.9915  0.000e+00
     38.936     39.264    12.5827  38.582596    33.0851    221.636     0.0362      8.183    92.6973 1.1973e-01  2.2172957    24.9922  0.000e+00
     39.837     40.173    12.5728  38.574203    33.0853    221.330     0.0362      8.184    92.3358 1.0100e-01  1.8860991    24.9943  0.000e+00
     40.689     41.032    12.5774  38.578850    33.0854    221.333     0.0362      8.184    91.6386 8.9296e-02  2.3497744    24.9935  0.000e+00
     41.476     41.826    12.5767  38.578471    33.0854    221.203     0.0509      8.184    91.4579 7.7089e-02  2.8796889    24.9936  0.000e+00
     42.122     42.477    12.5733  38.575357    33.0850    221.614     0.0436      8.184    91.2513 6.6609e-02  2.6809709    24.9940  0.000e+00
     42.466     42.824    12.5715  38.574023    33.0852    221.854     0.0436      8.184    91.6128 6.2167e-02  1.9192188    24.9945  0.000e+00
     42.900     43.262    12.5720  38.574533    33.0851    221.642     0.0509      8.184    91.8194 6.1856e-02  2.4822530    24.9944  0.000e+00
     43.617     43.985    12.5756  38.578288    33.0852    221.645     0.0509      8.184    91.5612 5.2081e-02  2.0185778    24.9937  0.000e+00
     44.397     44.772    12.5769  38.579881    33.0852    222.038     0.0582      8.184    91.1997 4.5520e-02  2.0848171    24.9935  0.000e+00
     45.116     45.497    12.5787  38.581792    33.0852    222.050     0.0436      8.184    91.1222 4.0630e-02  2.3828940    24.9932  0.000e+00
     45.796     46.183    12.5787  38.581986    33.0851    221.848     0.0582      8.184    91.1997 3.5996e-02  1.9854581    24.9931  0.000e+00
     46.570     46.963    12.5780  38.581734    33.0852    221.873     0.0362      8.184    91.3804 2.8295e-02  2.6478513    24.9934  0.000e+00
     47.440     47.841    12.5730  38.577349    33.0850    221.544     0.0289      8.184    91.0964 2.2284e-02  2.8134496    24.9942  0.000e+00
     48.231     48.638    12.5813  38.585812    33.0855    221.527     0.0436      8.184    90.9673 1.8793e-02  2.8134496    24.9930  0.000e+00
     48.829     49.242    12.5841  38.588167    33.0851    221.753     0.0582      8.183    90.6574 1.6015e-02  2.7803299    24.9921  0.000e+00
     49.264     49.680    12.5803  38.584798    33.0849    221.783     0.0509      8.184    90.9673 1.4936e-02  2.8134496    24.9928  0.000e+00
     49.702     50.122    12.5857  38.590524    33.0855    222.147     0.0582      8.183    91.9743 1.3178e-02  2.6809709    24.9921  0.000e+00
     50.256     50.680    12.5788  38.583466    33.0846    222.575     0.0729      8.184    92.1292 1.0632e-02  2.2835350    24.9928  0.000e+00
     50.996     51.427    12.5637  38.570175    33.0848    222.444     0.0582      8.184    91.5353 7.4005e-03  1.6873812    24.9959  0.000e+00
     51.808     52.246    12.5627  38.569479    33.0848    222.250     0.0509      8.184    90.7349 6.3117e-03  2.3166547    24.9961  0.000e+00
     52.630     53.076    12.5715  38.578068    33.0849    221.853     0.0729      8.184    89.9602 3.9018e-03  2.5153726    24.9945  0.000e+00
     53.477     53.930    12.5728  38.579534    33.0848    221.493     0.0362      8.184    89.2372 1.8804e-03  2.4160137    24.9942  0.000e+00
     54.253     54.712    12.5717  38.578901    33.0848    221.742     0.0362      8.184    89.4954 1.1775e-03  2.1510564    24.9945  0.000e+00
     54.762     55.226    12.5679  38.575277    33.0845    221.998     0.0509      8.184    89.9344 7.6046e-04  2.4822530    24.9950  0.000e+00
     55.166     55.633    12.5655  38.573689    33.0849    222.020     0.0655      8.184    90.3734 1.0000e-12  2.1510564    24.9957  0.000e+00
     55.615     56.086    12.5675  38.575599    33.0848    222.402     0.0729      8.184    90.5025 7.3199e-05  2.3166547    24.9953  0.000e+00
     56.250     56.727    12.5669  38.575092    33.0845    222.423     0.0729      8.184    90.0893 1.0000e-12  2.7140906    24.9952  0.000e+00
     57.189     57.674    12.5654  38.574333    33.0847    221.855     0.0582      8.184    88.8757 1.0000e-12  2.7140906    24.9957  0.000e+00
     58.162     58.655    12.5665  38.575736    33.0847    221.877     0.0436      8.184    87.4297 1.0000e-12  1.7205009    24.9955  0.000e+00
     58.749     59.246    12.5648  38.574402    33.0848    222.125     0.0582      8.184    87.4297 1.0000e-12  2.5153726    24.9959  0.000e+00
     59.183     59.685    12.5656  38.574976    33.0844    221.755     0.0655      8.184    87.4813 1.0000e-12  2.9459282    24.9955  0.000e+00
     59.955     60.464    12.5636  38.573643    33.0846    222.165     0.0582      8.184    87.3522 1.0000e-12  2.4822530    24.9960  0.000e+00
     60.747     61.262    12.5647  38.574918    33.0845    222.026     0.0582      8.184    87.1456 1.0000e-12  1.6542615    24.9957  0.000e+00
     61.157     61.675    12.5635  38.573902    33.0844    221.820     0.0582      8.184    88.1785 1.0000e-12  2.1841761    24.9959  0.000e+00
     61.525     62.047    12.5641  38.574667    33.0844    222.430     0.0729      8.184    89.3921 1.0000e-12  2.4822530    24.9958  0.000e+00
     62.289     62.817    12.5625  38.573398    33.0843    222.459     0.0436      8.184    89.2114 1.0000e-12  2.4491333    24.9960  0.000e+00
     63.299     63.836    12.5597  38.571239    33.0843    222.278     0.0436      8.184    88.0752 1.0000e-12  2.6809709    24.9966  0.000e+00
     64.237     64.782    12.5601  38.572133    33.0844    221.923     0.0582      8.184    87.3522 1.0000e-12  2.4491333    24.9966  0.000e+00
