Arg_L2_F6_NV.cnv
* Sea-Bird SBE 9 Data File:
* FileName = S:\CTD_Data\CTD\Data\Argentina 2014\Data\Arg_L2_F6.hex
* Software Version Seasave V 7.21g
* Temperature SN = 5769
* Conductivity SN = 4244
* Number of Bytes Per Scan = 31
* Number of Voltage Words = 4
* Number of Scans Averaged by the Deck Unit = 24
* NMEA Latitude = 46 29.68 S
* NMEA Longitude = 066 00.79 W
* NMEA UTC (Time) = Feb 08 2014 16:26:45
* NMEA baud rate = 9600
** R/V Coriolis II
** MARES project, ARGENTINA 2014
** Chief scientist : Dr. Gustavo Ferreyra
** Co-Chief scientist : Dr. José Luis Esteves
# nquan = 13
# nvalues = 584                                   
# units = specified
# name 0 = depSM: Depth [salt water, m]
# name 1 = prDM: Pressure, Digiquartz [db]
# name 2 = t090C: Temperature [ITS-90, deg C]
# name 3 = c0mS/cm: Conductivity [mS/cm]
# name 4 = sal00: Salinity, Practical [PSU]
# name 5 = sbeox0Mm/Kg: Oxygen, SBE 43 [umol/Kg]
# name 6 = flECO-AFL: Fluorescence, WET Labs ECO-AFL/FL [mg/m^3]
# name 7 = ph: pH
# name 8 = CStarTr0: Beam Transmission, WET Labs C-Star [%]
# name 9 = par: PAR/Irradiance, Biospherical/Licor
# name 10 = upoly0: Upoly 0, Nitrate
# name 11 = sigma-é00: Density [sigma-theta, Kg/m^3]
# name 12 = flag:  0.000e+00
# span 0 =     -0.232,     86.310                 
# span 1 =     -0.234,     87.047                 
# span 2 =     9.1058,    14.8116                 
# span 3 =   4.211776,  41.010794                 
# span 4 =     2.8568,    33.4280                 
# span 5 =    149.396,    268.442                 
# span 6 =    -0.0370,     2.4978                 
# span 7 =      7.829,      8.231                 
# span 8 =    63.8286,    96.2349                 
# span 9 = 1.0000e-12, 1.8507e+03                 
# span 10 = -0.7634735,  3.7739197                
# span 11 =     1.3837,    25.8113                
# span 12 = 0.0000e+00, 0.0000e+00                
# interval = seconds: 1
# start_time = Feb 08 2014 16:26:45 [NMEA time, header]
# bad_flag = -9.990e-29
*END*
[from data line 112]
     74.477     75.110    10.0253  36.446488    33.2660    168.021     0.0143      7.935    84.7184 3.3423e-02 -0.0348410    25.5953  0.000e+00
     74.887     75.524     9.7697  36.241525    33.2927    167.398     0.0289      7.931    85.5705 2.9382e-02 -0.5316359    25.6587  0.000e+00
     75.525     76.168     9.6123  36.114432    33.3080    165.373     0.0143      7.918    85.9320 2.6377e-02 -0.6309949    25.6965  0.000e+00
     76.392     77.042     9.5106  36.031638    33.3170    162.527    -0.0150      7.904    85.1057 2.2086e-02 -0.6309949    25.7201  0.000e+00
     77.326     77.984     9.4029  35.944097    33.3266    159.618    -0.0150      7.890    83.8921 1.3875e-02 -0.6309949    25.7451  0.000e+00
     78.065     78.730     9.3169  35.876410    33.3365    156.721    -0.0224      7.881    81.8780 1.0966e-02 -0.6309949    25.7667  0.000e+00
     78.455     79.123     9.2918  35.859853    33.3426    154.174    -0.0224      7.876    79.9672 8.8324e-03  1.0581077    25.7754  0.000e+00
     78.831     79.502     9.2775  35.842927    33.3383    152.779    -0.0150      7.871    79.1151 9.6436e-03  1.4555436    25.7744  0.000e+00
     79.465     80.142     9.2550  35.825264    33.3407    152.752    -0.0150      7.872    78.9860 6.0045e-03 -0.6309949    25.7799  0.000e+00
     80.354     81.039     9.2190  35.796493    33.3441    152.213    -0.0224      7.872    78.3146 1.0381e-03  1.6542615    25.7883  0.000e+00
     81.350     82.044     9.1946  35.777297    33.3466    151.696    -0.0150      7.867    76.4813 1.0000e-12  0.2632359    25.7941  0.000e+00
     82.120     82.820     9.1809  35.766252    33.3476    152.043    -0.0224      7.862    75.0352 1.0000e-12 -0.1673197    25.7971  0.000e+00
     82.250     82.951     9.1969  35.779893    33.3467    152.168    -0.0297      7.862    74.6996 1.0000e-12  1.0581077    25.7939  0.000e+00
     82.311     83.013     9.2406  35.809959    33.3371    151.643    -0.0150      7.862    74.9061 1.0000e-12 -0.5978752    25.7794  0.000e+00
     82.775     83.481     9.1784  35.762674    33.3459    152.080    -0.0150      7.858    74.9320 1.0000e-12  0.4950735    25.7962  0.000e+00
     83.308     84.018     9.1578  35.746755    33.3485    151.935    -0.0150      7.858    74.4930 1.0000e-12  0.5944325    25.8015  0.000e+00
     83.305     84.015     9.1712  35.758109    33.3477    151.554    -0.0150      7.858    74.4930 1.0000e-12 -0.6309949    25.7987  0.000e+00
     83.058     83.766     9.2035  35.780512    33.3408    151.393    -0.0224      7.858    74.3122 1.0000e-12 -0.3991573    25.7882  0.000e+00
     83.396     84.107     9.1663  35.751753    33.3456    151.636    -0.0150      7.858    74.2606 1.0000e-12 -0.4985162    25.7979  0.000e+00
     84.160     84.878     9.1410  35.732320    33.3488    151.397    -0.0150      7.858    73.3310 1.0000e-12 -0.5647556    25.8044  0.000e+00
     84.371     85.091     9.1429  35.734850    33.3495    151.225    -0.0150      7.853    73.0212 1.0000e-12 -0.4653966    25.8047  0.000e+00
     83.967     84.683     9.1595  35.744967    33.3447    150.830    -0.0150      7.853    72.7371 1.0000e-12  0.1307573    25.7983  0.000e+00
     83.908     84.624     9.1427  35.732997    33.3480    151.166    -0.0150      7.853    73.3310 1.0000e-12  0.2963556    25.8035  0.000e+00
     84.397     85.117     9.1365  35.727878    33.3482    151.311    -0.0077      7.853    72.9953 1.0000e-12  0.3294752    25.8047  0.000e+00
     84.759     85.482     9.1282  35.721155    33.3489    150.894    -0.0004      7.853    72.7629 1.0000e-12  0.1638769    25.8065  0.000e+00
     84.733     85.456     9.1275  35.720538    33.3489    150.728    -0.0004      7.853    73.4601 1.0000e-12 -0.6309949    25.8067  0.000e+00
     84.860     85.584     9.1298  35.721896    33.3481    150.555    -0.0224      7.853    73.3052 1.0000e-12 -0.4985162    25.8057  0.000e+00
     85.239     85.966     9.1150  35.710424    33.3498    150.442    -0.0077      7.848    73.1244 1.0000e-12 -0.0679607    25.8094  0.000e+00
     85.453     86.183     9.1088  35.705737    33.3507    150.751    -0.0004      7.848    71.8592 1.0000e-12  0.2963556    25.8110  0.000e+00
     85.509     86.238     9.1106  35.707094    33.3504    150.578    -0.0077      7.848    71.5751 1.0000e-12  0.1638769    25.8105  0.000e+00
     85.862     86.595     9.1095  35.705923    33.3501    150.136    -0.0004      7.848    70.3615 1.0000e-12  0.0313983    25.8105  0.000e+00
     86.004     86.738     9.1062  35.703395    33.3505    149.981    -0.0004      7.848    68.8897 1.0000e-12  0.0313983    25.8113  0.000e+00
     85.469     86.198     9.1133  35.708821    33.3497    150.232    -0.0004      7.848    68.4765 1.0000e-12 -0.0017214    25.8095  0.000e+00
     84.855     85.579     9.1181  35.711903    33.3487    150.036    -0.0004      7.848    70.2582 1.0000e-12 -0.1673197    25.8080  0.000e+00
     84.915     85.640     9.1160  35.710484    33.3492    150.044    -0.0004      7.848    70.6456 1.0000e-12 -0.1673197    25.8087  0.000e+00
     85.547     86.277     9.1095  35.705367    33.3496    150.362    -0.0150      7.848    68.1408 1.0000e-12  0.1969966    25.8101  0.000e+00
     85.973     86.707     9.1074  35.703888    33.3498    150.377    -0.0224      7.844    67.4695 1.0000e-12  0.3294752    25.8106  0.000e+00
     85.723     86.455     9.1200  35.714126    33.3488    150.331    -0.0077      7.844    68.0376 1.0000e-12  0.2301162    25.8078  0.000e+00
     85.266     85.993     9.1365  35.725290    33.3451    150.269    -0.0077      7.844    68.5282 1.0000e-12  1.6542615    25.8023  0.000e+00
     85.043     85.768     9.1315  35.721896    33.3464    150.281     0.0069      7.844    69.0188 1.0000e-12  0.1307573    25.8041  0.000e+00
     85.259     85.986     9.1251  35.717085    33.3474    150.306    -0.0004      7.844    68.5798 1.0000e-12  0.1307573    25.8058  0.000e+00
     85.829     86.562     9.1227  35.715545    33.3477    150.325    -0.0077      7.844    68.4249 1.0000e-12  1.2568256    25.8065  0.000e+00
     86.237     86.973     9.1076  35.704198    33.3498    150.382    -0.0077      7.844    68.2183 1.0000e-12 -0.1010803    25.8106  0.000e+00
     85.953     86.687     9.1273  35.719740    33.3477    150.312    -0.0004      7.844    69.4578 1.0000e-12  0.5613128    25.8058  0.000e+00
     85.325     86.053     9.1206  35.712768    33.3470    149.871    -0.0077      7.844    70.0517 1.0000e-12  0.4619538    25.8063  0.000e+00
     84.983     85.708     9.1206  35.713383    33.3478    150.316    -0.0004      7.844    69.4319 1.0000e-12 -0.0348410    25.8069  0.000e+00
     85.081     85.807     9.1230  35.715049    33.3472    150.594    -0.0004      7.844    68.8122 1.0000e-12 -0.1010803    25.8061  0.000e+00
     85.440     86.169     9.1099  35.704873    33.3488    150.361    -0.0077      7.844    68.6573 1.0000e-12  0.6937915    25.8094  0.000e+00
     85.916     86.649     9.1072  35.703148    33.3493    149.926    -0.0004      7.844    68.4765 1.0000e-12  0.9587487    25.8102  0.000e+00
     86.078     86.812     9.1088  35.704382    33.3490    149.924    -0.0004      7.844    69.2512 1.0000e-12  0.8593897    25.8097  0.000e+00
     85.530     86.259     9.1175  35.710671    33.3476    150.169    -0.0224      7.844    69.9742 1.0000e-12  0.3625949    25.8072  0.000e+00
     84.815     85.539     9.1162  35.709127    33.3476    150.160    -0.0077      7.839    70.3099 1.0000e-12  0.1638769    25.8074  0.000e+00
     84.785     85.509     9.1187  35.711532    33.3478    150.151    -0.0077      7.839    69.9484 1.0000e-12  0.4619538    25.8072  0.000e+00
     85.536     86.266     9.1153  35.708944    33.3479    150.177    -0.0150      7.839    68.8639 1.0000e-12  0.4619538    25.8078  0.000e+00
     86.310     87.047     9.1058  35.702039    33.3493    149.770    -0.0150      7.839    67.9859 1.0000e-12 -0.6309949    25.8104  0.000e+00
     85.969     86.703     9.1114  35.706417    33.3487    149.745    -0.0150      7.839    67.6244 1.0000e-12 -0.6309949    25.8091  0.000e+00
     85.164     85.891     9.1194  35.712212    33.3476    149.988    -0.0077      7.839    68.0634 1.0000e-12 -0.5978752    25.8069  0.000e+00
     84.840     85.564     9.1201  35.712396    33.3474    149.979    -0.0004      7.839    68.0376 1.0000e-12 -0.4322769    25.8066  0.000e+00
     85.120     85.846     9.1188  35.711348    33.3474    149.989    -0.0077      7.839    67.1338 1.0000e-12  0.0976376    25.8068  0.000e+00
     85.590     86.321     9.1093  35.704319    33.3487    150.030    -0.0004      7.839    66.9789 1.0000e-12  3.2771248    25.8094  0.000e+00
     85.895     86.629     9.1080  35.703333    33.3487    150.040     0.0069      7.839    68.1925 1.0000e-12  1.1243470    25.8096  0.000e+00
     85.600     86.331     9.1153  35.709315    33.3482    150.010    -0.0004      7.839    69.5869 1.0000e-12 -0.6309949    25.8081  0.000e+00
     84.948     85.673     9.1170  35.709621    33.3473    149.992    -0.0077      7.839    69.2770 1.0000e-12 -0.6309949    25.8070  0.000e+00
     84.798     85.521     9.1164  35.709497    33.3478    149.991    -0.0077      7.839    68.3991 1.0000e-12 -0.6309949    25.8075  0.000e+00
     85.464     86.193     9.1124  35.706600    33.3483    150.017    -0.0150      7.839    67.2887 1.0000e-12 -0.6309949    25.8086  0.000e+00
     86.090     86.825     9.1127  35.707034    33.3481    150.029    -0.0150      7.839    67.3920 1.0000e-12  1.3230650    25.8084  0.000e+00
     85.890     86.623     9.1159  35.709562    33.3478    150.014    -0.0077      7.839    69.1737 1.0000e-12  3.7739197    25.8077  0.000e+00
     85.324     86.053     9.1206  35.712829    33.3471    149.988    -0.0077      7.839    69.3545 1.0000e-12  0.2632359    25.8063  0.000e+00
     85.113     85.839     9.1204  35.712397    33.3469    149.985    -0.0150      7.839    69.2254 1.0000e-12  1.7536205    25.8063  0.000e+00
     85.387     86.115     9.1221  35.714187    33.3471    149.984    -0.0150      7.839    68.6831 1.0000e-12  0.9587487    25.8061  0.000e+00
     85.579     86.309     9.1270  35.717827    33.3462    150.425    -0.0077      7.839    68.7347 1.0000e-12 -0.6309949    25.8046  0.000e+00
     85.516     86.246     9.1234  35.715174    33.3468    150.435    -0.0004      7.839    69.9742 1.0000e-12 -0.6309949    25.8057  0.000e+00
     85.483     86.213     9.1275  35.718505    33.3464    150.137    -0.0224      7.839    71.9883 1.0000e-12  0.0645179    25.8047  0.000e+00
     85.414     86.143     9.1279  35.718443    33.3460    149.682    -0.0150      7.839    73.2794 1.0000e-12  0.0313983    25.8043  0.000e+00
     85.223     85.951     9.1293  35.719614    33.3461    150.126    -0.0150      7.839    73.3052 7.3199e-05 -0.1010803    25.8042  0.000e+00
     85.206     85.933     9.1302  35.720108    33.3457    149.955    -0.0224      7.839    72.7629 1.0000e-12  0.6275521    25.8037  0.000e+00
     85.524     86.254     9.1221  35.713755    33.3466    150.157    -0.0077      7.839    72.6855 1.0000e-12  0.8262701    25.8057  0.000e+00
     85.824     86.557     9.1159  35.709192    33.3475    150.014    -0.0004      7.834    71.2395 7.3199e-05  0.8593897    25.8074  0.000e+00
     85.847     86.579     9.1141  35.707897    33.3478    149.736    -0.0077      7.834    70.2840 2.0988e-04  0.7600308    25.8079  0.000e+00
     85.797     86.529     9.1137  35.707465    33.3478    150.021    -0.0224      7.834    70.1549 1.0381e-03  0.4288342    25.8080  0.000e+00
     85.698     86.429     9.1133  35.707218    33.3479    150.020    -0.0150      7.834    70.9296 1.1775e-03  1.4555436    25.8081  0.000e+00
     85.421     86.150     9.1153  35.708635    33.3476    150.008    -0.0150      7.834    71.6010 2.0988e-04  0.2963556    25.8076  0.000e+00
     85.194     85.921     9.1167  35.709375    33.3473    150.000    -0.0150      7.834    70.6456 2.0988e-04 -0.2666786    25.8071  0.000e+00
     85.328     86.057     9.1175  35.710362    33.3474    150.000     0.0069      7.834    70.5423 1.0000e-12  0.5281932    25.8071  0.000e+00
     85.635     86.366     9.1286  35.719184    33.3460    149.969    -0.0150      7.834    70.3873 2.0988e-04 -0.5647556    25.8042  0.000e+00
     85.692     86.423     9.1271  35.718012    33.3462    149.523    -0.0004      7.834    71.2136 4.8439e-04 -0.0348410    25.8046  0.000e+00
     85.476     86.206     9.1345  35.723687    33.3453    149.947    -0.0004      7.834    72.4531 1.0000e-12  0.3294752    25.8027  0.000e+00
     85.320     86.048     9.1273  35.717826    33.3460    150.252    -0.0150      7.834    72.4014 1.0000e-12  0.3294752    25.8044  0.000e+00
     85.523     86.253     9.1165  35.710055    33.3479    150.007    -0.0077      7.834    72.2207 1.0000e-12  0.6606718    25.8077  0.000e+00
     85.926     86.660     9.1230  35.714374    33.3462    149.994    -0.0077      7.834    71.0587 7.3199e-05  0.8593897    25.8053  0.000e+00
     86.070     86.804     9.1131  35.707157    33.3479    150.029     0.0069      7.834    70.4390 1.0000e-12  0.5281932    25.8082  0.000e+00
     85.835     86.568     9.1147  35.708143    33.3475    150.019    -0.0077      7.834    70.1033 7.6046e-04 -0.6309949    25.8076  0.000e+00
     85.547     86.277     9.1155  35.708636    33.3474    149.559    -0.0224      7.834    70.3099 3.4694e-04 -0.6309949    25.8074  0.000e+00
     85.465     86.194     9.1222  35.714310    33.3471    149.535    -0.0077      7.834    71.3686 6.2223e-04  1.1243470    25.8061  0.000e+00
     85.563     86.293     9.1197  35.711843    33.3468    150.282     0.0069      7.834    71.8075 4.8439e-04  0.6275521    25.8062  0.000e+00
     85.630     86.360     9.1185  35.711350    33.3474    150.287     0.0069      7.834    71.7817 8.9907e-04 -0.3329179    25.8069  0.000e+00
     85.556     86.286     9.1318  35.721466    33.3455    149.958    -0.0150      7.834    72.9953 4.8439e-04  1.8198598    25.8033  0.000e+00
     85.463     86.193     9.1388  35.727018    33.3447    149.933    -0.0150      7.834    73.4085 1.0381e-03  1.4224239    25.8016  0.000e+00
     85.485     86.214     9.1431  35.730411    33.3442    149.467    -0.0150      7.834    72.9953 7.6046e-04  1.0581077    25.8006  0.000e+00
     85.586     86.316     9.1452  35.732015    33.3439    149.915    -0.0150      7.834    73.6151 6.2223e-04  0.6606718    25.7999  0.000e+00
     85.780     86.512     9.1376  35.725847    33.3445    150.228    -0.0150      7.834    74.0024 7.6046e-04 -0.0348410    25.8016  0.000e+00
     86.010     86.744     9.1343  35.723750    33.3453    149.959    -0.0150      7.834    74.0024 4.8439e-04  0.2963556    25.8028  0.000e+00
     86.048     86.783     9.1349  35.724429    33.3454    149.957    -0.0150      7.834    73.4343 1.5980e-03 -0.1342000    25.8028  0.000e+00
     85.849     86.582     9.1427  35.730412    33.3445    149.928    -0.0077      7.834    73.4859 1.1775e-03 -0.5647556    25.8008  0.000e+00
     85.632     86.363     9.1461  35.732879    33.3439    149.913    -0.0004      7.834    73.2535 1.5980e-03 -0.3660376    25.7998  0.000e+00
     85.513     86.243     9.1490  35.735162    33.3436    149.901    -0.0077      7.834    73.2794 7.6046e-04 -0.5978752    25.7991  0.000e+00
     85.462     86.191     9.1501  35.736025    33.3436    150.348    -0.0077      7.834    73.5118 1.7390e-03 -0.6309949    25.7989  0.000e+00
     85.551     86.281     9.1454  35.732077    33.3438    150.366    -0.0077      7.834    74.0798 3.0257e-03 -0.6309949    25.7998  0.000e+00
     85.689     86.420     9.1365  35.725415    33.3451    150.114    -0.0150      7.834    73.5892 1.8804e-03 -0.5978752    25.8022  0.000e+00
     85.659     86.390     9.1271  35.718506    33.3467    150.144    -0.0150      7.834    72.4014 1.1775e-03  1.8198598    25.8050  0.000e+00
