Arg_L2_SF06_NV.cnv
* Sea-Bird SBE 9 Data File:
* FileName = S:\CTD_Data\CTD\Data\Argentina 2014\Data\Arg_L2_SF06.hex
* Software Version Seasave V 7.21g
* Temperature SN = 5769
* Conductivity SN = 4244
* Number of Bytes Per Scan = 31
* Number of Voltage Words = 4
* Number of Scans Averaged by the Deck Unit = 24
* NMEA Latitude = 45 56.70 S
* NMEA Longitude = 065 33.71 W
* NMEA UTC (Time) = Feb 07 2014 03:00:59
* NMEA baud rate = 9600
** R/V Coriolis II
** MARES project, ARGENTINA 2014
** Chief scientist : Dr. Gustavo Ferreyra
** Co-Chief scientist : Dr. José Luis Esteves
# nquan = 13
# nvalues = 413                                   
# units = specified
# name 0 = depSM: Depth [salt water, m]
# name 1 = prDM: Pressure, Digiquartz [db]
# name 2 = t090C: Temperature [ITS-90, deg C]
# name 3 = c0mS/cm: Conductivity [mS/cm]
# name 4 = sal00: Salinity, Practical [PSU]
# name 5 = sbeox0Mm/Kg: Oxygen, SBE 43 [umol/Kg]
# name 6 = flECO-AFL: Fluorescence, WET Labs ECO-AFL/FL [mg/m^3]
# name 7 = ph: pH
# name 8 = CStarTr0: Beam Transmission, WET Labs C-Star [%]
# name 9 = par: PAR/Irradiance, Biospherical/Licor
# name 10 = upoly0: Upoly 0, Nitrate
# name 11 = sigma-é00: Density [sigma-theta, Kg/m^3]
# name 12 = flag:  0.000e+00
# span 0 =     -0.403,     84.520                 
# span 1 =     -0.406,     85.237                 
# span 2 =     9.8716,    13.9856                 
# span 3 =   4.837814,  39.838940                 
# span 4 =     3.3550,    33.2350                 
# span 5 =    159.156,    254.751                 
# span 6 =    -0.1249,     1.3769                 
# span 7 =      7.902,      8.221                 
# span 8 =     8.4410,    97.5776                 
# span 9 = 1.0000e-12, 1.1352e+00                 
# span 10 = -0.6309949,  3.7739197                
# span 11 =     1.8443,    25.5877                
# span 12 = 0.0000e+00, 0.0000e+00                
# interval = seconds: 1
# start_time = Feb 07 2014 03:00:59 [NMEA time, header]
# bad_flag = -9.990e-29
*END*
[from data line 112]
     58.152     58.642    10.3682  36.624421    33.1390    191.602    -0.0370      8.005    83.5306 1.0000e-12  0.7931504    25.4379  0.000e+00
     58.457     58.949    10.3603  36.617943    33.1396    190.824    -0.0370      8.000    82.9367 1.0000e-12  1.1243470    25.4397  0.000e+00
     58.690     59.184    10.3394  36.601936    33.1424    190.257    -0.0150      8.000    82.7818 1.0000e-12  0.8262701    25.4454  0.000e+00
     59.329     59.829    10.3131  36.582944    33.1470    189.980    -0.0297      7.995    82.6010 1.0000e-12  1.5217829    25.4535  0.000e+00
     60.297     60.805    10.3067  36.579149    33.1486    188.525    -0.0370      7.991    80.8710 1.0000e-12  1.6873812    25.4559  0.000e+00
     61.345     61.862    10.3068  36.579401    33.1483    186.199    -0.0297      7.986    77.7723 1.0000e-12  1.5880222    25.4556  0.000e+00
     62.037     62.559    10.3067  36.579342    33.1480    185.234    -0.0297      7.986    75.3709 1.0000e-12  0.4288342    25.4555  0.000e+00
     62.235     62.759    10.3066  36.579218    33.1479    184.776    -0.0224      7.986    74.4155 1.0000e-12  2.7803299    25.4554  0.000e+00
     62.616     63.144    10.3061  36.579032    33.1480    184.228    -0.0077      7.986    74.9320 1.0000e-12  2.5484923    25.4556  0.000e+00
     63.408     63.943    10.3030  36.577167    33.1486    184.547    -0.0297      7.986    74.3122 1.0000e-12  1.9523385    25.4566  0.000e+00
     64.179     64.720    10.2986  36.574368    33.1494    184.611    -0.0297      7.986    73.8474 1.0000e-12  1.3561846    25.4579  0.000e+00
     64.645     65.190    10.2940  36.571194    33.1502    184.572    -0.0370      7.981    73.4859 1.0000e-12  1.3561846    25.4594  0.000e+00
     65.249     65.799    10.2898  36.568457    33.1510    184.111    -0.0297      7.981    73.2535 1.0000e-12  1.0581077    25.4607  0.000e+00
     66.251     66.810    10.2698  36.554328    33.1546    183.882    -0.0370      7.981    73.0470 1.0000e-12  1.1574667    25.4670  0.000e+00
     67.237     67.804    10.2574  36.545742    33.1569    183.460    -0.0370      7.977    72.2981 1.0000e-12  1.5217829    25.4708  0.000e+00
     67.476     68.045    10.2456  36.537091    33.1588    182.331    -0.0224      7.972    71.2911 1.0000e-12  2.1179368    25.4743  0.000e+00
     67.401     67.970    10.2515  36.541261    33.1576    181.389    -0.0224      7.972    71.1362 1.0000e-12  1.4224239    25.4724  0.000e+00
     67.753     68.324    10.2572  36.545121    33.1562    180.721    -0.0224      7.972    71.3686 1.0000e-12  1.3561846    25.4704  0.000e+00
     68.612     69.191    10.2315  36.526701    33.1607    180.605    -0.0224      7.972    70.3357 1.0000e-12  1.4555436    25.4782  0.000e+00
     69.713     70.302    10.1982  36.503060    33.1667    180.523    -0.0224      7.967    68.6573 1.0000e-12  1.1574667    25.4886  0.000e+00
     70.807     71.405    10.1651  36.479735    33.1729    179.749    -0.0224      7.963    66.7981 1.0000e-12  1.5549026    25.4991  0.000e+00
     71.239     71.841    10.1536  36.471527    33.1750    178.024    -0.0224      7.958    64.7066 1.0000e-12  1.4224239    25.5026  0.000e+00
     71.131     71.732    10.1596  36.475445    33.1735    176.058    -0.0150      7.958    65.1713 1.0000e-12  1.0912274    25.5005  0.000e+00
     71.299     71.901    10.1644  36.478680    33.1723    174.631    -0.0077      7.958    66.5141 1.0000e-12 -0.1673197    25.4987  0.000e+00
     71.954     72.562    10.1561  36.472835    33.1737    174.379    -0.0150      7.954    64.8873 1.0000e-12  1.1243470    25.5012  0.000e+00
     72.987     73.603    10.1462  36.466184    33.1755    174.569    -0.0077      7.954    63.3122 1.0000e-12  1.3230650    25.5043  0.000e+00
     74.104     74.731    10.1361  36.459285    33.1773    174.664    -0.0224      7.949    62.2793 1.0000e-12  1.3230650    25.5074  0.000e+00
     74.724     75.356    10.1286  36.453939    33.1786    174.476    -0.0150      7.949    61.9436 1.0000e-12  1.3230650    25.5097  0.000e+00
     74.747     75.379    10.1279  36.453442    33.1787    173.985    -0.0004      7.949    62.0727 1.0000e-12  1.8198598    25.5099  0.000e+00
     75.029     75.664    10.1225  36.449339    33.1793    173.517    -0.0004      7.949    62.5375 1.0000e-12  1.4224239    25.5113  0.000e+00
     75.717     76.358    10.0933  36.428638    33.1848    173.141    -0.0077      7.944    62.3568 1.0000e-12  1.6542615    25.5205  0.000e+00
     76.493     77.141    10.0810  36.420497    33.1875    172.707    -0.0077      7.944    62.3310 1.0000e-12  2.2835350    25.5247  0.000e+00
     77.111     77.763    10.0794  36.419318    33.1874    171.802    -0.0077      7.940    61.9953 1.0000e-12  1.0249880    25.5249  0.000e+00
     77.525     78.181    10.0768  36.417517    33.1878    170.464    -0.0150      7.940    61.8920 1.0000e-12  1.7205009    25.5257  0.000e+00
     78.040     78.701    10.0766  36.417395    33.1877    169.817    -0.0004      7.940    61.8145 1.0000e-12  1.2568256    25.5256  0.000e+00
     78.825     79.492    10.0739  36.415657    33.1880    169.880    -0.0004      7.940    61.9436 1.0000e-12  0.2963556    25.5264  0.000e+00
     79.627     80.301    10.0595  36.404969    33.1900    169.719    -0.0004      7.935    61.5047 1.0000e-12  1.0249880    25.5304  0.000e+00
     79.958     80.635    10.0348  36.387881    33.1953    169.748    -0.0077      7.935    61.5047 1.0000e-12  1.5880222    25.5386  0.000e+00
     79.999     80.676    10.0374  36.389807    33.1948    169.244    -0.0004      7.935    61.7371 1.0000e-12  1.1905863    25.5378  0.000e+00
     80.285     80.965    10.0312  36.384775    33.1952    168.511    -0.0004      7.930    62.0211 1.0000e-12  0.5281932    25.5392  0.000e+00
     80.830     81.515    10.0098  36.370052    33.1997    168.101    -0.0004      7.930    62.0211 1.0000e-12  0.4950735    25.5463  0.000e+00
     81.462     82.152    10.0010  36.363841    33.2012    167.217    -0.0077      7.926    61.8145 1.0000e-12  1.3893043    25.5489  0.000e+00
     82.159     82.855     9.9796  36.348625    33.2051    166.809    -0.0077      7.926    61.4014 1.0000e-12  1.1905863    25.5556  0.000e+00
     82.761     83.463     9.9689  36.340926    33.2069    165.764    -0.0004      7.921    61.1173 1.0000e-12  1.0581077    25.5587  0.000e+00
     82.582     83.282     9.9714  36.342664    33.2064    164.822    -0.0004      7.921    60.9366 1.0000e-12  1.2237060    25.5579  0.000e+00
     81.813     82.506     9.9798  36.348127    33.2046    163.952     0.0069      7.921    61.1948 1.0000e-12  2.4160137    25.5551  0.000e+00
     81.319     82.008     9.9887  36.354274    33.2028    163.683    -0.0004      7.921    60.4460 1.0000e-12  1.5880222    25.5522  0.000e+00
     81.622     82.314     9.9874  36.353219    33.2028    164.166    -0.0004      7.921    59.9037 1.0000e-12  0.9256291    25.5524  0.000e+00
     82.417     83.116     9.9680  36.339371    33.2062    164.619    -0.0224      7.916    59.7230 1.0000e-12  0.7269111    25.5584  0.000e+00
     83.041     83.745     9.9496  36.326643    33.2099    164.798    -0.0077      7.917    59.9037 1.0000e-12  2.1179368    25.5643  0.000e+00
     82.886     83.588     9.9497  36.326767    33.2100    164.195    -0.0004      7.917    60.4201 1.0000e-12  1.6542615    25.5644  0.000e+00
     82.379     83.077     9.9639  36.336452    33.2071    163.538    -0.0077      7.916    60.5493 1.0000e-12  1.9523385    25.5597  0.000e+00
     82.058     82.754     9.9733  36.342724    33.2049    162.736    -0.0077      7.916    60.0586 1.0000e-12  2.9128085    25.5565  0.000e+00
     82.116     82.812     9.9712  36.341047    33.2051    162.847    -0.0004      7.916    59.8779 1.0000e-12  3.3433641    25.5570  0.000e+00
     82.573     83.273     9.9439  36.321549    33.2102    163.754    -0.0004      7.917    59.9037 1.0000e-12  3.3433641    25.5655  0.000e+00
     83.198     83.903     9.9315  36.313231    33.2129    164.078    -0.0004      7.912    60.2394 1.0000e-12  2.9459282    25.5697  0.000e+00
     83.452     84.160     9.9224  36.306341    33.2141    163.246    -0.0004      7.907    59.9554 1.0000e-12  2.7140906    25.5722  0.000e+00
     82.998     83.701     9.9345  36.315031    33.2120    161.893     0.0069      7.907    60.0845 1.0000e-12  3.7739197    25.5685  0.000e+00
     82.244     82.941     9.9384  36.317326    33.2111    161.534    -0.0004      7.907    60.2394 1.0000e-12  2.6147316    25.5671  0.000e+00
     81.961     82.656     9.9536  36.328129    33.2082    161.415     0.0069      7.912    59.4647 1.0000e-12  2.2504154    25.5623  0.000e+00
     82.389     83.087     9.9433  36.320555    33.2098    161.995    -0.0150      7.912    59.1807 1.0000e-12  2.0516974    25.5653  0.000e+00
     83.147     83.852     9.9246  36.307457    33.2134    162.612    -0.0004      7.907    58.8708 1.0000e-12  1.9523385    25.5712  0.000e+00
     83.750     84.460     9.8963  36.286725    33.2181    162.722    -0.0077      7.907    59.1549 1.0000e-12  1.2568256    25.5796  0.000e+00
     83.766     84.476     9.8716  36.269409    33.2232    161.936     0.0069      7.903    59.1549 1.0000e-12  1.8860991    25.5877  0.000e+00
     83.230     83.936     9.9097  36.297338    33.2167    160.491     0.0069      7.903    59.3873 1.0000e-12  1.9854581    25.5763  0.000e+00
     82.738     83.439     9.9308  36.311305    33.2118    159.213     0.0069      7.907    59.4131 1.0000e-12  0.3957145    25.5689  0.000e+00
     82.904     83.606     9.9302  36.310871    33.2118    159.156     0.0069      7.907    58.8192 1.0000e-12  0.3957145    25.5691  0.000e+00
     83.466     84.173     9.9108  36.297090    33.2154    160.742    -0.0004      7.907    58.4060 1.0000e-12  0.6275521    25.5751  0.000e+00
     83.743     84.453     9.9082  36.296347    33.2169    161.293    -0.0004      7.903    58.7159 1.0000e-12  0.7600308    25.5767  0.000e+00
     83.689     84.398     9.9274  36.309508    33.2126    160.959     0.0069      7.902    59.2065 1.0000e-12  0.9256291    25.5701  0.000e+00
     83.409     84.116     9.9332  36.313232    33.2112    160.934     0.0143      7.907    59.3356 1.0000e-12  2.9128085    25.5681  0.000e+00
     83.203     83.908     9.9378  36.316273    33.2102    160.914     0.0216      7.907    59.2840 1.0000e-12  1.7536205    25.5665  0.000e+00
     83.410     84.117     9.9168  36.300629    33.2135    161.425     0.0143      7.907    59.0774 1.0000e-12  1.8198598    25.5726  0.000e+00
     83.821     84.531     9.8991  36.289394    33.2182    161.493    -0.0004      7.903    59.1032 1.0000e-12  2.1510564    25.5792  0.000e+00
     83.998     84.710     9.9206  36.304231    33.2134    160.720     0.0069      7.902    59.1549 1.0000e-12  1.0249880    25.5719  0.000e+00
     83.897     84.609     9.9204  36.304231    33.2136    160.284     0.0216      7.902    59.0258 1.0000e-12  2.9459282    25.5721  0.000e+00
     83.705     84.415     9.9276  36.309508    33.2124    160.090     0.0143      7.902    59.4906 1.0000e-12  2.6147316    25.5700  0.000e+00
     83.656     84.365     9.9313  36.311432    33.2110    160.781     0.0216      7.902    58.9483 1.0000e-12  1.8860991    25.5683  0.000e+00
     83.786     84.497     9.9240  36.306900    33.2131    161.076     0.0143      7.902    58.5093 1.0000e-12  2.3828940    25.5711  0.000e+00
     83.957     84.669     9.9211  36.304728    33.2134    161.256    -0.0004      7.902    58.9225 1.0000e-12  2.2172957    25.5718  0.000e+00
     84.048     84.760     9.9218  36.305225    33.2133    161.255     0.0069      7.902    59.4131 1.0000e-12  1.9192188    25.5716  0.000e+00
     84.050     84.763     9.9180  36.302493    33.2140    160.999     0.0069      7.902    59.6713 1.0000e-12  1.7205009    25.5728  0.000e+00
     84.039     84.752     9.9132  36.298831    33.2146    161.016     0.0143      7.902    59.5680 1.0000e-12  1.7205009    25.5741  0.000e+00
     84.053     84.766     9.9109  36.297155    33.2151    161.024     0.0362      7.903    59.4647 1.0000e-12  1.7205009    25.5749  0.000e+00
     84.086     84.799     9.9214  36.305225    33.2136    160.554     0.0143      7.902    59.3615 1.0000e-12  2.0848171    25.5719  0.000e+00
     84.192     84.906     9.9238  36.306653    33.2128    160.114     0.0216      7.902    59.3615 1.0000e-12  1.9523385    25.5710  0.000e+00
     84.417     85.133     9.9251  36.307710    33.2126    160.383     0.0216      7.902    59.3873 1.0000e-12  1.4555436    25.5706  0.000e+00
     84.520     85.237     9.9113  36.297591    33.2150    160.701     0.0143      7.903    59.4131 1.0000e-12  1.0912274    25.5747  0.000e+00
     84.171     84.885     9.9108  36.297341    33.2153    160.696     0.0143      7.903    58.2511 1.0000e-12  1.4886632    25.5751  0.000e+00
     83.674     84.383     9.9282  36.310128    33.2125    160.626     0.0143      7.902    59.5164 1.0000e-12  1.5549026    25.5699  0.000e+00
     83.534     84.242     9.9305  36.310811    33.2112    160.182     0.0069      7.902    59.2582 1.0000e-12  1.3893043    25.5685  0.000e+00
     83.360     84.067     9.9311  36.311617    33.2116    160.610     0.0216      7.902    58.6384 1.0000e-12  0.4950735    25.5687  0.000e+00
     82.753     83.454     9.9390  36.317017    33.2100    161.274     0.0216      7.907    59.7488 1.0000e-12  0.5613128    25.5662  0.000e+00
     81.993     82.688     9.9505  36.325211    33.2081    160.950     0.0069      7.907    59.9295 1.0000e-12  1.0249880    25.5628  0.000e+00
     81.418     82.108     9.9651  36.335455    33.2053    161.054    -0.0004      7.907    59.5680 1.0000e-12  1.5880222    25.5581  0.000e+00
     80.884     81.570     9.9826  36.348185    33.2025    161.849     0.0069      7.912    59.6713 1.0000e-12  1.7205009    25.5530  0.000e+00
     80.328     81.008     9.9997  36.360172    33.1992    162.809     0.0216      7.912    59.9037 1.0000e-12  2.6147316    25.5476  0.000e+00
     79.833     80.509    10.0131  36.369488    33.1965    163.514    -0.0077      7.916    59.9812 1.0000e-12  2.7803299    25.5432  0.000e+00
     79.315     79.986    10.0324  36.383466    33.1933    163.930     0.0143      7.916    60.1361 1.0000e-12  2.3497744    25.5375  0.000e+00
     78.635     79.300    10.0506  36.396762    33.1904    164.778    -0.0004      7.921    60.6009 1.0000e-12  0.9256291    25.5321  0.000e+00
     77.854     78.513    10.0761  36.414534    33.1853    166.026    -0.0004      7.921    60.7042 1.0000e-12  1.4224239    25.5238  0.000e+00
     77.092     77.745    10.1026  36.433180    33.1803    167.004     0.0143      7.925    60.8333 1.0000e-12  1.5880222    25.5155  0.000e+00
     76.577     77.225    10.1128  36.439769    33.1779    168.639     0.0216      7.930    60.9882 1.0000e-12  1.6542615    25.5119  0.000e+00
     76.327     76.973    10.1187  36.445053    33.1779    169.864     0.0143      7.930    60.9624 1.0000e-12  1.5880222    25.5109  0.000e+00
     76.032     76.675    10.1280  36.450772    33.1753    170.547    -0.0004      7.935    61.2723 1.0000e-12  1.9523385    25.5073  0.000e+00
     75.544     76.183    10.1246  36.448656    33.1765    171.108    -0.0077      7.935    62.5117 1.0000e-12  2.4822530    25.5088  0.000e+00
     74.790     75.422    10.1381  36.458479    33.1744    171.170    -0.0077      7.935    62.2277 1.0000e-12  2.4822530    25.5048  0.000e+00
     73.880     74.505    10.1495  36.465814    33.1718    171.503    -0.0004      7.939    62.0727 1.0000e-12  2.1179368    25.5009  0.000e+00
     73.182     73.801    10.1579  36.472217    33.1709    171.685     0.0143      7.939    61.9436 1.0000e-12  1.8529795    25.4988  0.000e+00
     72.561     73.174    10.1719  36.482043    33.1683    172.705     0.0069      7.939    61.9953 1.0000e-12  2.1179368    25.4943  0.000e+00
