Arg_Leg3_G15_NV.cnv
* Sea-Bird SBE 9 Data File:
* FileName = S:\CTD_Data\CTD\Data\Argentina 2014\Data\Leg3\Arg_Leg3_G15.hex
* Software Version Seasave V 7.21g
* Temperature SN = 5769
* Conductivity SN = 4244
* Number of Bytes Per Scan = 31
* Number of Voltage Words = 4
* Number of Scans Averaged by the Deck Unit = 24
* NMEA Latitude = 45 29.62 S
* NMEA Longitude = 065 24.09 W
* NMEA UTC (Time) = Feb 13 2014 20:28:34
* NMEA baud rate = 9600
** R/V Coriolis II
** MARES project, ARGENTINA 2014
** Chief scientist : Dr. Gustavo Ferreyra
** Co-Chief scientist : Dr. José Luis Esteves
# nquan = 13
# nvalues = 691                                   
# units = specified
# name 0 = depSM: Depth [salt water, m]
# name 1 = prDM: Pressure, Digiquartz [db]
# name 2 = t090C: Temperature [ITS-90, deg C]
# name 3 = c0mS/cm: Conductivity [mS/cm]
# name 4 = sal00: Salinity, Practical [PSU]
# name 5 = sbeox0Mm/Kg: Oxygen, SBE 43 [umol/Kg]
# name 6 = flECO-AFL: Fluorescence, WET Labs ECO-AFL/FL [mg/m^3]
# name 7 = ph: pH
# name 8 = CStarTr0: Beam Transmission, WET Labs C-Star [%]
# name 9 = par: PAR/Irradiance, Biospherical/Licor
# name 10 = upoly0: Upoly 0, Nitrate
# name 11 = sigma-é00: Density [sigma-theta, Kg/m^3]
# name 12 = flag:  0.000e+00
# span 0 =     -0.060,     90.565                 
# span 1 =     -0.061,     91.331                 
# span 2 =     8.6289,    16.1069                 
# span 3 =   7.934733,  42.359039                 
# span 4 =     5.4538,    33.5337                 
# span 5 =    137.164,    260.961                 
# span 6 =    -0.1909,    28.8201                 
# span 7 =      7.760,      8.240                 
# span 8 =    77.9531,    96.4156                 
# span 9 = 1.0000e-12, 1.0547e+03                 
# span 10 = -0.7634735,  7.1190051                
# span 11 =     3.1856,    25.9064                
# span 12 = 0.0000e+00, 0.0000e+00                
# interval = seconds: 1
# start_time = Feb 13 2014 20:28:34 [NMEA time, header]
# bad_flag = -9.990e-29
*END*
[from data line 223]
     90.026     90.787     8.6302  35.282769    33.3564    137.795     0.1461      7.760    81.0259 1.0000e-12  3.9395179    25.8901  0.000e+00
     90.030     90.791     8.6303  35.282769    33.3563    138.089     0.1535      7.760    81.1034 1.0000e-12  3.9395179    25.8900  0.000e+00
     90.225     90.988     8.6302  35.282831    33.3564    137.334     0.1461      7.760    80.7160 1.0000e-12  3.9726376    25.8900  0.000e+00
     90.397     91.161     8.6301  35.282893    33.3565    137.337     0.1315      7.760    80.4320 1.0000e-12  3.4427231    25.8901  0.000e+00
     90.421     91.185     8.6301  35.282832    33.3564    137.632     0.1388      7.760    79.4766 1.0000e-12  4.2375949    25.8901  0.000e+00
     90.317     91.080     8.6299  35.282586    33.3564    137.631     0.1388      7.760    79.0376 1.0000e-12  4.4031932    25.8901  0.000e+00
     90.186     90.949     8.6299  35.282585    33.3564    137.164     0.1315      7.760    79.0118 1.0000e-12  4.8337487    25.8901  0.000e+00
     90.178     90.940     8.6300  35.282647    33.3564    137.628     0.2047      7.760    79.1925 1.0000e-12  6.1916547    25.8901  0.000e+00
     90.269     91.032     8.6302  35.282770    33.3563    137.459     0.1388      7.760    79.1925 1.0000e-12  4.3038342    25.8900  0.000e+00
     90.226     90.989     8.6302  35.282708    33.3563    137.164     0.1388      7.760    79.1409 1.0000e-12  4.6350308    25.8900  0.000e+00
     90.200     90.963     8.6302  35.282708    33.3563    137.923     0.1754      7.760    78.9601 1.0000e-12  4.6350308    25.8900  0.000e+00
     90.253     91.016     8.6301  35.282708    33.3563    137.924     0.1681      7.760    78.8310 1.0000e-12  3.8401590    25.8900  0.000e+00
     90.233     90.996     8.6300  35.282647    33.3564    137.630     0.1608      7.760    78.6761 1.0000e-12  4.0719966    25.8901  0.000e+00
     90.186     90.948     8.6300  35.282647    33.3564    137.629     0.1608      7.760    78.2371 1.0000e-12  4.6350308    25.8901  0.000e+00
     90.177     90.940     8.6300  35.282585    33.3564    137.629     0.1608      7.760    78.4954 1.0000e-12  4.7675094    25.8901  0.000e+00
     90.277     91.040     8.6301  35.282586    33.3562    137.631     0.1754      7.760    78.8827 1.0000e-12  4.3369538    25.8899  0.000e+00
     90.385     91.149     8.6300  35.282647    33.3563    137.633     0.1388      7.760    78.5212 1.0000e-12  4.1051162    25.8900  0.000e+00
     90.379     91.143     8.6303  35.282954    33.3563    137.167     0.1315      7.760    78.1855 1.0000e-12  4.7012701    25.8900  0.000e+00
     90.391     91.155     8.6305  35.283139    33.3563    137.166     0.1608      7.760    77.9531 1.0000e-12  5.0655863    25.8900  0.000e+00
     90.355     91.119     8.6303  35.282954    33.3563    137.461     0.1754      7.760    78.0822 1.0000e-12  5.1318256    25.8900  0.000e+00
     90.152     90.914     8.6307  35.283138    33.3563    137.456     0.1681      7.760    78.3146 1.0000e-12  5.1649453    25.8899  0.000e+00
     89.953     90.713     8.6312  35.283444    33.3563    137.916     0.1461      7.760    78.8827 1.0000e-12  3.8401590    25.8898  0.000e+00
     89.963     90.723     8.6311  35.283321    33.3562    137.917     0.1535      7.760    78.8569 1.0000e-12  3.7739197    25.8898  0.000e+00
     90.227     90.990     8.6308  35.283322    33.3564    137.628     0.1388      7.760    78.2888 1.0000e-12  4.0719966    25.8899  0.000e+00
     90.521     91.286     8.6323  35.284735    33.3563    137.164     0.1168      7.760    78.4179 1.0000e-12  4.2044752    25.8897  0.000e+00
     90.558     91.324     8.6317  35.284183    33.3562    137.631     0.1241      7.760    79.7090 1.0000e-12  4.7012701    25.8897  0.000e+00
     90.362     91.126     8.6321  35.284612    33.3564    137.921     0.1315      7.760    80.8968 1.0000e-12  4.2375949    25.8898  0.000e+00
     90.132     90.894     8.6331  35.285286    33.3563    137.619     0.1315      7.760    80.0963 1.0000e-12  3.9063983    25.8896  0.000e+00
     90.096     90.858     8.6338  35.285716    33.3561    137.617     0.1461      7.760    79.1925 1.0000e-12  4.5025521    25.8893  0.000e+00
     90.271     91.034     8.6309  35.283384    33.3563    137.629     0.1388      7.760    79.6573 1.0000e-12  4.2375949    25.8899  0.000e+00
     90.324     91.087     8.6313  35.283814    33.3563    137.629     0.1241      7.760    80.0188 1.0000e-12  4.2044752    25.8899  0.000e+00
     90.238     91.001     8.6308  35.283322    33.3563    137.629     0.1241      7.760    80.8193 1.0000e-12  4.1382359    25.8899  0.000e+00
     90.187     90.949     8.6315  35.283813    33.3563    137.626     0.1315      7.760    80.9484 1.0000e-12  3.8732786    25.8898  0.000e+00
     90.207     90.970     8.6314  35.283690    33.3562    137.627     0.1608      7.760    80.8710 1.0000e-12  4.1051162    25.8898  0.000e+00
     90.221     90.984     8.6303  35.282831    33.3563    137.630     0.1608      7.760    80.9742 1.0000e-12  4.1051162    25.8900  0.000e+00
     90.261     91.024     8.6302  35.282708    33.3563    137.632     0.1754      7.760    81.0259 1.0000e-12  3.9726376    25.8900  0.000e+00
     90.351     91.114     8.6301  35.282647    33.3562    137.633     0.1754      7.760    80.5353 1.0000e-12  3.8070393    25.8899  0.000e+00
     90.416     91.180     8.6303  35.282832    33.3562    137.169     0.1681      7.760    80.6386 1.0000e-12  5.6286205    25.8899  0.000e+00
     90.394     91.159     8.6302  35.282832    33.3563    137.169     0.1608      7.760    80.3287 1.0000e-12  4.8006291    25.8900  0.000e+00
     90.262     91.025     8.6299  35.282401    33.3562    137.462     0.1535      7.760    80.2254 1.0000e-12  4.5025521    25.8900  0.000e+00
     90.167     90.929     8.6299  35.282463    33.3563    137.461     0.1535      7.760    79.9414 1.0000e-12  4.3700735    25.8901  0.000e+00
     90.191     90.953     8.6298  35.282340    33.3563    137.926     0.1608      7.760    80.1738 1.0000e-12  3.2108855    25.8900  0.000e+00
     90.231     90.993     8.6297  35.282217    33.3562    137.927     0.1461      7.760    80.2254 1.0000e-12  4.1382359    25.8900  0.000e+00
     90.212     90.975     8.6297  35.282156    33.3562    137.168     0.1461      7.760    80.2512 1.0000e-12  4.7675094    25.8900  0.000e+00
     90.205     90.968     8.6295  35.282094    33.3563    137.633     0.1681      7.760    80.1221 1.0000e-12  5.1649453    25.8901  0.000e+00
     90.245     91.008     8.6296  35.282094    33.3562    137.463     0.1681      7.760    80.0447 1.0000e-12  4.8006291    25.8900  0.000e+00
     90.256     91.019     8.6297  35.282156    33.3561    137.169     0.1681      7.760    79.8123 1.0000e-12  4.3369538    25.8899  0.000e+00
     90.306     91.069     8.6298  35.282402    33.3563    137.464     0.1754      7.760    79.7090 1.0000e-12  4.4031932    25.8901  0.000e+00
     90.354     91.118     8.6298  35.282402    33.3563    137.465     0.1681      7.760    79.9414 7.3199e-05  4.6019111    25.8901  0.000e+00
     90.340     91.103     8.6298  35.282340    33.3562    137.465     0.1608      7.760    79.6315 1.0000e-12  4.6350308    25.8900  0.000e+00
     90.375     91.139     8.6298  35.282340    33.3562    137.465     0.1535      7.760    79.8381 1.0000e-12  4.9993470    25.8900  0.000e+00
     90.411     91.175     8.6298  35.282341    33.3562    137.466     0.1608      7.760    79.8381 1.0000e-12  4.1713556    25.8900  0.000e+00
     90.266     91.029     8.6297  35.282279    33.3563    137.464     0.1608      7.760    79.8123 1.0000e-12  3.9063983    25.8900  0.000e+00
     90.073     90.834     8.6300  35.282401    33.3562    137.460     0.1461      7.760    80.1996 1.0000e-12  4.7012701    25.8900  0.000e+00
     90.087     90.848     8.6310  35.283199    33.3561    137.457     0.1461      7.760    79.9156 1.0000e-12  4.8006291    25.8898  0.000e+00
     90.247     91.010     8.6311  35.283445    33.3562    137.459     0.1241      7.760    79.5282 1.0000e-12  4.2044752    25.8898  0.000e+00
     90.301     91.064     8.6307  35.283138    33.3562    137.462     0.1315      7.760    79.6573 1.0000e-12  4.2375949    25.8898  0.000e+00
     90.224     90.987     8.6304  35.282770    33.3561    137.461     0.1461      7.760    79.9156 2.0988e-04  5.2974239    25.8898  0.000e+00
     90.159     90.921     8.6303  35.282647    33.3561    137.461     0.1535      7.760    80.1996 1.0000e-12  4.2375949    25.8898  0.000e+00
     90.209     90.971     8.6300  35.282340    33.3561    137.463     0.1608      7.760    79.9672 8.9907e-04  4.3700735    25.8899  0.000e+00
     90.348     91.111     8.6296  35.282218    33.3562    137.466     0.1461      7.760    79.9672 2.0988e-04  4.4031932    25.8901  0.000e+00
     90.389     91.153     8.6296  35.282218    33.3563    137.467     0.1241      7.760    79.7348 7.3199e-05  4.3369538    25.8901  0.000e+00
     90.359     91.123     8.6296  35.282218    33.3563    137.467     0.1315      7.760    79.3475 1.0000e-12  4.8006291    25.8901  0.000e+00
     90.399     91.163     8.6296  35.282218    33.3562    137.467     0.1608      7.760    79.1409 1.0000e-12  4.8006291    25.8900  0.000e+00
     90.456     91.220     8.6297  35.282279    33.3562    137.468     0.1681      7.760    78.7794 1.0000e-12  4.5025521    25.8900  0.000e+00
     90.190     90.952     8.6296  35.282094    33.3562    137.464     0.1241      7.760    79.1151 2.0988e-04  4.2707145    25.8900  0.000e+00
     89.644     90.402     8.6297  35.282031    33.3563    137.454     0.1095      7.760    79.6573 1.4574e-03  4.6681504    25.8901  0.000e+00
     89.158     89.912     8.6299  35.281845    33.3562    137.445     0.1168      7.760    80.0188 1.0381e-03  3.9063983    25.8899  0.000e+00
     88.876     89.627     8.6316  35.283195    33.3561    137.435     0.1388      7.760    79.5799 3.4694e-04  3.7076803    25.8896  0.000e+00
     88.603     89.351     8.6318  35.283132    33.3560    137.429     0.1315      7.760    79.5540 7.3199e-05  3.7408000    25.8895  0.000e+00
     88.060     88.804     8.6307  35.282087    33.3561    137.423     0.1608      7.760    79.4508 2.0988e-04  4.2044752    25.8897  0.000e+00
     87.261     87.997     8.6307  35.281839    33.3563    137.409     0.1388      7.760    79.2184 1.0000e-12  4.8337487    25.8899  0.000e+00
     86.488     87.218     8.6308  35.281529    33.3562    137.395     0.1241      7.760    79.1409 8.9907e-04  4.4363128    25.8898  0.000e+00
     85.903     86.628     8.6316  35.281772    33.3560    137.382     0.1535      7.760    78.7019 8.9907e-04  4.2707145    25.8895  0.000e+00
     85.285     86.005     8.6310  35.281095    33.3562    137.838     0.1681      7.760    78.7019 2.7370e-03  4.9331077    25.8897  0.000e+00
     84.481     85.194     8.6301  35.280049    33.3562    137.826     0.1461      7.760    79.1409 4.9428e-03  5.3305436    25.8899  0.000e+00
     83.757     84.464     8.6319  35.281213    33.3561    137.514     0.1388      7.760    79.3991 3.7548e-03  4.8337487    25.8895  0.000e+00
     83.277     83.980     8.6323  35.281456    33.3562    137.504     0.1608      7.760    79.3991 4.4942e-03  4.4694325    25.8895  0.000e+00
     82.715     83.412     8.6361  35.284708    33.3563    137.946     0.1315      7.765    79.5024 6.1579e-03  4.5356718    25.8889  0.000e+00
     81.792     82.482     8.6393  35.286976    33.3561    137.919     0.1461      7.765    79.7606 6.1579e-03  5.2974239    25.8883  0.000e+00
     80.773     81.454     8.6403  35.287280    33.3559    137.605     0.1095      7.765    79.9672 8.9937e-03  5.0324667    25.8880  0.000e+00
     80.076     80.751     8.6408  35.287584    33.3561    138.054     0.1461      7.765    80.1221 1.1469e-02  5.0655863    25.8881  0.000e+00
     79.711     80.383     8.6411  35.287338    33.3557    138.047     0.1241      7.765    80.8968 1.2660e-02  5.1980650    25.8877  0.000e+00
     79.305     79.973     8.6397  35.286538    33.3564    137.751     0.1315      7.765    80.7160 1.3700e-02  5.1980650    25.8885  0.000e+00
     78.631     79.293     8.6442  35.289790    33.3559    137.725     0.1315      7.765    81.3616 1.5834e-02  4.2707145    25.8874  0.000e+00
     77.738     78.393     8.6442  35.289295    33.3558    138.173     0.1168      7.765    82.3170 1.8415e-02  4.1382359    25.8873  0.000e+00
     76.849     77.496     8.6451  35.289845    33.3560    138.154     0.1168      7.765    81.7489 2.1493e-02  4.2707145    25.8872  0.000e+00
     76.106     76.747     8.6462  35.290579    33.3560    137.844     0.1315      7.765    81.9038 2.7650e-02  4.3038342    25.8871  0.000e+00
     75.522     76.157     8.6463  35.290331    33.3559    137.834     0.1461      7.765    82.2912 3.2053e-02  4.4363128    25.8870  0.000e+00
     74.976     75.606     8.6470  35.290759    33.3560    138.284     0.1315      7.765    82.2137 3.4583e-02  4.8006291    25.8869  0.000e+00
     74.439     75.066     8.6474  35.290757    33.3559    138.274     0.1461      7.765    82.0588 3.9634e-02  5.0324667    25.8868  0.000e+00
     73.957     74.579     8.6476  35.290756    33.3559    137.972     0.1388      7.765    82.0846 4.2657e-02  4.3700735    25.8867  0.000e+00
     73.581     74.200     8.6477  35.290693    33.3559    137.965     0.1315      7.765    82.0846 4.5784e-02  4.3700735    25.8867  0.000e+00
     73.180     73.795     8.6476  35.290446    33.3559    137.958     0.1388      7.765    82.1362 4.9293e-02  4.1713556    25.8867  0.000e+00
     72.716     73.327     8.6476  35.290137    33.3558    137.950     0.1535      7.765    82.3944 5.2932e-02  4.2707145    25.8867  0.000e+00
     72.299     72.907     8.6477  35.290075    33.3558    137.942     0.1535      7.765    82.6785 5.8798e-02  4.8337487    25.8867  0.000e+00
     71.989     72.595     8.6475  35.289828    33.3559    137.938     0.1535      7.765    82.5494 6.2479e-02  5.0655863    25.8868  0.000e+00
     71.730     72.333     8.6486  35.290625    33.3558    137.930     0.1608      7.765    82.5494 6.4684e-02  3.8070393    25.8865  0.000e+00
     71.341     71.941     8.6492  35.291054    33.3559    137.921     0.1535      7.765    82.5752 6.8567e-02  3.6745607    25.8864  0.000e+00
     70.839     71.435     8.6505  35.292034    33.3559    137.908     0.1315      7.765    82.8334 7.7797e-02  5.0655863    25.8863  0.000e+00
     70.405     70.997     8.6511  35.292278    33.3558    137.898     0.1315      7.765    82.9367 8.6611e-02  5.0987060    25.8861  0.000e+00
     70.055     70.643     8.6520  35.293014    33.3559    138.351     0.1535      7.765    82.7301 9.3224e-02  4.6350308    25.8860  0.000e+00
     69.876     70.463     8.6548  35.295224    33.3556    138.339     0.1388      7.765    82.8076 9.5635e-02  4.1051162    25.8854  0.000e+00
     69.897     70.485     8.6555  35.295960    33.3558    138.046     0.1168      7.765    82.7818 9.7265e-02  3.6414410    25.8854  0.000e+00
     69.940     70.527     8.6570  35.297311    33.3557    138.503     0.1241      7.765    82.7301 9.5635e-02  5.0655863    25.8851  0.000e+00
     69.887     70.474     8.6569  35.297188    33.3558    138.503     0.1608      7.765    82.7818 9.4023e-02  4.6350308    25.8852  0.000e+00
     69.748     70.334     8.6573  35.297433    33.3557    138.207     0.2487      7.765    83.0916 9.6447e-02  4.5025521    25.8850  0.000e+00
     69.656     70.241     8.6572  35.297310    33.3557    137.744     0.1974      7.765    83.1174 1.0058e-01  4.3369538    25.8851  0.000e+00
     69.710     70.296     8.6573  35.297433    33.3557    137.745     0.1461      7.765    83.0658 1.0016e-01  3.6745607    25.8851  0.000e+00
     69.887     70.474     8.6570  35.297311    33.3558    138.041     0.1241      7.765    83.0400 9.6447e-02  3.6745607    25.8852  0.000e+00
