Arg_L1_T3_NV.cnv
* Sea-Bird SBE 9 Data File:
* FileName = S:\CTD_Data\CTD\Data\Argentina 2014\Data\Arg_L1_T3.hex
* Software Version Seasave V 7.21g
* Temperature SN = 5769
* Conductivity SN = 4244
* Number of Bytes Per Scan = 31
* Number of Voltage Words = 4
* Number of Scans Averaged by the Deck Unit = 24
* NMEA Latitude = 46 00.46 S
* NMEA Longitude = 059 23.80 W
* NMEA UTC (Time) = Feb 02 2014 01:35:40
* NMEA baud rate = 9600
** R/V Coriolis II
** MARES project, ARGENTINA 2014
** Chief scientist : Dr. Gustavo Ferreyra
** Co-Chief scientist : Dr. José Luis Esteves
# nquan = 12
# nvalues = 2463                                  
# units = specified
# name 0 = depSM: Depth [salt water, m]
# name 1 = prDM: Pressure, Digiquartz [db]
# name 2 = t090C: Temperature [ITS-90, deg C]
# name 3 = c0mS/cm: Conductivity [mS/cm]
# name 4 = sal00: Salinity, Practical [PSU]
# name 5 = sbeox0Mm/Kg: Oxygen, SBE 43 [umol/Kg]
# name 6 = flECO-AFL: Fluorescence, WET Labs ECO-AFL/FL [mg/m^3]
# name 7 = ph: pH
# name 8 = CStarTr0: Beam Transmission, WET Labs C-Star [%]
# name 9 = upoly0: Upoly 0, Nitrate
# name 10 = sigma-é00: Density [sigma-theta, Kg/m^3]
# name 11 = flag:  0.000e+00
# span 0 =     -0.299,    600.742                 
# span 1 =     -0.302,    606.602                 
# span 2 =     3.2852,    13.1137                 
# span 3 =   2.955916,  40.543942                 
# span 4 =     2.0363,    34.6995                 
# span 5 =    185.364,    278.001                 
# span 6 =    -0.1469,     1.1571                 
# span 7 =      8.021,      8.271                 
# span 8 =    61.5047,    99.7208                 
# span 9 = -0.6309949,  18.412809                 
# span 10 =     0.9551,    27.2203                
# span 11 = 0.0000e+00, 0.0000e+00                
# interval = seconds: 1
# start_time = Feb 02 2014 01:35:40 [NMEA time, header]
# bad_flag = -9.990e-29
*END*
[from data line 2166]
     80.988     81.674     9.3240  37.077035    34.5722    206.135    -0.0517      8.145    99.3851  2.1179368    26.7322  0.000e+00
     81.469     82.160     9.3207  37.074094    34.5721    205.886    -0.0444      8.145    99.3851  2.9128085    26.7327  0.000e+00
     81.228     81.916     9.3213  37.074782    34.5724    206.042    -0.0444      8.145    99.3593  3.2771248    26.7328  0.000e+00
     80.695     81.379     9.3185  37.072213    34.5727    206.040    -0.0517      8.150    99.3851  3.3102444    26.7334  0.000e+00
     80.549     81.232     9.3169  37.070272    34.5723    205.767    -0.0224      8.150    99.3851  2.9128085    26.7334  0.000e+00
     80.669     81.352     9.3161  37.069646    34.5724    206.217     0.0216      8.150    99.3851  3.2108855    26.7336  0.000e+00
     80.545     81.228     9.3125  37.065765    34.5718    206.231    -0.0150      8.150    99.3851  3.2108855    26.7338  0.000e+00
     80.204     80.883     9.3105  37.063760    34.5719    205.954    -0.0444      8.150    99.3851  3.0452872    26.7342  0.000e+00
     80.146     80.825     9.3128  37.066201    34.5722    206.385    -0.0297      8.150    99.3851  2.5484923    26.7340  0.000e+00
     80.444     81.126     9.3104  37.063949    34.5721    206.404    -0.0150      8.150    99.4110  3.0452872    26.7343  0.000e+00
     80.584     81.267     9.3091  37.062760    34.5720    206.136    -0.0297      8.150    99.3593  2.8134496    26.7345  0.000e+00
     80.437     81.119     9.3093  37.063260    34.5724    206.131    -0.0370      8.150    99.3335  2.4822530    26.7347  0.000e+00
     80.304     80.984     9.3109  37.064950    34.5727    206.119    -0.0370      8.150    99.3851  2.6809709    26.7347  0.000e+00
     80.118     80.797     9.3123  37.066577    34.5731    206.107    -0.0370      8.155    99.4110  2.6809709    26.7348  0.000e+00
     79.629     80.303     9.3163  37.071020    34.5741    206.517    -0.0370      8.155    99.3851  2.0185778    26.7349  0.000e+00
     79.143     79.814     9.3230  37.077780    34.5749    206.471    -0.0370      8.155    99.3851  1.7205009    26.7344  0.000e+00
     79.233     79.904     9.3269  37.081662    34.5751    206.178    -0.0297      8.155    99.3335  2.1179368    26.7339  0.000e+00
     79.805     80.481     9.3276  37.083229    34.5757    205.745    -0.0370      8.155    99.3593  1.2237060    26.7343  0.000e+00
     80.366     81.047     9.3263  37.081540    34.5750    205.767    -0.0444      8.155    99.3851  2.0848171    26.7340  0.000e+00
     80.518     81.200     9.3186  37.074028    34.5746    206.085    -0.0370      8.155    99.3851  2.5484923    26.7349  0.000e+00
     80.024     80.702     9.3205  37.076280    34.5753    206.061    -0.0444      8.155    99.3593  2.4160137    26.7352  0.000e+00
     79.376     80.048     9.3283  37.084229    34.5764    205.563    -0.0370      8.155    99.3593  2.2835350    26.7347  0.000e+00
     79.111     79.781     9.3279  37.083665    34.5762    205.558    -0.0224      8.155    99.4110  2.4491333    26.7347  0.000e+00
     79.227     79.898     9.3289  37.084917    34.5766    205.833    -0.0150      8.155    99.3851  2.8465692    26.7348  0.000e+00
     79.654     80.329     9.3426  37.101137    34.5799    205.775    -0.0297      8.155    99.3851  3.3102444    26.7351  0.000e+00
     80.303     80.984     9.3506  37.110095    34.5812    205.753    -0.0444      8.155    99.4110  2.8796889    26.7349  0.000e+00
     80.681     81.365     9.3255  37.082544    34.5767    205.886    -0.0444      8.155    99.4110  2.7472103    26.7354  0.000e+00
     80.309     80.990     9.3376  37.096130    34.5792    205.373    -0.0444      8.155    99.4110  2.7140906    26.7355  0.000e+00
     79.705     80.380     9.3322  37.089365    34.5778    205.828    -0.0444      8.155    99.4110  2.7803299    26.7352  0.000e+00
     79.418     80.091     9.3305  37.087235    34.5773    206.105    -0.0370      8.155    99.4110  3.1115265    26.7351  0.000e+00
     79.454     80.127     9.3308  37.087611    34.5774    205.828    -0.0224      8.155    99.4110  1.9854581    26.7351  0.000e+00
     79.647     80.322     9.3298  37.086735    34.5773    205.837    -0.0150      8.155    99.4110  2.3828940    26.7352  0.000e+00
     79.948     80.626     9.3313  37.088489    34.5776    205.838    -0.0297      8.155    99.3851  2.8796889    26.7352  0.000e+00
     80.406     81.087     9.3323  37.090181    34.5781    205.401    -0.0370      8.155    99.3851  3.3433641    26.7355  0.000e+00
     80.864     81.550     9.3414  37.100390    34.5797    205.368    -0.0370      8.155    99.4110  2.9128085    26.7352  0.000e+00
     80.704     81.388     9.3410  37.099701    34.5795    206.086    -0.0444      8.159    99.3851  3.2440051    26.7351  0.000e+00
     79.823     80.499     9.3334  37.091119    34.5783    205.656    -0.0444      8.155    99.4110  3.2108855    26.7354  0.000e+00
     79.018     79.688     9.3305  37.087484    34.5778    205.373    -0.0444      8.159    99.3851  2.5153726    26.7355  0.000e+00
     79.052     79.722     9.3273  37.084416    34.5776    206.108    -0.0370      8.159    99.4110  2.2504154    26.7358  0.000e+00
     79.806     80.483     9.3342  37.092246    34.5787    206.094    -0.0590      8.159    99.3851  3.2108855    26.7356  0.000e+00
     80.706     81.390     9.3411  37.099826    34.5796    205.808    -0.0444      8.159    99.3851  3.5089624    26.7352  0.000e+00
     80.532     81.214     9.3401  37.098635    34.5793    205.808    -0.0517      8.159    99.3851  2.9790479    26.7351  0.000e+00
     79.675     80.350     9.3257  37.082352    34.5767    205.856    -0.0444      8.159    99.3593  2.9790479    26.7354  0.000e+00
     79.300     79.972     9.3248  37.081599    34.5770    205.850    -0.0370      8.159    99.3593  2.9790479    26.7358  0.000e+00
     79.642     80.317     9.3255  37.082415    34.5770    205.855    -0.0370      8.159    99.3851  3.2108855    26.7357  0.000e+00
     80.234     80.914     9.3277  37.085234    34.5775    205.860    -0.0444      8.159    99.3851  3.4427231    26.7357  0.000e+00
     80.469     81.151     9.3283  37.085924    34.5776    205.863    -0.0444      8.159    99.3851  3.5752017    26.7357  0.000e+00
     80.152     80.832     9.3284  37.085923    34.5776    205.411    -0.0444      8.159    99.3593  2.4491333    26.7357  0.000e+00
     79.759     80.435     9.3286  37.085859    34.5776    205.843    -0.0444      8.159    99.3851  2.7803299    26.7356  0.000e+00
     79.757     80.433     9.3258  37.082916    34.5772    206.133    -0.0370      8.159    99.4110  3.1777658    26.7358  0.000e+00
     80.049     80.728     9.3230  37.080037    34.5768    206.320    -0.0297      8.159    99.3851  3.1446462    26.7360  0.000e+00
     80.298     80.978     9.3218  37.078848    34.5766    205.889    -0.0370      8.159    99.4110  3.7408000    26.7360  0.000e+00
     80.470     81.152     9.3220  37.079037    34.5765    205.616    -0.0444      8.159    99.3851  3.9063983    26.7359  0.000e+00
     80.523     81.205     9.3208  37.077785    34.5763    206.343    -0.0370      8.159    99.3851  3.6414410    26.7359  0.000e+00
     80.205     80.884     9.3207  37.077533    34.5763    206.335    -0.0370      8.159    99.4110  2.5153726    26.7359  0.000e+00
     79.724     80.399     9.3176  37.073587    34.5755    206.061    -0.0370      8.159    99.3851  3.3102444    26.7358  0.000e+00
     79.737     80.412     9.3125  37.068329    34.5749    206.086    -0.0150      8.159    99.4110  3.3764838    26.7361  0.000e+00
     80.079     80.757     9.3110  37.066514    34.5744    206.103    -0.0150      8.159    99.3851  3.0121675    26.7360  0.000e+00
     79.934     80.611     9.3085  37.063947    34.5741    206.110    -0.0517      8.159    99.4110  2.5484923    26.7362  0.000e+00
     79.074     79.744     9.3111  37.066135    34.5743    205.632    -0.0444      8.159    99.3851  2.5816120    26.7359  0.000e+00
     77.847     78.506     9.3171  37.073205    34.5765    205.568    -0.0370      8.159    99.4110  3.8401590    26.7366  0.000e+00
     76.925     77.576     9.3456  37.101753    34.5790    206.126    -0.0224      8.159    99.3851  4.2707145    26.7339  0.000e+00
     76.459     77.107     9.3486  37.104632    34.5792    206.099    -0.0297      8.159    99.3851  4.2044752    26.7336  0.000e+00
     76.201     76.846     9.3569  37.113086    34.5801    206.218    -0.0297      8.159    99.3851  2.4822530    26.7329  0.000e+00
     75.833     76.475     9.3611  37.117156    34.5805    206.188    -0.0297      8.159    99.4110  4.0719966    26.7325  0.000e+00
     74.989     75.623     9.3692  37.126486    34.5827    205.407    -0.0370      8.159    99.4110  3.3764838    26.7329  0.000e+00
     73.891     74.516     9.4017  37.158809    34.5853    205.223    -0.0444      8.159    99.3593  2.5484923    26.7296  0.000e+00
     73.134     73.752     9.4272  37.184376    34.5875    205.356    -0.0224      8.159    99.1786  3.5752017    26.7271  0.000e+00
     72.822     73.438     9.4507  37.210014    34.5915    205.233    -0.0224      8.159    99.3851  3.3764838    26.7264  0.000e+00
     72.527     73.140     9.5078  37.270094    34.5986    204.950    -0.0150      8.159    99.3593  3.0121675    26.7225  0.000e+00
     71.771     72.378     9.6413  37.405636    34.6102    204.298     0.0143      8.158    99.3335  2.7140906    26.7094  0.000e+00
     70.706     71.304     9.7963  37.562263    34.6226    203.542     0.0289      8.157    99.2560  2.7140906    26.6932  0.000e+00
     69.831     70.421    10.0350  37.794130    34.6313    202.849     0.0069      8.156    99.3077  3.3764838    26.6595  0.000e+00
     69.335     69.921    10.0066  37.760761    34.6248    203.828     0.0216      8.157    99.2302  2.5484923    26.6592  0.000e+00
     68.889     69.471    10.1001  37.863420    34.6401    202.680     0.0216      8.156    99.2560  2.2172957    26.6552  0.000e+00
     68.281     68.857    10.1245  37.883559    34.6376    202.035     0.0289      8.156    99.1786  2.2504154    26.6490  0.000e+00
     67.759     68.331    10.1259  37.886209    34.6392    202.274     0.0875      8.156    99.1786  0.5613128    26.6500  0.000e+00
     67.355     67.924    10.1427  37.904206    34.6416    201.761     0.1022      8.156    99.2302  2.1179368    26.6490  0.000e+00
     66.636     67.199    10.1817  37.945709    34.6469    201.138     0.0582      8.156    99.2044  1.9854581    26.6464  0.000e+00
     65.449     66.001    10.3018  38.066151    34.6550    201.241     0.0436      8.155    99.2044  1.2899453    26.6319  0.000e+00
     64.298     64.840    10.4261  38.185669    34.6582    201.327     0.0655      8.160    99.1786  2.2835350    26.6127  0.000e+00
     63.693     64.230    10.4675  38.225582    34.6593    201.702     0.0729      8.159    99.1786  1.3230650    26.6063  0.000e+00
     63.697     64.235    10.4829  38.240603    34.6598    202.210     0.0655      8.159    99.1527  1.6211419    26.6041  0.000e+00
     63.553     64.089    10.4922  38.253217    34.6637    202.481     0.0729      8.159    99.1269  2.1841761    26.6055  0.000e+00
     62.439     62.966    10.5707  38.332992    34.6701    202.411     0.0729      8.164    99.1011  1.7205009    26.5966  0.000e+00
     60.856     61.368    10.6275  38.387309    34.6715    202.434     0.0729      8.163    99.0753  1.7536205    26.5877  0.000e+00
     59.802     60.305    10.6582  38.415430    34.6712    202.591     0.0948      8.163    99.0236  1.3230650    26.5819  0.000e+00
     59.713     60.216    10.6683  38.428956    34.6753    202.858     0.0802      8.163    98.9462  0.6275521    26.5833  0.000e+00
     60.019     60.524    10.6921  38.451759    34.6754    203.080     0.0875      8.163    99.0236 -0.4653966    26.5792  0.000e+00
     59.527     60.029    10.7158  38.477551    34.6791    203.276     0.1095      8.168    98.9978  1.5217829    26.5778  0.000e+00
     58.100     58.589    10.9620  38.725478    34.6948    201.622     0.0948      8.167    99.0236  0.9918684    26.5460  0.000e+00
     56.556     57.032    11.2174  38.956350    34.6843    201.992     0.1168      8.170    98.9462  0.3625949    26.4914  0.000e+00
     55.405     55.871    11.3514  39.081071    34.6824    204.153     0.1608      8.170    98.8687 -0.4653966    26.4653  0.000e+00
     54.873     55.334    11.3921  39.114705    34.6777    205.940     0.1901      8.174    98.7654 -0.4653966    26.4541  0.000e+00
     54.978     55.440    11.4161  39.135110    34.6752    206.941     0.2047      8.179    98.7138 -0.2335590    26.4478  0.000e+00
     55.277     55.742    11.4298  39.148802    34.6758    207.357     0.2267      8.179    98.7138 -0.2335590    26.4457  0.000e+00
     54.938     55.400    11.4332  39.152768    34.6767    208.041     0.2560      8.184    98.6105 -0.3991573    26.4458  0.000e+00
     53.609     54.060    11.4803  39.196282    34.6761    208.340     0.2780      8.183    98.5588 -0.4653966    26.4365  0.000e+00
     51.866     52.302    11.6314  39.315793    34.6530    207.792     0.2707      8.187    98.6105 -0.4653966    26.3904  0.000e+00
     50.491     50.915    11.8201  39.482951    34.6415    208.473     0.3366      8.191    98.4814 -0.4653966    26.3460  0.000e+00
     49.919     50.339    11.8418  39.503944    34.6421    211.694     0.3439      8.196    98.4039 -0.4653966    26.3423  0.000e+00
     50.013     50.433    11.8330  39.500414    34.6468    215.539     0.3586      8.201    98.3523 -0.4653966    26.3477  0.000e+00
     50.116     50.537    11.8945  39.562271    34.6500    217.729     0.3806      8.205    98.3264 -0.4653966    26.3385  0.000e+00
     49.524     49.940    11.9356  39.601406    34.6502    217.767     0.4318      8.205    98.0166 -0.4653966    26.3308  0.000e+00
     48.366     48.772    12.0550  39.727727    34.6628    217.242     0.4611      8.209    98.0682 -0.4653966    26.3179  0.000e+00
     46.984     47.378    12.1972  39.880313    34.6797    217.513     0.4978      8.213    97.9908 -0.4653966    26.3037  0.000e+00
     46.022     46.408    12.2536  39.936987    34.6828    218.451     0.6150      8.218    97.8875 -0.4653966    26.2952  0.000e+00
     45.789     46.173    12.2273  39.915189    34.6862    218.667     0.7469      8.218    97.7842 -0.4653966    26.3029  0.000e+00
     45.816     46.200    12.2934  39.979694    34.6874    218.076     0.7102      8.222    97.6034 -0.4653966    26.2911  0.000e+00
     45.423     45.804    12.2990  39.985112    34.6876    218.434     0.8201      8.222    97.4485 -0.4653966    26.2902  0.000e+00
     44.496     44.870    12.3209  39.999757    34.6819    218.555     0.7835      8.227    97.4485 -0.4653966    26.2815  0.000e+00
     43.318     43.682    12.3576  40.018404    34.6665    218.614     0.7908      8.231    97.5260 -0.4653966    26.2624  0.000e+00
     42.225     42.579    12.3660  40.022208    34.6629    219.767     0.9080      8.236    97.3969 -0.4653966    26.2579  0.000e+00
     41.466     41.813    12.3754  40.022914    34.6552    220.929     0.9740      8.236    97.2678 -0.4653966    26.2501  0.000e+00
     41.031     41.374    12.3787  40.024655    34.6541    221.675     1.1571      8.240    97.1645 -0.4653966    26.2486  0.000e+00
     40.851     41.193    12.3808  40.026397    34.6539    222.432     0.9813      8.240    97.0354 -0.4653966    26.2480  0.000e+00
     40.625     40.965    12.3837  40.029172    34.6540    222.808     0.8274      8.240    97.0095 -0.4653966    26.2475  0.000e+00
     39.874     40.208    12.3818  40.024198    34.6512    222.819     0.8128      8.245    97.0095 -0.4653966    26.2457  0.000e+00
     38.770     39.095    12.3881  40.025161    34.6468    222.630     0.8201      8.245    97.0870 -0.4653966    26.2411  0.000e+00
