Arg_L2_SF14_moy.cnv
* Sea-Bird SBE 9 Data File:
* FileName = S:\CTD_Data\CTD\Data\Argentina 2014\Data\Arg_L2_SF14.hex
* Software Version Seasave V 7.21g
* Temperature SN = 5769
* Conductivity SN = 4244
* Number of Bytes Per Scan = 31
* Number of Voltage Words = 4
* Number of Scans Averaged by the Deck Unit = 24
* NMEA Latitude = 45 56.69 S
* NMEA Longitude = 065 33.61 W
* NMEA UTC (Time) = Feb 08 2014 04:01:49
* NMEA baud rate = 9600
** R/V Coriolis II
** MARES project, ARGENTINA 2014
** Chief scientist : Dr. Gustavo Ferreyra
** Co-Chief scientist : Dr. José Luis Esteves
# nquan = 13
# nvalues = 674                                   
# units = specified
# name 0 = depSM: Depth [salt water, m]
# name 1 = prDM: Pressure, Digiquartz [db]
# name 2 = t090C: Temperature [ITS-90, deg C]
# name 3 = c0mS/cm: Conductivity [mS/cm]
# name 4 = sal00: Salinity, Practical [PSU]
# name 5 = sbeox0Mm/Kg: Oxygen, SBE 43 [umol/Kg]
# name 6 = flECO-AFL: Fluorescence, WET Labs ECO-AFL/FL [mg/m^3]
# name 7 = ph: pH
# name 8 = CStarTr0: Beam Transmission, WET Labs C-Star [%]
# name 9 = par: PAR/Irradiance, Biospherical/Licor
# name 10 = upoly0: Upoly 0, Nitrate
# name 11 = sigma-é00: Density [sigma-theta, Kg/m^3]
# name 12 = flag:  0.000e+00
# span 0 =     -0.267,     83.795                 
# span 1 =     -0.269,     84.505                 
# span 2 =     9.8003,    13.9444                 
# span 3 =  16.133367,  39.939378                 
# span 4 =    12.2705,    33.2427                 
# span 5 =    153.355,    263.199                 
# span 6 =    -0.0370,     1.4575                 
# span 7 =      7.884,      8.225                 
# span 8 =    61.2723,    97.3969                 
# span 9 = 1.0000e-12, 4.5649e-01                 
# span 10 = -0.7303538,  3.4096034                
# span 11 =     8.7054,    25.6075                
# span 12 = 0.0000e+00, 0.0000e+00                
# interval = seconds: 1
# start_time = Feb 08 2014 04:01:49 [NMEA time, header]
# bad_flag = -9.990e-29
*END*
[from data line 334]
     57.415     57.898    10.4401  36.679320    33.1291    186.128    -0.0297      7.985    84.4860 1.0381e-03 -0.6641145    25.4178  0.000e+00
     57.213     57.695    10.4427  36.681502    33.1290    186.345    -0.0297      7.985    84.6409 8.9907e-04  0.2963556    25.4173  0.000e+00
     56.920     57.399    10.4455  36.683869    33.1290    186.395    -0.0370      7.985    85.1315 8.9907e-04  0.9256291    25.4167  0.000e+00
     56.332     56.806    10.4453  36.683244    33.1288    186.451    -0.0370      7.985    84.8733 8.9907e-04  0.7600308    25.4166  0.000e+00
     55.698     56.166    10.4429  36.681184    33.1292    186.772    -0.0370      7.985    84.7700 1.4574e-03  0.3625949    25.4174  0.000e+00
     55.732     56.201    10.4436  36.681746    33.1291    186.676    -0.0297      7.985    84.6926 7.3199e-05 -0.2997983    25.4172  0.000e+00
     55.954     56.425    10.4461  36.684053    33.1290    186.997    -0.0297      7.985    84.6409 1.4574e-03 -0.2335590    25.4166  0.000e+00
     56.128     56.600    10.4466  36.684552    33.1290    186.742    -0.0297      7.985    84.6926 1.3173e-03  0.9587487    25.4166  0.000e+00
     55.885     56.355    10.4467  36.684489    33.1289    187.062    -0.0370      7.985    84.7184 4.8439e-04  0.7931504    25.4165  0.000e+00
     55.556     56.023    10.4462  36.683802    33.1288    187.477    -0.0297      7.990    84.5376 6.2223e-04  0.3625949    25.4165  0.000e+00
     55.246     55.711    10.4487  36.685796    33.1287    187.366    -0.0077      7.990    84.4860 1.0000e-12  0.3957145    25.4160  0.000e+00
     55.069     55.532    10.4498  36.686481    33.1285    187.520    -0.0297      7.990    84.4602 6.2223e-04  0.7600308    25.4156  0.000e+00
     54.937     55.399    10.4511  36.687603    33.1284    188.095    -0.0297      7.990    84.5118 1.8804e-03  0.7600308    25.4153  0.000e+00
     55.119     55.582    10.4511  36.687603    33.1284    187.842    -0.0370      7.990    84.5118 1.5980e-03  0.9256291    25.4153  0.000e+00
     55.305     55.770    10.4500  36.686856    33.1286    187.757    -0.0370      7.990    84.4860 1.3173e-03  0.4619538    25.4156  0.000e+00
     55.390     55.856    10.4501  36.687168    33.1288    188.179    -0.0370      7.990    84.4860 8.9907e-04 -0.1673197    25.4158  0.000e+00
     55.416     55.882    10.4501  36.687230    33.1288    187.922    -0.0297      7.990    84.4602 6.2223e-04 -0.5978752    25.4158  0.000e+00
     55.343     55.809    10.4499  36.686981    33.1287    188.085    -0.0370      7.990    84.4860 7.6046e-04  0.3294752    25.4158  0.000e+00
     55.139     55.603    10.4500  36.686980    33.1288    188.080    -0.0297      7.990    84.3827 1.4574e-03  0.3625949    25.4158  0.000e+00
     54.957     55.419    10.4505  36.687416    33.1288    187.816    -0.0297      7.990    84.4602 3.4694e-04  0.4950735    25.4158  0.000e+00
     55.017     55.480    10.4508  36.687665    33.1288    188.237    -0.0297      7.990    84.4860 7.3199e-05  1.6873812    25.4157  0.000e+00
     55.244     55.708    10.4493  36.686731    33.1291    188.248    -0.0370      7.990    84.4344 1.1775e-03  1.2568256    25.4161  0.000e+00
     55.282     55.747    10.4486  36.686295    33.1293    187.994    -0.0370      7.990    84.5376 4.8439e-04  0.4619538    25.4164  0.000e+00
     55.085     55.548    10.4495  36.686918    33.1291    187.986    -0.0297      7.990    84.4860 7.3199e-05 -0.2335590    25.4162  0.000e+00
     54.939     55.401    10.4519  36.688850    33.1290    187.553    -0.0370      7.990    84.4602 6.2223e-04 -0.3991573    25.4156  0.000e+00
     55.040     55.502    10.4528  36.689598    33.1289    187.972    -0.0224      7.990    84.5893 7.6046e-04 -0.2335590    25.4154  0.000e+00
     55.278     55.742    10.4517  36.688789    33.1289    188.239    -0.0224      7.990    84.6151 2.8812e-03 -0.2004393    25.4156  0.000e+00
     55.348     55.814    10.4504  36.687791    33.1291    188.409    -0.0297      7.990    84.6409 3.4694e-04 -0.2666786    25.4160  0.000e+00
     55.272     55.736    10.4513  36.688477    33.1290    188.404    -0.0370      7.990    84.6409 1.0381e-03 -0.3660376    25.4158  0.000e+00
     55.252     55.716    10.4528  36.689724    33.1289    188.140    -0.0370      7.990    84.6926 4.8439e-04  0.2301162    25.4154  0.000e+00
     55.246     55.710    10.4530  36.690098    33.1291    188.139    -0.0370      7.990    84.7700 1.0381e-03 -0.4653966    25.4155  0.000e+00
     55.135     55.599    10.4534  36.690222    33.1289    188.135    -0.0297      7.990    84.7184 3.4694e-04 -0.6641145    25.4153  0.000e+00
     54.937     55.399    10.4542  36.690782    33.1289    188.127    -0.0224      7.990    84.6668 1.7390e-03 -0.6641145    25.4151  0.000e+00
     54.861     55.322    10.4569  36.692964    33.1286    188.114    -0.0150      7.990    84.5635 1.0381e-03 -0.4653966    25.4145  0.000e+00
     54.981     55.443    10.4565  36.692466    33.1284    188.119    -0.0370      7.990    84.6926 8.9907e-04 -0.6309949    25.4144  0.000e+00
     55.247     55.711    10.4530  36.689973    33.1290    188.559    -0.0297      7.990    84.7959 7.6046e-04 -0.0679607    25.4155  0.000e+00
     55.406     55.871    10.4523  36.689412    33.1290    188.566    -0.0370      7.990    84.6409 1.0381e-03  0.6937915    25.4156  0.000e+00
     55.204     55.668    10.4534  36.690409    33.1290    187.880    -0.0370      7.990    84.6151 4.8439e-04  0.4619538    25.4154  0.000e+00
     54.939     55.401    10.4557  36.691967    33.1286    187.864    -0.0370      7.990    84.6409 1.0000e-12 -0.4653966    25.4147  0.000e+00
     55.014     55.477    10.4561  36.692217    33.1285    188.122    -0.0150      7.990    84.6668 3.4694e-04 -0.3329179    25.4146  0.000e+00
     55.310     55.775    10.4537  36.690659    33.1290    188.138    -0.0224      7.990    84.7184 8.9907e-04  0.0645179    25.4153  0.000e+00
     55.330     55.795    10.4536  36.690721    33.1291    188.559    -0.0297      7.990    84.6668 1.3173e-03  0.2632359    25.4154  0.000e+00
     55.065     55.528    10.4557  36.692092    33.1287    188.544    -0.0297      7.990    84.6151 8.9907e-04 -0.5316359    25.4148  0.000e+00
     54.874     55.335    10.4569  36.693027    33.1286    188.278    -0.0297      7.995    84.6151 8.9907e-04 -0.1673197    25.4145  0.000e+00
     54.926     55.388    10.4564  36.692528    33.1286    188.282    -0.0297      7.995    84.5893 4.8439e-04  0.1969966    25.4146  0.000e+00
     55.031     55.494    10.4554  36.691905    33.1288    188.288    -0.0297      7.990    84.7700 2.0988e-04  0.2301162    25.4149  0.000e+00
     55.059     55.522    10.4559  36.692341    33.1288    188.707    -0.0370      7.990    84.7700 6.2223e-04 -0.2004393    25.4148  0.000e+00
     55.136     55.599    10.4568  36.693028    33.1287    188.705    -0.0370      7.995    84.7442 1.5980e-03 -0.1010803    25.4145  0.000e+00
     55.276     55.741    10.4570  36.693340    33.1287    188.450    -0.0370      7.990    84.6926 1.7390e-03 -0.2335590    25.4145  0.000e+00
     55.276     55.741    10.4575  36.693651    33.1286    188.449    -0.0370      7.995    84.5893 7.6046e-04 -0.6641145    25.4144  0.000e+00
     55.126     55.589    10.4577  36.693651    33.1285    188.445    -0.0297      7.995    84.6409 3.9018e-03  0.1638769    25.4142  0.000e+00
     55.089     55.552    10.4577  36.693651    33.1285    188.444    -0.0297      7.995    84.5635 2.0221e-03 -0.3329179    25.4143  0.000e+00
     55.225     55.689    10.4577  36.693901    33.1286    188.867    -0.0224      7.995    84.4860 1.7390e-03 -0.2666786    25.4144  0.000e+00
     55.327     55.792    10.4575  36.693589    33.1285    188.870    -0.0297      7.995    84.6151 1.5980e-03  0.3957145    25.4143  0.000e+00
     55.191     55.655    10.4577  36.693776    33.1285    188.609    -0.0370      7.995    84.6668 8.9907e-04  0.1307573    25.4143  0.000e+00
     54.978     55.441    10.4583  36.693962    33.1283    188.602    -0.0297      7.995    84.5118 7.6046e-04 -0.0348410    25.4140  0.000e+00
     54.913     55.375    10.4580  36.693837    33.1285    188.601    -0.0224      7.995    84.6668 4.8439e-04 -0.3660376    25.4142  0.000e+00
     55.019     55.482    10.4575  36.693526    33.1285    189.026    -0.0370      7.995    84.5893 7.6046e-04 -0.5316359    25.4143  0.000e+00
     55.148     55.612    10.4563  36.692653    33.1287    189.034    -0.0297      7.995    84.5118 8.9907e-04  0.3957145    25.4147  0.000e+00
     55.236     55.701    10.4549  36.691781    33.1290    188.784    -0.0370      7.995    84.6668 1.7390e-03 -0.2997983    25.4152  0.000e+00
     55.334     55.799    10.4555  36.692280    33.1290    188.365    -0.0370      7.995    84.4344 1.3173e-03  0.2632359    25.4150  0.000e+00
     55.439     55.905    10.4552  36.691969    33.1289    188.368    -0.0370      7.995    84.7184 1.3173e-03  0.7269111    25.4150  0.000e+00
     55.488     55.955    10.4552  36.692094    33.1290    188.627    -0.0370      7.995    84.6926 4.8439e-04 -0.1010803    25.4151  0.000e+00
     55.381     55.846    10.4557  36.692467    33.1289    188.622    -0.0370      7.995    84.7184 7.3199e-05 -0.3660376    25.4149  0.000e+00
     55.154     55.618    10.4569  36.693215    33.1288    188.612    -0.0297      7.995    84.5893 2.0221e-03  0.2301162    25.4146  0.000e+00
     55.025     55.488    10.4591  36.694773    33.1283    188.600    -0.0297      7.995    84.4085 1.4574e-03  0.6606718    25.4139  0.000e+00
     55.080     55.543    10.4611  36.696332    33.1281    188.594    -0.0370      7.995    84.6409 1.0000e-12  0.1307573    25.4134  0.000e+00
     55.151     55.615    10.4617  36.696955    33.1281    189.012    -0.0370      7.995    84.6926 3.4694e-04  0.7600308    25.4133  0.000e+00
     55.109     55.572    10.4629  36.697828    33.1279    188.587    -0.0297      7.995    84.7184 1.0381e-03 -0.0017214    25.4129  0.000e+00
     55.063     55.526    10.4622  36.697267    33.1280    188.752    -0.0224      7.995    84.5893 4.8439e-04 -0.6972342    25.4131  0.000e+00
     55.175     55.639    10.4599  36.695459    33.1282    189.021    -0.0297      7.995    84.5893 1.0381e-03 -0.6641145    25.4137  0.000e+00
     55.424     55.890    10.4573  36.693652    33.1287    189.200    -0.0370      7.995    84.6151 1.3173e-03 -0.3660376    25.4145  0.000e+00
     55.576     56.043    10.4550  36.691845    33.1289    189.213    -0.0297      7.995    84.5635 4.8439e-04 -0.2335590    25.4150  0.000e+00
     55.484     55.950    10.4555  36.692218    33.1289    188.532    -0.0297      7.995    84.5893 3.4694e-04 -0.2335590    25.4149  0.000e+00
     55.277     55.742    10.4577  36.693901    33.1286    188.098    -0.0297      7.995    84.6151 7.6046e-04 -0.2335590    25.4143  0.000e+00
     55.133     55.596    10.4608  36.696270    33.1283    188.339    -0.0224      7.995    84.6926 7.3199e-05  1.5880222    25.4136  0.000e+00
     55.069     55.532    10.4613  36.696643    33.1282    188.593    -0.0150      7.995    84.7184 1.0000e-12  0.5944325    25.4134  0.000e+00
     55.085     55.548    10.4617  36.696893    33.1281    189.011    -0.0297      7.995    84.6926 7.3199e-05  0.4950735    25.4132  0.000e+00
     55.157     55.621    10.4610  36.696457    33.1283    189.016    -0.0297      7.995    84.6926 1.0000e-12  0.7931504    25.4135  0.000e+00
     55.254     55.719    10.4605  36.696021    33.1283    188.764    -0.0297      7.995    84.6926 2.0988e-04  0.5281932    25.4136  0.000e+00
     55.264     55.729    10.4604  36.695958    33.1283    189.184    -0.0370      7.995    84.6409 1.0000e-12  0.0313983    25.4136  0.000e+00
     55.232     55.696    10.4603  36.695896    33.1283    189.184    -0.0297      7.995    84.7184 3.4694e-04  0.0313983    25.4137  0.000e+00
     55.235     55.699    10.4601  36.695833    33.1284    188.928    -0.0224      7.995    84.6151 1.0000e-12  0.2301162    25.4138  0.000e+00
     55.025     55.488    10.4603  36.695833    33.1283    188.922    -0.0370      7.995    84.6926 1.0000e-12  0.2632359    25.4137  0.000e+00
     54.462     54.919    10.4686  36.702253    33.1275    188.875    -0.0297      7.995    84.6151 1.0000e-12  0.2632359    25.4116  0.000e+00
     53.769     54.221    10.4764  36.708049    33.1265    188.827    -0.0370      7.995    84.5376 1.0000e-12  0.6606718    25.4094  0.000e+00
     53.187     53.634    10.4786  36.709731    33.1264    189.223    -0.0150      7.995    84.4602 1.0000e-12  0.8925094    25.4090  0.000e+00
     52.601     53.043    10.4846  36.714655    33.1262    189.603    -0.0150      7.999    84.6151 7.6046e-04  0.6606718    25.4078  0.000e+00
     51.794     52.229    10.4938  36.721824    33.1253    189.709    -0.0224      7.999    85.0283 1.0000e-12  0.5613128    25.4055  0.000e+00
     50.935     51.363    10.4957  36.723130    33.1253    190.680    -0.0224      7.999    85.2348 1.0000e-12  1.0249880    25.4051  0.000e+00
     50.242     50.663    10.4999  36.726309    33.1250    191.227     0.0069      7.999    85.4414 1.0000e-12  1.0581077    25.4042  0.000e+00
     49.673     50.090    10.5028  36.728614    33.1250    191.271     0.0069      8.004    85.4672 1.0000e-12  0.3957145    25.4036  0.000e+00
     49.066     49.477    10.5046  36.729859    33.1248    191.992    -0.0297      8.004    85.7771 1.0000e-12  1.5217829    25.4032  0.000e+00
     48.284     48.690    10.5087  36.733412    33.1250    192.281    -0.0224      8.004    85.8546 1.0000e-12  0.6275521    25.4026  0.000e+00
     47.523     47.922    10.5363  36.756178    33.1231    192.216    -0.0150      8.009    86.5517 1.0000e-12  0.1969966    25.3964  0.000e+00
     46.943     47.337    10.5553  36.770464    33.1204    192.866    -0.0004      8.013    88.3593 7.3199e-05  0.7269111    25.3910  0.000e+00
     46.444     46.833    10.5623  36.776016    33.1199    194.400     0.0143      8.018    91.0447 2.0988e-04  0.7269111    25.3893  0.000e+00
     45.801     46.185    10.5665  36.779321    33.1196    196.520    -0.0004      8.018    92.0001 1.0000e-12  0.1969966    25.3884  0.000e+00
     45.043     45.421    10.5835  36.794546    33.1197    198.485    -0.0077      8.023    92.0776 1.0000e-12 -0.2335590    25.3855  0.000e+00
     44.266     44.637    10.6634  36.868285    33.1213    198.820    -0.0077      8.027    93.4978 1.0000e-12 -0.1342000    25.3729  0.000e+00
     43.549     43.914    10.7673  36.964591    33.1236    200.445    -0.0004      8.031    94.5048 1.0000e-12 -0.4653966    25.3565  0.000e+00
     42.880     43.240    11.0229  37.201314    33.1283    201.847     0.0216      8.040    95.2278 1.0000e-12  1.2237060    25.3151  0.000e+00
     42.153     42.506    11.2557  37.413376    33.1285    202.755     0.0362      8.053    95.8217 1.0000e-12  0.6937915    25.2736  0.000e+00
     41.441     41.788    11.3081  37.461325    33.1291    204.090     0.0289      8.062    96.2865 1.0000e-12 -0.4653966    25.2646  0.000e+00
     40.852     41.194    11.3379  37.492572    33.1333    204.885     0.0216      8.067    96.2607 1.0000e-12 -0.6641145    25.2624  0.000e+00
     40.380     40.718    11.4437  37.593930    33.1382    205.170     0.0289      8.071    96.6739 1.0000e-12 -0.4653966    25.2470  0.000e+00
     39.884     40.218    11.5531  37.697351    33.1418    204.888     0.0436      8.080    96.5964 1.0000e-12 -0.4653966    25.2299  0.000e+00
     39.109     39.436    11.6239  37.761462    33.1415    205.419     0.0362      8.084    96.4931 2.0988e-04 -0.5647556    25.2166  0.000e+00
     38.228     38.548    11.8687  37.996155    33.1522    205.214     0.0362      8.093    96.4415 4.8439e-04 -0.4653966    25.1796  0.000e+00
     37.601     37.915    11.9996  38.113623    33.1499    206.871     0.0875      8.102    96.6997 2.0988e-04 -0.4653966    25.1534  0.000e+00
