Arg_Leg3_G5_NV.cnv
* Sea-Bird SBE 9 Data File:
* FileName = S:\CTD_Data\CTD\Data\Argentina 2014\Data\Leg3\Arg_Leg3_G5.hex
* Software Version Seasave V 7.21g
* Temperature SN = 5769
* Conductivity SN = 4244
* Number of Bytes Per Scan = 31
* Number of Voltage Words = 4
* Number of Scans Averaged by the Deck Unit = 24
* NMEA Latitude = 45 11.96 S
* NMEA Longitude = 066 10.58 W
* NMEA UTC (Time) = Feb 13 2014 09:21:06
* NMEA baud rate = 9600
** R/V Coriolis II
** MARES project, ARGENTINA 2014
** Chief scientist : Dr. Gustavo Ferreyra
** Co-Chief scientist : Dr. José Luis Esteves
# nquan = 13
# nvalues = 756                                   
# units = specified
# name 0 = depSM: Depth [salt water, m]
# name 1 = prDM: Pressure, Digiquartz [db]
# name 2 = t090C: Temperature [ITS-90, deg C]
# name 3 = c0mS/cm: Conductivity [mS/cm]
# name 4 = sal00: Salinity, Practical [PSU]
# name 5 = sbeox0Mm/Kg: Oxygen, SBE 43 [umol/Kg]
# name 6 = flECO-AFL: Fluorescence, WET Labs ECO-AFL/FL [mg/m^3]
# name 7 = ph: pH
# name 8 = CStarTr0: Beam Transmission, WET Labs C-Star [%]
# name 9 = par: PAR/Irradiance, Biospherical/Licor
# name 10 = upoly0: Upoly 0, Nitrate
# name 11 = sigma-é00: Density [sigma-theta, Kg/m^3]
# name 12 = flag:  0.000e+00
# span 0 =     -0.040,     70.553                 
# span 1 =     -0.040,     71.144                 
# span 2 =    11.1043,    14.5829                 
# span 3 =   3.334098,  40.780811                 
# span 4 =     2.2562,    33.4521                 
# span 5 =    160.245,    284.837                 
# span 6 =    -0.1249,     1.8897                 
# span 7 =      7.968,      8.208                 
# span 8 =    44.5140,    94.8922                 
# span 9 = 1.0000e-12, 4.3143e+00                 
# span 10 = -0.7634735, -0.4653966                
# span 11 =     0.9914,    25.5118                
# span 12 = 0.0000e+00, 0.0000e+00                
# interval = seconds: 1
# start_time = Feb 13 2014 09:21:06 [NMEA time, header]
# bad_flag = -9.990e-29
*END*
      2.212      2.230    14.5732  40.770452    33.4129    217.603     1.3622      8.198    93.0588 4.2620e-01 -0.7303538    24.8404  0.000e+00
      2.181      2.199    14.5738  40.771297    33.4131    216.582     1.3476      8.198    93.1621 4.3157e-01 -0.7303538    24.8404  0.000e+00
      2.129      2.146    14.5741  40.771427    33.4131    216.241     1.3329      8.198    93.0588 4.4249e-01 -0.7303538    24.8403  0.000e+00
      2.110      2.128    14.5741  40.771297    33.4129    219.524     1.4282      8.198    93.2137 4.5933e-01 -0.5647556    24.8402  0.000e+00
      2.059      2.076    14.5735  40.770841    33.4130    217.682     1.4135      8.198    93.2396 4.4664e-01 -0.7303538    24.8404  0.000e+00
      2.182      2.200    14.5731  40.770387    33.4129    215.145     1.4208      8.198    93.1363 4.4944e-01 -0.7303538    24.8404  0.000e+00
      2.327      2.346    14.5720  40.769282    33.4128    218.332     1.3549      8.198    93.1621 4.4944e-01 -0.7303538    24.8405  0.000e+00
      2.562      2.583    14.5714  40.768762    33.4128    217.558     1.3842      8.198    93.0846 3.9274e-01 -0.7303538    24.8406  0.000e+00
      2.899      2.923    14.5717  40.769479    33.4130    216.420     1.3549      8.203    93.1879 3.7097e-01 -0.7303538    24.8408  0.000e+00
      3.237      3.264    14.5739  40.771757    33.4131    216.844     1.3696      8.198    93.0846 3.2425e-01 -0.7303538    24.8404  0.000e+00
      3.712      3.743    14.5770  40.774620    33.4128    217.183     1.3769      8.198    93.1105 2.8461e-01 -0.7303538    24.8395  0.000e+00
      4.188      4.223    14.5787  40.776118    33.4126    217.719     1.3403      8.198    93.0330 2.4751e-01 -0.7303538    24.8390  0.000e+00
      4.751      4.790    14.5763  40.774364    33.4128    217.214     1.2597      8.203    93.1621 2.0227e-01 -0.7303538    24.8397  0.000e+00
      5.438      5.483    14.5819  40.779440    33.4124    217.019     1.1864      8.203    93.2396 1.7560e-01 -0.7303538    24.8382  0.000e+00
      6.101      6.151    14.5827  40.780288    33.4122    218.242     1.1864      8.203    93.1879 1.4404e-01 -0.7303538    24.8379  0.000e+00
      6.691      6.746    14.5829  40.780811    33.4122    217.240     1.1937      8.203    92.9814 1.2846e-01 -0.7303538    24.8379  0.000e+00
      7.312      7.372    14.5714  40.770862    33.4128    217.072     1.2157      8.203    93.0330 1.1646e-01 -0.5978752    24.8408  0.000e+00
      7.973      8.038    14.5669  40.766442    33.4124    217.005     1.2304      8.203    93.1105 1.0440e-01 -0.7303538    24.8415  0.000e+00
      8.665      8.736    14.5634  40.762608    33.4116    216.850     1.2084      8.203    92.9039 9.5230e-02 -0.7634735    24.8416  0.000e+00
      9.353      9.430    14.5620  40.761050    33.4111    217.597     1.2157      8.203    92.9555 8.3979e-02 -0.7634735    24.8415  0.000e+00
     10.063     10.146    14.5611  40.760077    33.4107    218.301     1.2597      8.203    93.1879 7.5336e-02 -0.7634735    24.8415  0.000e+00
     10.819     10.908    14.5614  40.761186    33.4111    218.128     1.2084      8.203    93.1105 6.5642e-02 -0.7634735    24.8417  0.000e+00
     11.582     11.677    14.5681  40.769253    33.4124    217.395     1.1937      8.203    92.9039 5.8196e-02 -0.7634735    24.8413  0.000e+00
     12.273     12.374    14.5707  40.772313    33.4128    215.364     1.2011      8.203    93.0846 5.1798e-02 -0.7634735    24.8411  0.000e+00
     12.823     12.928    14.5714  40.773226    33.4127    215.907     1.2084      8.203    93.1363 4.9568e-02 -0.7634735    24.8409  0.000e+00
     13.329     13.439    14.5678  40.769586    33.4123    216.406     1.2743      8.203    93.1363 4.6316e-02 -0.7634735    24.8414  0.000e+00
     13.930     14.045    14.5475  40.749103    33.4108    217.343     1.2890      8.203    93.0588 4.2914e-02 -0.7634735    24.8446  0.000e+00
     14.666     14.787    14.5426  40.744554    33.4106    217.428     1.1937      8.203    92.9814 3.5996e-02 -0.7634735    24.8455  0.000e+00
     15.397     15.524    14.5464  40.749564    33.4117    217.535     1.1718      8.203    93.0072 3.3423e-02 -0.7634735    24.8455  0.000e+00
     16.094     16.226    14.5264  40.728956    33.4097    216.815     1.2597      8.203    93.0330 3.2507e-02 -0.7634735    24.8482  0.000e+00
     16.803     16.942    14.5097  40.712707    33.4089    216.183     1.1937      8.203    92.8781 2.8945e-02 -0.7634735    24.8512  0.000e+00
     17.547     17.692    14.4878  40.692431    33.4090    215.852     1.1937      8.199    93.1105 2.4507e-02 -0.7634735    24.8560  0.000e+00
     18.279     18.430    14.4760  40.680672    33.4081    215.434     1.2011      8.199    93.2654 1.8604e-02 -0.7634735    24.8578  0.000e+00
     18.918     19.075    14.4469  40.652932    33.4075    217.528     1.2524      8.199    93.3170 1.8228e-02 -0.7634735    24.8635  0.000e+00
     19.524     19.685    14.4471  40.653389    33.4075    216.219     1.2597      8.199    93.3429 1.6196e-02 -0.7634735    24.8635  0.000e+00
     20.129     20.295    14.4211  40.627734    33.4061    214.547     1.2450      8.199    93.1363 1.3700e-02 -0.7634735    24.8679  0.000e+00
     20.735     20.906    14.4091  40.615722    33.4052    215.243     1.2670      8.199    93.4203 1.0966e-02 -0.7634735    24.8698  0.000e+00
     21.361     21.537    14.4010  40.608127    33.4050    213.819     1.3256      8.199    93.5494 1.0466e-02 -0.7634735    24.8714  0.000e+00
     22.067     22.249    14.3949  40.605208    33.4073    214.742     1.3329      8.195    93.4978 9.1555e-03 -0.7634735    24.8745  0.000e+00
     22.842     23.030    14.3936  40.607419    33.4102    214.900     1.1278      8.195    93.6785 8.0324e-03 -0.7634735    24.8769  0.000e+00
     23.588     23.783    14.3883  40.604760    33.4120    213.520     1.1058      8.195    93.8076 6.7757e-03 -0.7634735    24.8795  0.000e+00
     24.311     24.512    14.3876  40.605802    33.4132    213.437     1.0692      8.195    93.9109 2.7370e-03 -0.7634735    24.8806  0.000e+00
     25.003     25.210    14.3861  40.605935    33.4144    212.325     1.0912      8.190    93.8851 3.4620e-03 -0.7634735    24.8819  0.000e+00
     25.692     25.904    14.3793  40.600419    33.4149    212.073     1.0545      8.190    94.1175 1.8804e-03 -0.7634735    24.8837  0.000e+00
     26.329     26.546    14.3800  40.602954    33.4164    212.027     1.2524      8.190    94.2983 1.0000e-12 -0.7634735    24.8847  0.000e+00
     26.891     27.113    14.3807  40.604450    33.4170    211.396     1.1278      8.190    94.3499 6.2223e-04 -0.7634735    24.8850  0.000e+00
     27.498     27.726    14.3829  40.609842    33.4197    211.295     1.0692      8.190    94.4532 7.3199e-05 -0.7634735    24.8867  0.000e+00
     28.175     28.408    14.3813  40.610104    33.4211    211.558     1.0912      8.190    94.4790 1.0000e-12 -0.7303538    24.8882  0.000e+00
     28.932     29.171    14.3811  40.612316    33.4230    211.278     0.9740      8.185    94.5307 1.0000e-12 -0.7303538    24.8897  0.000e+00
     29.667     29.913    14.3808  40.613682    33.4242    210.459     0.8494      8.185    94.5823 1.0000e-12 -0.7634735    24.8907  0.000e+00
     30.369     30.621    14.3773  40.614400    33.4276    210.189     0.9007      8.185    94.8147 1.0000e-12 -0.7303538    24.8941  0.000e+00
     31.081     31.339    14.3719  40.611026    33.4289    209.781     0.8641      8.185    94.8663 1.0000e-12 -0.7303538    24.8963  0.000e+00
     31.782     32.045    14.3532  40.596485    33.4314    208.886     0.7469      8.185    94.8922 1.0000e-12 -0.7303538    24.9022  0.000e+00
     32.453     32.722    14.3321  40.580583    33.4348    208.193     0.6077      8.181    94.8663 1.0000e-12 -0.7303538    24.9092  0.000e+00
     33.117     33.392    14.3284  40.579677    33.4369    207.625     0.5857      8.176    94.8405 1.0000e-12 -0.7303538    24.9117  0.000e+00
     33.769     34.049    14.3210  40.573902    33.4378    206.383     0.6516      8.176    94.5823 1.0000e-12 -0.7303538    24.9139  0.000e+00
     34.393     34.678    14.3217  40.576242    33.4390    205.451     0.5930      8.176    94.5565 1.0000e-12 -0.7303538    24.9148  0.000e+00
     35.039     35.330    14.3237  40.579555    33.4401    205.251     0.6223      8.172    94.4532 1.0000e-12 -0.7303538    24.9152  0.000e+00
     35.749     36.045    14.3234  40.580662    33.4411    204.522     0.5857      8.172    94.3241 1.0000e-12 -0.6972342    24.9160  0.000e+00
     36.509     36.812    14.3166  40.575536    33.4419    204.660     0.5344      8.172    94.1950 1.0000e-12 -0.6972342    24.9181  0.000e+00
     37.278     37.587    14.3103  40.572619    33.4444    203.955     0.5198      8.172    93.8851 1.0000e-12 -0.6972342    24.9214  0.000e+00
     37.986     38.301    14.2967  40.566132    33.4499    203.375     0.4758      8.167    93.9626 1.0000e-12 -0.6972342    24.9285  0.000e+00
     38.651     38.971    14.2973  40.569185    33.4520    202.638     0.4172      8.163    93.6527 1.0000e-12 -0.6972342    24.9300  0.000e+00
     39.332     39.658    14.2975  40.569642    33.4519    201.167     0.3659      8.163    93.0330 1.0000e-12 -0.6972342    24.9299  0.000e+00
     40.033     40.365    14.2870  40.560234    33.4520    199.438     0.3219      8.163    92.5682 1.0000e-12 -0.6972342    24.9323  0.000e+00
     40.685     41.023    14.2543  40.529088    33.4515    198.684     0.3293      8.158    92.2583 1.0000e-12 -0.6972342    24.9387  0.000e+00
     41.271     41.613    14.2444  40.519748    33.4512    198.581     0.2633      8.158    92.0001 1.0000e-12 -0.6641145    24.9405  0.000e+00
     41.908     42.256    14.2402  40.515728    33.4508    198.062     0.2560      8.158    91.6386 1.0000e-12 -0.6641145    24.9412  0.000e+00
     42.658     43.012    14.2371  40.512357    33.4502    198.386     0.2340      8.158    91.3546 1.0000e-12 -0.6641145    24.9414  0.000e+00
     43.427     43.788    14.2294  40.504900    33.4496    198.382     0.2121      8.158    91.0964 1.0000e-12 -0.6641145    24.9426  0.000e+00
     44.171     44.538    14.2199  40.495044    33.4484    197.792     0.2047      8.158    91.0705 1.0000e-12 -0.6641145    24.9437  0.000e+00
     44.901     45.275    14.2140  40.489080    33.4478    197.733     0.1974      8.158    90.9673 1.0000e-12 -0.6641145    24.9445  0.000e+00
     45.606     45.985    14.2099  40.484867    33.4472    198.014     0.1901      8.158    90.7865 1.0000e-12 -0.6641145    24.9448  0.000e+00
     46.265     46.650    14.2053  40.480200    33.4466    198.098     0.1901      8.158    90.5283 1.0000e-12 -0.6641145    24.9454  0.000e+00
     46.888     47.278    14.2004  40.475469    33.4462    197.984     0.1901      8.158    90.4250 1.0000e-12 -0.6641145    24.9462  0.000e+00
     47.530     47.925    14.1926  40.467884    33.4457    198.579     0.1901      8.158    90.3217 1.0000e-12 -0.6309949    24.9474  0.000e+00
     48.218     48.619    14.1850  40.460495    33.4453    198.478     0.1901      8.158    90.2701 1.0000e-12 -0.6309949    24.9487  0.000e+00
     48.939     49.347    14.1785  40.453625    33.4442    198.674     0.1535      8.158    90.2184 1.0000e-12 -0.6309949    24.9492  0.000e+00
     49.694     50.107    14.1647  40.440144    33.4435    198.949     0.1681      8.158    90.3992 1.0000e-12 -0.6309949    24.9516  0.000e+00
     50.417     50.837    14.1550  40.430164    33.4424    198.459     0.1535      8.158    90.2701 1.0000e-12 -0.6309949    24.9528  0.000e+00
     51.061     51.486    14.1399  40.414676    33.4409    198.538     0.1461      8.154    90.2959 1.0000e-12 -0.6309949    24.9548  0.000e+00
     51.681     52.111    14.1269  40.399903    33.4384    198.460     0.1388      8.159    90.2442 1.0000e-12 -0.6309949    24.9556  0.000e+00
     52.307     52.742    14.0983  40.368936    33.4343    198.246     0.1608      8.159    90.1151 1.0000e-12 -0.6309949    24.9584  0.000e+00
     52.975     53.416    14.0858  40.356307    33.4332    198.515     0.1608      8.159    90.4250 1.0000e-12 -0.6309949    24.9602  0.000e+00
     53.708     54.156    14.0820  40.352942    33.4330    199.101     0.1461      8.159    90.9156 1.0000e-12 -0.6309949    24.9609  0.000e+00
     54.517     54.971    14.0785  40.349901    33.4330    199.838     0.1388      8.159    91.5095 1.0000e-12 -0.6309949    24.9616  0.000e+00
     55.325     55.787    14.0685  40.340125    33.4323    199.700     0.1241      8.159    91.5612 1.0000e-12 -0.6309949    24.9632  0.000e+00
     55.968     56.435    14.0645  40.336436    33.4321    198.980     0.1315      8.159    91.3288 1.0000e-12 -0.6309949    24.9638  0.000e+00
     56.506     56.978    14.0631  40.335661    33.4324    199.350     0.1461      8.159    91.0964 1.0000e-12 -0.6309949    24.9644  0.000e+00
     57.114     57.590    14.0545  40.328023    33.4325    199.602     0.1461      8.159    90.7349 1.0000e-12 -0.6309949    24.9663  0.000e+00
     57.866     58.349    14.0250  40.300186    33.4321    199.188     0.1315      8.159    90.2442 1.0000e-12 -0.6309949    24.9721  0.000e+00
     58.607     59.096    13.9819  40.259545    33.4316    199.030     0.1315      8.154    89.8311 1.0000e-12 -0.6309949    24.9807  0.000e+00
     59.280     59.775    13.9346  40.214456    33.4307    198.028     0.1535      8.155    89.0823 1.0000e-12 -0.6309949    24.9898  0.000e+00
     59.968     60.469    13.9022  40.184194    33.4305    197.315     0.1388      8.150    88.5658 1.0000e-12 -0.6309949    24.9964  0.000e+00
     60.713     61.221    13.8786  40.162022    33.4302    196.467     0.1315      8.150    88.0752 1.0000e-12 -0.6309949    25.0010  0.000e+00
     61.470     61.984    13.8446  40.128351    33.4281    195.812     0.1315      8.146    87.4555 1.0000e-12 -0.6309949    25.0065  0.000e+00
     62.179     62.698    13.7158  40.006938    33.4272    195.938     0.1315      8.142    86.9132 1.0000e-12 -0.6309949    25.0322  0.000e+00
     62.840     63.365    13.5864  39.884127    33.4253    195.141     0.1168      8.137    86.3968 1.0000e-12 -0.6309949    25.0572  0.000e+00
     63.460     63.990    13.4329  39.739581    33.4240    193.338     0.1168      8.133    85.3639 1.0000e-12 -0.6309949    25.0873  0.000e+00
     64.068     64.603    13.2685  39.582327    33.4202    191.611     0.1022      8.125    83.8405 1.0000e-12 -0.6309949    25.1174  0.000e+00
     64.724     65.265    13.1158  39.428789    33.4094    190.100     0.0948      8.121    82.9367 1.0000e-12 -0.6309949    25.1396  0.000e+00
     65.403     65.950    12.8663  39.195254    33.4079    189.140     0.0802      8.112    83.4273 1.0000e-12 -0.6309949    25.1877  0.000e+00
     66.109     66.662    12.7115  39.054532    33.4106    188.026     0.0729      8.104    84.5376 1.0000e-12 -0.6309949    25.2202  0.000e+00
     66.588     67.145    12.5727  38.917778    33.4028    186.854     0.0509      8.095    85.3898 1.0000e-12 -0.6309949    25.2411  0.000e+00
     66.825     67.384    12.4014  38.759102    33.4029    185.397     0.1022      8.091    85.7513 1.0000e-12 -0.6309949    25.2742  0.000e+00
     66.996     67.557    12.2721  38.640330    33.4037    184.153     0.0875      8.096    85.6222 1.0000e-12 -0.6309949    25.2995  0.000e+00
     67.141     67.702    12.1430  38.523229    33.4059    182.356     0.1022      8.096    85.5705 1.0000e-12 -0.6309949    25.3258  0.000e+00
     67.163     67.725    12.1556  38.539060    33.4099    180.191     0.1681      8.096    85.8287 1.0000e-12 -0.6309949    25.3265  0.000e+00
     67.074     67.635    12.2452  38.608320    33.3969    178.616     0.1901      8.101    86.2161 1.0000e-12 -0.6309949    25.2994  0.000e+00
     67.002     67.562    12.3579  38.714251    33.3985    178.248     0.1535      8.105    86.2161 1.0000e-12 -0.6309949    25.2791  0.000e+00
     66.993     67.554    12.2292  38.616277    33.4188    179.655     0.1388      8.106    86.4743 1.0000e-12 -0.6309949    25.3194  0.000e+00
