Arg_L2_SF07_NV.cnv
* Sea-Bird SBE 9 Data File:
* FileName = S:\CTD_Data\CTD\Data\Argentina 2014\Data\Arg_L2_SF07.hex
* Software Version Seasave V 7.21g
* Temperature SN = 5769
* Conductivity SN = 4244
* Number of Bytes Per Scan = 31
* Number of Voltage Words = 4
* Number of Scans Averaged by the Deck Unit = 24
* NMEA Latitude = 45 56.70 S
* NMEA Longitude = 065 33.48 W
* NMEA UTC (Time) = Feb 07 2014 05:09:48
* NMEA baud rate = 9600
** R/V Coriolis II
** MARES project, ARGENTINA 2014
** Chief scientist : Dr. Gustavo Ferreyra
** Co-Chief scientist : Dr. José Luis Esteves
# nquan = 13
# nvalues = 803                                   
# units = specified
# name 0 = depSM: Depth [salt water, m]
# name 1 = prDM: Pressure, Digiquartz [db]
# name 2 = t090C: Temperature [ITS-90, deg C]
# name 3 = c0mS/cm: Conductivity [mS/cm]
# name 4 = sal00: Salinity, Practical [PSU]
# name 5 = sbeox0Mm/Kg: Oxygen, SBE 43 [umol/Kg]
# name 6 = flECO-AFL: Fluorescence, WET Labs ECO-AFL/FL [mg/m^3]
# name 7 = ph: pH
# name 8 = CStarTr0: Beam Transmission, WET Labs C-Star [%]
# name 9 = par: PAR/Irradiance, Biospherical/Licor
# name 10 = upoly0: Upoly 0, Nitrate
# name 11 = sigma-é00: Density [sigma-theta, Kg/m^3]
# name 12 = flag:  0.000e+00
# span 0 =     -0.420,     83.554                 
# span 1 =     -0.424,     84.263                 
# span 2 =     9.4864,    13.8041                 
# span 3 =   2.851500,  39.877244                 
# span 4 =     1.9289,    33.2850                 
# span 5 =    139.425,    274.501                 
# span 6 =    -0.1249,     1.0839                 
# span 7 =      7.819,      8.216                 
# span 8 =    46.7604,    97.5518                 
# span 9 = 1.0000e-12, 1.2321e+00                 
# span 10 = -0.7303538,  4.5687915                
# span 11 =     0.7874,    25.6984                
# span 12 = 0.0000e+00, 0.0000e+00                
# interval = seconds: 1
# start_time = Feb 07 2014 05:09:48 [NMEA time, header]
# bad_flag = -9.990e-29
*END*
      2.240      2.258    13.8029  39.867105    33.2455    222.814     0.8567      8.192    93.1363 1.0000e-12 -0.5647556    24.8722  0.000e+00
      1.967      1.983    13.8022  39.865105    33.2444    222.107     0.8934      8.192    92.6973 1.0000e-12 -0.6309949    24.8714  0.000e+00
      1.575      1.588    13.8019  39.864653    33.2444    221.746     1.0252      8.192    92.3100 1.0000e-12 -0.6309949    24.8715  0.000e+00
      1.220      1.230    13.8019  39.864200    33.2441    222.139     0.8787      8.192    91.8194 1.0000e-12 -0.5978752    24.8713  0.000e+00
      1.817      1.832    13.8021  39.865556    33.2450    223.058     0.9007      8.192    91.5353 1.0000e-12 -0.4653966    24.8719  0.000e+00
      2.672      2.695    13.8019  39.866526    33.2457    222.378     0.8274      8.192    88.2043 1.0000e-12 -0.5647556    24.8726  0.000e+00
      2.729      2.751    13.8021  39.866720    33.2456    223.032     0.8274      8.192    87.7654 1.3173e-03 -0.5647556    24.8725  0.000e+00
      1.993      2.010    13.8018  39.865428    33.2450    224.471     0.8714      8.192    88.4109 1.0000e-12 -0.4653966    24.8720  0.000e+00
      1.758      1.773    13.8021  39.866200    33.2456    222.100     0.9520      8.192    89.8569 1.0000e-12 -0.4653966    24.8724  0.000e+00
      1.992      2.008    13.8028  39.865750    33.2444    222.206     0.9740      8.192    90.4250 1.0000e-12 -0.4653966    24.8714  0.000e+00
      2.326      2.345    13.8027  39.867363    33.2459    222.163     0.9740      8.192    90.6832 1.0000e-12 -0.4653966    24.8725  0.000e+00
      2.392      2.412    13.8021  39.866461    33.2455    222.470     0.9813      8.192    92.4391 2.5932e-03 -0.5978752    24.8724  0.000e+00
      1.971      1.987    13.8019  39.866266    33.2457    223.413     0.9520      8.192    94.0917 1.0000e-12 -0.5647556    24.8725  0.000e+00
      1.869      1.885    13.8013  39.864976    33.2451    221.605     0.9227      8.192    93.4978 1.0000e-12 -0.5647556    24.8722  0.000e+00
      2.293      2.312    13.8001  39.864591    33.2456    221.772     0.9886      8.192    93.4461 1.0000e-12 -0.5978752    24.8728  0.000e+00
      2.191      2.209    13.8000  39.864269    33.2454    222.926     0.9447      8.192    93.9626 1.0000e-12 -0.5978752    24.8727  0.000e+00
      1.758      1.773    13.8012  39.865427    33.2456    221.652     0.9154      8.192    94.1175 1.0000e-12 -0.5978752    24.8726  0.000e+00
      1.862      1.878    13.8014  39.865105    33.2451    222.157     0.9227      8.192    93.7302 1.0000e-12 -0.4985162    24.8722  0.000e+00
      2.395      2.415    13.8018  39.865816    33.2452    222.774     0.8861      8.192    93.3945 1.0000e-12 -0.4985162    24.8722  0.000e+00
      3.027      3.053    13.8018  39.864014    33.2433    223.448     0.9080      8.192    90.9931 1.0000e-12 -0.5316359    24.8707  0.000e+00
      3.487      3.516    13.8022  39.867045    33.2455    223.455     0.9813      8.192    89.8311 1.0000e-12 -0.5978752    24.8724  0.000e+00
      3.821      3.852    13.8022  39.867111    33.2455    222.862     1.0472      8.192    90.6058 1.0000e-12 -0.5978752    24.8724  0.000e+00
      4.080      4.114    13.8018  39.866854    33.2455    223.926     1.0326      8.192    93.0588 1.0000e-12 -0.5978752    24.8725  0.000e+00
      4.339      4.375    13.8017  39.867113    33.2457    222.878     0.9959      8.192    94.5565 1.0000e-12 -0.5316359    24.8727  0.000e+00
      4.855      4.895    13.8017  39.867502    33.2458    222.288     1.0326      8.192    94.5048 1.0000e-12 -0.5647556    24.8728  0.000e+00
      5.547      5.593    13.8018  39.867762    33.2457    221.855     1.0472      8.192    94.5307 1.0000e-12 -0.5978752    24.8727  0.000e+00
      6.222      6.273    13.7993  39.865058    33.2451    222.943     1.0033      8.192    94.5307 1.0000e-12 -0.5647556    24.8727  0.000e+00
      6.853      6.910    13.7995  39.865253    33.2449    223.212     1.0106      8.192    94.2208 1.0000e-12 -0.4653966    24.8725  0.000e+00
      7.445      7.507    13.7947  39.860680    33.2445    222.295     0.9300      8.192    94.1175 1.0000e-12 -0.4653966    24.8733  0.000e+00
      8.099      8.166    13.7950  39.860876    33.2442    221.809     0.8714      8.197    93.7818 1.0000e-12 -0.4653966    24.8730  0.000e+00
      8.972      9.046    13.7854  39.851083    33.2431    221.375     0.8714      8.197    93.5753 1.0000e-12 -0.4653966    24.8741  0.000e+00
      9.939     10.021    13.7850  39.850765    33.2427    222.867     0.8641      8.197    94.0400 1.0000e-12 -0.4653966    24.8740  0.000e+00
     10.673     10.762    13.7783  39.844002    33.2419    223.323     0.9007      8.197    94.7631 1.0000e-12 -0.5978752    24.8747  0.000e+00
     11.018     11.110    13.7789  39.844583    33.2418    222.371     0.9666      8.197    95.0213 1.0000e-12 -0.6972342    24.8745  0.000e+00
     11.283     11.377    13.7801  39.846130    33.2421    221.667     1.0106      8.197    95.0729 1.0000e-12 -0.5978752    24.8745  0.000e+00
     11.664     11.761    13.7843  39.850772    33.2426    221.860     1.0326      8.197    94.9696 1.0000e-12 -0.4985162    24.8741  0.000e+00
     12.284     12.386    13.7842  39.850967    33.2426    222.987     1.0106      8.197    95.0987 1.0000e-12 -0.4985162    24.8741  0.000e+00
     13.177     13.286    13.7837  39.850906    33.2427    222.309     0.8861      8.197    95.1762 1.0000e-12 -0.4653966    24.8743  0.000e+00
     14.171     14.289    13.7856  39.853488    33.2430    220.865     0.8348      8.197    95.0987 1.0000e-12 -0.4653966    24.8742  0.000e+00
     14.765     14.888    13.7878  39.855939    33.2431    220.216     0.9080      8.202    95.0987 1.0000e-12 -0.4653966    24.8738  0.000e+00
     14.746     14.869    13.7858  39.853555    33.2427    221.538     0.9447      8.197    95.0987 1.0000e-12 -0.4653966    24.8739  0.000e+00
     14.767     14.890    13.7856  39.853619    33.2429    222.498     0.9300      8.202    95.0987 1.0000e-12 -0.4653966    24.8741  0.000e+00
     15.189     15.315    13.7866  39.854781    33.2429    221.395     0.9227      8.202    95.0729 1.0000e-12 -0.5316359    24.8739  0.000e+00
     15.973     16.106    13.7875  39.856073    33.2430    221.210     0.9154      8.202    95.0987 1.0000e-12 -0.5647556    24.8738  0.000e+00
     16.882     17.022    13.7884  39.857236    33.2429    222.343     0.8861      8.202    95.1504 1.0000e-12 -0.4653966    24.8736  0.000e+00
     17.668     17.814    13.7882  39.857304    33.2428    222.366     0.8934      8.202    95.1246 1.0000e-12 -0.4653966    24.8736  0.000e+00
     18.173     18.324    13.7875  39.856855    33.2428    221.272     0.9300      8.202    95.0729 1.0000e-12 -0.4653966    24.8738  0.000e+00
     18.448     18.601    13.7872  39.856727    33.2429    221.281     0.9300      8.202    95.0987 1.0000e-12 -0.4653966    24.8738  0.000e+00
     18.589     18.743    13.7874  39.856921    33.2428    222.042     0.8787      8.202    95.0729 1.0000e-12 -0.4653966    24.8738  0.000e+00
     18.896     19.053    13.7871  39.856664    33.2427    222.406     0.8567      8.202    95.0471 1.0000e-12 -0.4985162    24.8738  0.000e+00
     19.573     19.736    13.7880  39.857956    33.2429    220.805     0.9080      8.202    95.0729 1.0000e-12 -0.4653966    24.8738  0.000e+00
     20.455     20.625    13.7888  39.859248    33.2430    219.916     0.8934      8.202    95.0987 1.0000e-12 -0.4985162    24.8737  0.000e+00
     21.313     21.491    13.7889  39.859767    33.2430    220.041     0.9154      8.202    95.0213 1.0000e-12 -0.4653966    24.8737  0.000e+00
     21.717     21.897    13.7890  39.860026    33.2431    220.811     0.8641      8.202    95.0213 1.0000e-12 -0.4653966    24.8737  0.000e+00
     21.918     22.101    13.7907  39.862154    33.2435    221.567     0.8861      8.202    95.0471 1.0000e-12 -0.4653966    24.8737  0.000e+00
     22.401     22.588    13.7903  39.861705    33.2433    221.380     0.9080      8.202    95.0729 1.0000e-12 -0.4653966    24.8736  0.000e+00
     23.118     23.311    13.7966  39.869377    33.2446    220.460     0.9080      8.202    95.0729 1.0000e-12 -0.4985162    24.8734  0.000e+00
     23.914     24.113    13.8041  39.877244    33.2451    220.801     0.9154      8.202    94.9954 1.0000e-12 -0.4653966    24.8723  0.000e+00
     24.613     24.818    13.8033  39.876989    33.2453    221.582     0.9300      8.202    94.8405 1.0000e-12 -0.4653966    24.8726  0.000e+00
     25.128     25.338    13.7887  39.861071    33.2430    220.757     0.9373      8.202    94.9696 1.0000e-12 -0.4653966    24.8738  0.000e+00
     25.557     25.770    13.7775  39.850310    33.2425    220.617     0.9227      8.202    95.0471 1.0000e-12 -0.4985162    24.8757  0.000e+00
     26.038     26.255    13.7526  39.824410    33.2398    220.800     0.9007      8.202    95.1504 1.0000e-12 -0.4653966    24.8788  0.000e+00
     26.556     26.777    13.7699  39.843806    33.2426    220.731     0.8934      8.202    95.0987 1.0000e-12 -0.4653966    24.8774  0.000e+00
     27.085     27.311    13.7799  39.853474    33.2427    222.320     0.8714      8.202    95.0729 1.0000e-12 -0.4653966    24.8754  0.000e+00
     27.757     27.989    13.7702  39.843231    33.2413    220.968     0.8934      8.202    94.9696 1.0000e-12 -0.4985162    24.8764  0.000e+00
     28.574     28.812    13.7692  39.843105    33.2417    220.182     0.8934      8.202    95.3569 1.0000e-12 -0.4653966    24.8770  0.000e+00
     29.393     29.638    13.7488  39.822104    33.2395    220.759     0.8494      8.202    95.2537 1.0000e-12 -0.4653966    24.8794  0.000e+00
     30.127     30.379    13.7283  39.801107    33.2375    220.876     0.9007      8.202    95.2020 1.0000e-12 -0.4653966    24.8821  0.000e+00
     30.682     30.939    13.7181  39.791642    33.2373    221.142     0.9080      8.202    95.1504 1.0000e-12 -0.4653966    24.8841  0.000e+00
     31.026     31.285    13.7152  39.788230    33.2365    220.811     0.8641      8.202    95.2278 1.0000e-12 -0.4653966    24.8840  0.000e+00
     31.311     31.573    13.7043  39.777927    33.2362    221.224     0.8055      8.202    95.4602 1.0000e-12 -0.4653966    24.8860  0.000e+00
     31.660     31.924    13.7222  39.794930    33.2364    221.712     0.7835      8.202    95.3311 1.0000e-12 -0.4653966    24.8826  0.000e+00
     32.108     32.376    13.7240  39.798281    33.2378    221.155     0.7908      8.202    95.3569 1.0000e-12 -0.4653966    24.8833  0.000e+00
     32.729     33.003    13.7344  39.808976    33.2385    220.564     0.7981      8.202    95.3828 1.0000e-12 -0.4653966    24.8817  0.000e+00
     33.553     33.834    13.5873  39.651675    33.2192    222.207     0.8348      8.198    95.3828 1.0000e-12 -0.4985162    24.8968  0.000e+00
     34.486     34.774    13.0352  39.109110    33.1904    223.960     0.8494      8.191    95.5377 1.0000e-12 -0.4653966    24.9852  0.000e+00
     35.390     35.686    12.5708  38.682132    33.1922    223.474     0.4611      8.170    96.9321 1.0000e-12 -0.4653966    25.0774  0.000e+00
     35.553     35.850    12.7674  38.871749    33.1998    218.743     0.2047      8.159    97.3452 1.0000e-12 -0.4653966    25.0451  0.000e+00
     35.098     35.391    13.0487  39.135339    33.2031    216.200     0.2707      8.158    96.8546 1.0000e-12 -0.4653966    24.9924  0.000e+00
     34.978     35.270    12.8993  38.970107    33.1776    218.366     0.4465      8.168    96.4931 1.0000e-12 -0.4653966    25.0021  0.000e+00
     35.604     35.901    12.5934  38.690409    33.1800    220.175     0.4025      8.165    96.9321 1.0000e-12 -0.4985162    25.0636  0.000e+00
     36.545     36.851    12.3241  38.437238    33.1749    220.220     0.2340      8.152    97.2161 1.0000e-12 -0.4653966    25.1114  0.000e+00
     37.503     37.817    12.1027  38.229402    33.1703    218.108     0.1315      8.139    97.4743 1.0000e-12 -0.4653966    25.1499  0.000e+00
     38.045     38.363    11.9758  38.113500    33.1707    216.356     0.1022      8.130    97.5518 1.0000e-12 -0.4653966    25.1740  0.000e+00
     38.173     38.493    11.8968  38.031375    33.1613    214.758     0.0948      8.126    97.4743 1.0000e-12 -0.4985162    25.1815  0.000e+00
     38.757     39.082    11.4128  37.573909    33.1470    215.506     0.1461      8.113    97.5260 1.0000e-12 -0.4653966    25.2594  0.000e+00
     39.497     39.827    11.1337  37.330282    33.1575    213.377     0.1388      8.086    96.9321 1.0000e-12 -0.4653966    25.3180  0.000e+00
     40.129     40.465    11.0773  37.276502    33.1549    208.956     0.0216      8.072    95.1246 1.0000e-12 -0.4653966    25.3260  0.000e+00
     40.635     40.975    11.0291  37.231656    33.1537    205.135     0.0509      8.063    93.9368 1.0000e-12 -0.4985162    25.3337  0.000e+00
     41.194     41.538    10.9808  37.185954    33.1517    201.391     0.0216      8.054    92.8006 1.0000e-12 -0.4653966    25.3407  0.000e+00
     41.947     42.299    10.7024  36.924453    33.1432    200.280     0.1608      8.046    91.6128 1.0000e-12 -0.4653966    25.3831  0.000e+00
     42.804     43.163    10.5121  36.760158    33.1512    198.631     0.0362      8.028    89.1856 1.0000e-12 -0.4653966    25.4223  0.000e+00
     43.530     43.895    10.4882  36.736080    33.1484    195.145    -0.0297      8.018    86.8874 1.0000e-12 -0.4653966    25.4243  0.000e+00
     43.889     44.257    10.4905  36.735769    33.1458    190.964    -0.0370      8.014    85.7771 1.0000e-12 -0.2997983    25.4219  0.000e+00
     44.233     44.604    10.4828  36.726913    33.1438    188.748    -0.0370      8.009    84.8475 1.0000e-12  0.2301162    25.4217  0.000e+00
     44.926     45.303    10.4782  36.721926    33.1427    189.548    -0.0297      8.009    84.3827 1.0000e-12  1.5880222    25.4216  0.000e+00
     45.758     46.141    10.4737  36.717626    33.1421    189.747    -0.0297      8.004    84.2020 1.0000e-12  1.7536205    25.4220  0.000e+00
     46.329     46.718    10.4718  36.715196    33.1411    189.653    -0.0297      8.004    84.0470 1.0000e-12  1.2568256    25.4215  0.000e+00
     46.615     47.006    10.4702  36.712764    33.1400    189.714    -0.0297      8.004    83.8663 1.0000e-12  0.6275521    25.4209  0.000e+00
     47.180     47.575    10.4673  36.709898    33.1396    189.857    -0.0297      7.999    83.9179 1.0000e-12  1.5880222    25.4211  0.000e+00
     48.088     48.492    10.4645  36.707344    33.1391    190.170    -0.0224      8.000    83.7888 1.0000e-12  1.6211419    25.4213  0.000e+00
     49.084     49.496    10.4557  36.699678    33.1390    189.578    -0.0224      8.000    83.6081 1.0000e-12  2.0848171    25.4226  0.000e+00
     49.728     50.146    10.4443  36.689830    33.1392    189.152    -0.0224      7.995    84.0729 1.0000e-12  2.5484923    25.4248  0.000e+00
     49.448     49.863    10.4791  36.719073    33.1371    189.191    -0.0297      7.995    84.2794 1.0000e-12  2.6478513    25.4171  0.000e+00
     49.382     49.796    10.5066  36.743959    33.1370    189.006    -0.0297      7.995    83.9437 1.0000e-12  1.4224239    25.4124  0.000e+00
     49.953     50.373    10.4570  36.698372    33.1361    189.320    -0.0297      7.995    84.0729 1.0000e-12  0.9587487    25.4202  0.000e+00
     50.877     51.305    10.4220  36.668951    33.1380    189.579    -0.0297      7.995    84.0729 1.0000e-12  1.0912274    25.4277  0.000e+00
     51.871     52.307    10.3955  36.645708    33.1384    189.130    -0.0297      7.990    84.3569 1.0000e-12  2.0185778    25.4326  0.000e+00
     52.875     53.319    10.3703  36.624091    33.1392    188.673    -0.0224      7.990    84.9250 1.0000e-12  1.0912274    25.4375  0.000e+00
     53.673     54.124    10.3578  36.613379    33.1394    188.838    -0.0297      7.990    84.5635 1.0000e-12  0.9256291    25.4398  0.000e+00
     54.057     54.511    10.3549  36.611075    33.1396    188.533    -0.0224      7.990    84.5118 1.0000e-12  1.0912274    25.4405  0.000e+00
