Arg_Leg3_SF15_NV.cnv
* Sea-Bird SBE 9 Data File:
* FileName = S:\CTD_Data\CTD\Data\Argentina 2014\Data\Leg3\Arg_Leg3_SF15.hex
* Software Version Seasave V 7.21g
* Temperature SN = 5769
* Conductivity SN = 4244
* Number of Bytes Per Scan = 31
* Number of Voltage Words = 4
* Number of Scans Averaged by the Deck Unit = 24
* NMEA Latitude = 45 56.72 S
* NMEA Longitude = 065 32.76 W
* NMEA UTC (Time) = Feb 14 2014 23:47:47
* NMEA baud rate = 9600
** R/V Coriolis II
** MARES project, ARGENTINA 2014
** Chief scientist : Dr. Gustavo Ferreyra
** Co-Chief scientist : Dr. José Luis Esteves
# nquan = 13
# nvalues = 546                                   
# units = specified
# name 0 = depSM: Depth [salt water, m]
# name 1 = prDM: Pressure, Digiquartz [db]
# name 2 = t090C: Temperature [ITS-90, deg C]
# name 3 = c0mS/cm: Conductivity [mS/cm]
# name 4 = sal00: Salinity, Practical [PSU]
# name 5 = sbeox0Mm/Kg: Oxygen, SBE 43 [umol/Kg]
# name 6 = flECO-AFL: Fluorescence, WET Labs ECO-AFL/FL [mg/m^3]
# name 7 = ph: pH
# name 8 = CStarTr0: Beam Transmission, WET Labs C-Star [%]
# name 9 = par: PAR/Irradiance, Biospherical/Licor
# name 10 = upoly0: Upoly 0, Nitrate
# name 11 = sigma-é00: Density [sigma-theta, Kg/m^3]
# name 12 = flag:  0.000e+00
# span 0 =     -0.001,     80.546                 
# span 1 =     -0.001,     81.228                 
# span 2 =     9.1508,    14.0694                 
# span 3 =   2.044758,  39.963307                 
# span 4 =     1.3614,    33.7962                 
# span 5 =    127.184,    293.682                 
# span 6 =    -0.1323,     2.6882                 
# span 7 =      7.426,      8.196                 
# span 8 =    58.1995,    97.5518                 
# span 9 = 1.0000e-12, 8.0098e-01                 
# span 10 = -0.7634735,  5.3305436                
# span 11 =     0.3627,    25.7832                
# span 12 = 0.0000e+00, 0.0000e+00                
# interval = seconds: 1
# start_time = Feb 14 2014 23:47:47 [NMEA time, header]
# bad_flag = -9.990e-29
*END*
[from data line 334]
     35.141     35.435    10.7503  36.953620    33.1318    187.276     0.0143      7.975    87.6879 3.6082e-03 -0.7634735    25.3657  0.000e+00
     34.536     34.825    10.7807  36.978129    33.1290    188.283    -0.0224      7.975    87.5846 3.4620e-03 -0.7634735    25.3581  0.000e+00
     33.866     34.149    10.7797  36.977752    33.1297    188.094    -0.0004      7.975    87.9978 2.7370e-03 -0.7634735    25.3589  0.000e+00
     33.164     33.441    10.7822  36.979938    33.1300    188.712    -0.0004      7.975    88.3851 2.1643e-03 -0.0348410    25.3586  0.000e+00
     32.435     32.706    10.7865  36.983438    33.1299    188.588    -0.0004      7.975    88.7208 4.1972e-03  0.0976376    25.3578  0.000e+00
     31.666     31.931    10.7975  36.992567    33.1294    188.759     0.0216      7.980    88.6949 2.7370e-03 -0.7634735    25.3554  0.000e+00
     30.926     31.184    10.8156  37.007702    33.1284    189.648     0.0362      7.979    88.6691 6.0045e-03 -0.7634735    25.3515  0.000e+00
     30.324     30.578    10.8226  37.013205    33.1278    189.678     0.0289      7.979    89.4438 5.0932e-03 -0.7634735    25.3498  0.000e+00
     29.827     30.076    10.8497  37.038607    33.1288    189.624     0.0143      7.979    89.8827 5.8515e-03 -0.7634735    25.3458  0.000e+00
     29.278     29.522    10.8817  37.069274    33.1306    190.205     0.0069      7.984    90.5025 3.4620e-03 -0.7634735    25.3416  0.000e+00
     28.524     28.762    10.9623  37.146991    33.1354    190.568     0.0289      7.993    91.4579 3.1707e-03 -0.7634735    25.3310  0.000e+00
     27.577     27.807    11.0627  37.245278    33.1426    190.592     0.0582      8.007    90.5025 5.2440e-03 -0.7634735    25.3188  0.000e+00
     26.629     26.851    11.3570  37.511136    33.1405    191.009     0.0582      8.025    89.7795 4.1972e-03 -0.7634735    25.2643  0.000e+00
     25.836     26.052    11.4147  37.565176    33.1422    194.796     0.0143      8.043    92.0259 4.6433e-03 -0.7634735    25.2551  0.000e+00
     25.229     25.440    11.5702  37.704544    33.1398    199.388     0.0509      8.057    93.5494 5.5469e-03 -0.7634735    25.2249  0.000e+00
     24.783     24.990    11.5106  37.631523    33.1218    204.745     0.0729      8.066    92.9039 6.9313e-03 -0.7634735    25.2217  0.000e+00
     24.361     24.564    11.4537  37.594312    33.1365    207.292     0.0875      8.071    94.3241 6.6206e-03 -0.7634735    25.2435  0.000e+00
     23.719     23.917    11.7552  37.875175    33.1417    204.667     0.2121      8.075    96.0283 6.4659e-03 -0.7634735    25.1923  0.000e+00
     22.806     22.996    11.7949  37.904661    33.1355    205.431     0.4172      8.084    96.5706 5.8515e-03 -0.7634735    25.1800  0.000e+00
     21.959     22.142    12.0068  38.100081    33.1370    206.998     0.5344      8.088    96.0283 8.8324e-03 -0.7634735    25.1417  0.000e+00
     21.348     21.526    11.8319  37.928279    33.1261    211.265     0.5124      8.093    95.9508 7.8738e-03 -0.7634735    25.1658  0.000e+00
     20.792     20.965    11.7035  37.853324    33.1679    213.313     0.4831      8.103    96.1832 7.7156e-03 -0.7634735    25.2221  0.000e+00
     20.065     20.232    12.1302  38.204112    33.1289    209.196     0.5344      8.106    96.5189 8.8324e-03 -0.7634735    25.1121  0.000e+00
     19.237     19.397    12.1803  38.254238    33.1332    210.274     0.5198      8.115    96.6997 1.1133e-02 -0.5978752    25.1059  0.000e+00
     18.499     18.653    12.1934  38.275158    33.1421    213.096     0.5637      8.120    96.6997 9.9713e-03 -0.7303538    25.1104  0.000e+00
     17.861     18.010    12.4577  38.514106    33.1384    214.898     0.6736      8.123    96.7255 1.1977e-02 -0.7303538    25.0570  0.000e+00
     17.187     17.330    12.5673  38.609621    33.1335    216.663     0.6296      8.123    96.7255 1.3178e-02 -0.5978752    25.0321  0.000e+00
     16.466     16.603    12.6140  38.652066    33.1332    219.706     0.6736      8.127    96.6997 1.5115e-02 -0.5978752    25.0229  0.000e+00
     16.104     16.238    12.6401  38.676447    33.1337    222.170     0.7322      8.132    96.6222 1.4404e-02 -0.5647556    25.0181  0.000e+00
     16.193     16.327    12.6702  38.706059    33.1354    223.531     0.6077      8.132    96.7255 1.0632e-02 -0.5978752    25.0137  0.000e+00
     16.198     16.333    12.6885  38.721027    33.1336    223.372     0.6589      8.132    96.7513 1.2489e-02 -0.6972342    25.0087  0.000e+00
     15.942     16.074    12.6702  38.707714    33.1371    223.005     0.6882      8.136    96.7513 1.2833e-02 -0.7303538    25.0149  0.000e+00
     15.488     15.616    12.7904  38.828865    33.1471    222.518     0.6370      8.136    96.7255 1.1638e-02 -0.7303538    24.9993  0.000e+00
     14.933     15.057    12.9592  38.977306    33.1402    222.782     0.6223      8.145    96.6222 1.5294e-02 -0.6641145    24.9608  0.000e+00
     14.491     14.611    13.0794  39.081272    33.1337    224.800     0.6589      8.153    96.4156 1.6379e-02 -0.6309949    24.9320  0.000e+00
     14.491     14.611    13.0239  39.033396    33.1369    229.070     0.7688      8.163    96.1832 1.5834e-02 -0.5978752    24.9454  0.000e+00
     14.725     14.847    13.1221  39.124569    33.1371    230.480     0.7542      8.163    96.0800 1.4581e-02 -0.6309949    24.9262  0.000e+00
     14.941     15.065    13.1555  39.157069    33.1385    231.519     1.1132      8.167    95.6410 1.4051e-02 -0.7303538    24.9206  0.000e+00
     15.040     15.165    13.1447  39.145745    33.1372    233.263     1.5600      8.167    94.9696 1.4227e-02 -0.7303538    24.9218  0.000e+00
     14.985     15.109    13.1601  39.159757    33.1370    235.020     1.4648      8.162    94.0917 1.2833e-02 -0.7303538    24.9186  0.000e+00
     14.797     14.920    13.1562  39.154445    33.1355    234.537     1.4355      8.162    94.2208 1.1977e-02 -0.7303538    24.9182  0.000e+00
     14.557     14.678    13.0587  39.084281    33.1545    235.004     1.3696      8.168    94.1950 1.5115e-02 -0.5978752    24.9523  0.000e+00
     14.439     14.559    13.0960  39.106276    33.1428    234.868     1.4868      8.167    94.2983 1.1977e-02 -0.6972342    24.9357  0.000e+00
     14.553     14.674    13.1015  39.112672    33.1440    233.360     1.5234      8.167    94.0400 1.3005e-02 -0.5647556    24.9356  0.000e+00
     14.826     14.949    13.1280  39.130454    33.1375    233.344     1.4941      8.167    93.9368 1.1469e-02 -0.7303538    24.9254  0.000e+00
     15.023     15.148    13.0464  39.056599    33.1390    234.479     1.4062      8.163    94.0917 1.3005e-02 -0.5978752    24.9427  0.000e+00
     14.971     15.095    13.0638  39.076417    33.1425    233.229     1.2377      8.158    94.0142 1.1977e-02 -0.7303538    24.9419  0.000e+00
     14.743     14.865    13.1160  39.122970    33.1409    229.265     1.1937      8.158    94.4015 1.1301e-02 -0.7303538    24.9304  0.000e+00
     14.559     14.680    13.1345  39.139090    33.1401    229.233     1.2597      8.163    94.2724 1.0966e-02 -0.6641145    24.9260  0.000e+00
     14.573     14.694    13.1059  39.111648    33.1391    232.004     1.5820      8.163    94.1175 1.0966e-02 -0.4653966    24.9310  0.000e+00
     14.741     14.864    13.0847  39.092592    33.1396    234.150     1.5893      8.163    94.2724 1.1638e-02 -0.5978752    24.9356  0.000e+00
     14.950     15.074    13.0452  39.058005    33.1413    233.558     1.4062      8.163    94.4274 1.3352e-02 -0.5978752    24.9447  0.000e+00
     15.049     15.174    13.0271  39.042218    33.1422    230.752     1.5747      8.158    94.4015 1.2489e-02 -0.6972342    24.9490  0.000e+00
     14.902     15.026    13.0626  39.075969    33.1431    227.498     1.1937      8.154    94.3757 1.3352e-02 -0.7303538    24.9426  0.000e+00
     14.579     14.700    13.0964  39.107492    33.1435    226.932     1.1718      8.158    94.5307 1.5653e-02 -0.7303538    24.9363  0.000e+00
     14.383     14.503    13.1167  39.120985    33.1386    229.474     1.3549      8.158    94.5307 1.6196e-02 -0.7303538    24.9284  0.000e+00
     14.530     14.651    13.0763  39.085493    33.1403    232.344     1.3915      8.163    94.5823 1.3700e-02 -0.7303538    24.9377  0.000e+00
     14.847     14.971    13.0361  39.051102    33.1428    233.587     1.2524      8.163    94.7114 1.1638e-02 -0.7303538    24.9476  0.000e+00
     15.020     15.144    13.0330  39.048738    33.1433    229.613     1.0912      8.158    94.8147 1.2833e-02 -0.7303538    24.9486  0.000e+00
     14.948     15.072    13.0407  39.055768    33.1432    226.893     1.0326      8.158    94.6598 1.2489e-02 -0.7303538    24.9470  0.000e+00
     14.784     14.907    13.0607  39.075777    33.1447    228.127     1.1937      8.158    94.5048 1.1807e-02 -0.5647556    24.9442  0.000e+00
     14.670     14.792    13.0873  39.099370    33.1437    227.964     1.4575      8.158    94.5565 1.3178e-02 -0.7303538    24.9382  0.000e+00
     14.642     14.764    13.0820  39.095342    33.1446    228.930     1.6040      8.158    94.4532 1.4404e-02 -0.6972342    24.9399  0.000e+00
     14.673     14.795    13.0826  39.093295    33.1422    231.395     1.5234      8.158    94.6856 1.3178e-02 -0.4653966    24.9379  0.000e+00
     14.725     14.848    13.0737  39.084855    33.1419    231.381     1.6699      8.158    94.6081 1.1977e-02 -0.6641145    24.9395  0.000e+00
     14.783     14.906    13.0765  39.087285    33.1417    231.040     1.4721      8.163    94.7631 1.0301e-02 -0.6972342    24.9388  0.000e+00
     14.845     14.969    13.0855  39.097964    33.1439    230.417     1.3476      8.163    94.7631 9.4805e-03 -0.6972342    24.9387  0.000e+00
     14.897     15.021    13.0759  39.087669    33.1425    230.043     1.2963      8.163    94.8922 9.8073e-03 -0.7303538    24.9396  0.000e+00
     14.907     15.031    13.0711  39.084408    33.1436    231.373     1.3110      8.163    94.8663 8.6715e-03 -0.6641145    24.9414  0.000e+00
     14.813     14.936    13.0999  39.112609    33.1452    229.403     1.3183      8.163    94.6081 9.4805e-03 -0.6972342    24.9368  0.000e+00
     14.652     14.774    13.1150  39.123674    33.1425    230.155     1.2597      8.163    94.6598 8.9937e-03 -0.7303538    24.9318  0.000e+00
     14.563     14.684    13.1174  39.126616    33.1432    231.927     1.3403      8.163    94.4532 9.6436e-03 -0.7303538    24.9319  0.000e+00
     14.642     14.764    13.1172  39.126616    33.1434    231.084     1.6553      8.167    94.4015 8.9937e-03 -0.7303538    24.9320  0.000e+00
     14.819     14.942    13.1088  39.117790    33.1423    231.438     1.3110      8.167    94.5307 7.8738e-03 -0.7303538    24.9329  0.000e+00
     14.908     15.032    13.1110  39.121244    33.1436    232.887     1.7725      8.167    94.5565 8.3511e-03 -0.7303538    24.9335  0.000e+00
     14.851     14.975    13.1281  39.138324    33.1448    232.377     1.4208      8.167    94.5823 9.4805e-03 -0.5978752    24.9310  0.000e+00
     14.732     14.854    13.1326  39.141778    33.1442    231.142     1.4428      8.167    94.4532 9.4805e-03 -0.5316359    24.9296  0.000e+00
     14.684     14.806    13.1348  39.142993    33.1434    233.318     1.4795      8.167    94.2724 8.5111e-03 -0.7303538    24.9286  0.000e+00
     14.775     14.898    13.1364  39.144977    33.1439    235.710     1.5747      8.167    94.2983 8.3511e-03 -0.6641145    24.9286  0.000e+00
     14.892     15.016    13.1343  39.142802    33.1436    234.092     1.8018      8.167    94.3241 8.9937e-03 -0.6641145    24.9288  0.000e+00
     14.856     14.979    13.1410  39.148624    33.1433    233.885     1.8824      8.167    94.2724 8.0324e-03 -0.7303538    24.9272  0.000e+00
     14.664     14.786    13.1381  39.147024    33.1443    232.645     1.6626      8.167    94.1950 8.9937e-03 -0.5978752    24.9286  0.000e+00
     14.527     14.648    13.1437  39.150734    33.1430    232.711     1.5088      8.167    94.0659 9.1555e-03 -0.6972342    24.9264  0.000e+00
     14.575     14.696    13.1443  39.152142    33.1438    233.553     1.7285      8.167    94.0659 8.3511e-03 -0.7303538    24.9270  0.000e+00
     14.716     14.839    13.1536  39.160908    33.1439    234.910     1.5747      8.172    93.9626 8.0324e-03 -0.7303538    24.9252  0.000e+00
     14.845     14.968    13.1619  39.168204    33.1435    233.418     1.9337      8.172    94.0917 6.3117e-03 -0.7303538    24.9233  0.000e+00
     14.935     15.059    13.1610  39.167372    33.1435    232.734     1.8677      8.172    93.9626 9.1555e-03 -0.7303538    24.9234  0.000e+00
     14.931     15.055    13.1585  39.165645    33.1440    236.137     1.8311      8.172    94.0142 8.8324e-03 -0.7303538    24.9243  0.000e+00
     14.848     14.971    13.1584  39.165708    33.1442    235.560     1.5674      8.172    94.0142 9.8073e-03 -0.7303538    24.9245  0.000e+00
     14.767     14.890    13.1606  39.167180    33.1437    235.527     1.5088      8.172    93.7560 8.8324e-03 -0.7303538    24.9236  0.000e+00
     14.687     14.809    13.1607  39.167563    33.1440    233.914     1.5161      8.172    93.7560 8.1915e-03 -0.6641145    24.9238  0.000e+00
     14.604     14.725    13.1637  39.170379    33.1441    234.873     1.5381      8.172    93.6527 7.8738e-03 -0.7303538    24.9233  0.000e+00
     14.572     14.694    13.1661  39.172747    33.1442    235.915     1.7505      8.172    93.7560 8.8324e-03 -0.7303538    24.9229  0.000e+00
     14.642     14.763    13.1710  39.176907    33.1438    234.475     2.2194      8.172    93.6011 8.1915e-03 -0.5978752    24.9217  0.000e+00
     14.771     14.894    13.1610  39.163788    33.1402    234.898     2.4758      8.172    93.6785 9.6436e-03 -0.7303538    24.9209  0.000e+00
     14.863     14.987    13.1058  39.117662    33.1448    236.835     1.9776      8.172    93.7818 7.8738e-03 -0.7303538    24.9354  0.000e+00
     14.884     15.008    13.0940  39.104039    33.1422    234.861     1.7139      8.172    93.8851 8.6715e-03 -0.6972342    24.9357  0.000e+00
     14.843     14.967    13.1016  39.114592    33.1456    232.875     1.2084      8.172    93.9368 8.5111e-03 -0.5978752    24.9368  0.000e+00
     14.800     14.923    13.1260  39.134741    33.1433    229.807     1.2377      8.172    94.3241 8.3511e-03 -0.7303538    24.9302  0.000e+00
     14.790     14.913    13.0997  39.106533    33.1397    231.301     1.3110      8.172    94.6598 9.6436e-03 -0.7303538    24.9326  0.000e+00
     14.770     14.893    13.0849  39.094894    33.1416    233.335     1.5014      8.167    94.2983 8.5111e-03 -0.5978752    24.9370  0.000e+00
     14.683     14.805    13.0758  39.090994    33.1459    231.484     1.3842      8.167    94.4790 7.0872e-03 -0.7303538    24.9422  0.000e+00
     14.580     14.701    13.0876  39.102376    33.1464    230.905     1.2670      8.163    94.5565 8.6715e-03 -0.7303538    24.9402  0.000e+00
     14.586     14.707    13.0848  39.098603    33.1453    229.942     1.2963      8.167    94.1175 8.9937e-03 -0.4653966    24.9399  0.000e+00
     14.704     14.826    13.0542  39.068232    33.1433    231.250     1.3403      8.163    94.3757 8.0324e-03 -0.6972342    24.9444  0.000e+00
     14.838     14.961    13.0476  39.066124    33.1470    230.878     1.2524      8.163    94.5565 7.4005e-03 -0.7303538    24.9486  0.000e+00
     14.882     15.006    13.0620  39.076672    33.1444    228.927     1.0692      8.163    95.0213 8.3511e-03 -0.6972342    24.9437  0.000e+00
     14.878     15.001    13.0660  39.080444    33.1444    228.295     1.0033      8.163    94.7631 7.4005e-03 -0.4653966    24.9430  0.000e+00
     14.847     14.970    13.0779  39.090930    33.1439    227.991     1.1058      8.163    94.9696 7.7156e-03 -0.6309949    24.9402  0.000e+00
     14.776     14.899    13.0945  39.106277    33.1439    230.219     1.0985      8.163    94.8663 8.3511e-03 -0.7303538    24.9369  0.000e+00
