Arg_L2_SF12_NV.cnv
* Sea-Bird SBE 9 Data File:
* FileName = S:\CTD_Data\CTD\Data\Argentina 2014\Data\Arg_L2_SF12.hex
* Software Version Seasave V 7.21g
* Temperature SN = 5769
* Conductivity SN = 4244
* Number of Bytes Per Scan = 31
* Number of Voltage Words = 4
* Number of Scans Averaged by the Deck Unit = 24
* NMEA Latitude = 45 56.74 S
* NMEA Longitude = 065 33.65 W
* NMEA UTC (Time) = Feb 08 2014 00:05:33
* NMEA baud rate = 9600
** R/V Coriolis II
** MARES project, ARGENTINA 2014
** Chief scientist : Dr. Gustavo Ferreyra
** Co-Chief scientist : Dr. José Luis Esteves
# nquan = 13
# nvalues = 476                                   
# units = specified
# name 0 = depSM: Depth [salt water, m]
# name 1 = prDM: Pressure, Digiquartz [db]
# name 2 = t090C: Temperature [ITS-90, deg C]
# name 3 = c0mS/cm: Conductivity [mS/cm]
# name 4 = sal00: Salinity, Practical [PSU]
# name 5 = sbeox0Mm/Kg: Oxygen, SBE 43 [umol/Kg]
# name 6 = flECO-AFL: Fluorescence, WET Labs ECO-AFL/FL [mg/m^3]
# name 7 = ph: pH
# name 8 = CStarTr0: Beam Transmission, WET Labs C-Star [%]
# name 9 = par: PAR/Irradiance, Biospherical/Licor
# name 10 = upoly0: Upoly 0, Nitrate
# name 11 = sigma-é00: Density [sigma-theta, Kg/m^3]
# name 12 = flag:  0.000e+00
# span 0 =     -0.299,     86.695                 
# span 1 =     -0.301,     87.431                 
# span 2 =     9.4301,    13.8802                 
# span 3 =   2.566884,  39.929216                 
# span 4 =     1.7301,    33.2893                 
# span 5 =    137.557,    281.947                 
# span 6 =    -0.1249,     1.1937                 
# span 7 =      7.824,      8.211                 
# span 8 =    52.4929,    97.2936                 
# span 9 = 1.0000e-12, 7.5454e-01                 
# span 10 = -0.7303538,  3.3433641                
# span 11 =     0.6469,    25.7117                
# span 12 = 0.0000e+00, 0.0000e+00                
# interval = seconds: 1
# start_time = Feb 08 2014 00:05:33 [NMEA time, header]
# bad_flag = -9.990e-29
*END*
[from data line 112]
     67.435     68.004    10.1071  36.471208    33.2190    168.156    -0.0224      7.949    91.3546 1.0000e-12  0.2632359    25.5447  0.000e+00
     68.189     68.765    10.0901  36.454419    33.2172    168.370    -0.0297      7.944    91.2255 1.0000e-12 -0.2666786    25.5462  0.000e+00
     68.844     69.425    10.0792  36.444036    33.2164    167.601    -0.0150      7.944    90.9673 1.0000e-12 -0.2666786    25.5474  0.000e+00
     69.338     69.923    10.0636  36.428805    33.2151    167.011    -0.0150      7.944    89.8827 1.0000e-12  0.0313983    25.5490  0.000e+00
     69.770     70.359    10.0467  36.412644    33.2140    167.119    -0.0224      7.940    88.5658 1.0000e-12  0.3625949    25.5510  0.000e+00
     70.313     70.907    10.0247  36.392509    33.2135    166.552    -0.0297      7.940    87.6879 1.0000e-12  0.3294752    25.5543  0.000e+00
     70.989     71.589    10.0181  36.386111    33.2128    165.665    -0.0297      7.935    86.2419 1.0000e-12  0.8262701    25.5549  0.000e+00
     71.687     72.293    10.0023  36.370393    33.2110    165.079    -0.0224      7.930    83.8146 1.0000e-12  1.3230650    25.5562  0.000e+00
     72.321     72.932     9.9909  36.359958    33.2107    164.905    -0.0224      7.931    80.7935 1.0000e-12  1.6211419    25.5578  0.000e+00
     72.962     73.579     9.9783  36.348904    33.2107    164.303    -0.0150      7.926    78.2888 1.0000e-12  0.0645179    25.5599  0.000e+00
     73.605     74.227     9.9563  36.329342    33.2107    163.899    -0.0224      7.926    76.3780 1.0000e-12 -0.3991573    25.5636  0.000e+00
     74.236     74.864     9.9353  36.312827    33.2129    163.324    -0.0224      7.921    74.7770 1.0000e-12 -0.2666786    25.5689  0.000e+00
     74.900     75.533     9.9188  36.300661    33.2154    162.464    -0.0224      7.917    72.7113 1.0000e-12  0.5613128    25.5736  0.000e+00
     75.480     76.119     9.9088  36.293710    33.2173    161.847    -0.0224      7.912    70.2840 1.0000e-12  0.7600308    25.5768  0.000e+00
     76.082     76.725     9.9036  36.290360    33.2185    160.781    -0.0224      7.912    68.6315 1.0000e-12  1.3893043    25.5786  0.000e+00
     76.808     77.458     9.8955  36.284466    33.2196    160.160    -0.0224      7.907    68.0376 1.0000e-12  1.8860991    25.5808  0.000e+00
     77.342     77.996     9.8836  36.275158    33.2208    159.818    -0.0150      7.907    67.9601 1.0000e-12  2.0848171    25.5838  0.000e+00
     77.758     78.416     9.8761  36.270319    33.2226    159.188    -0.0150      7.907    67.9859 1.0000e-12  0.8593897    25.5864  0.000e+00
     78.366     79.030     9.8750  36.269514    33.2225    158.541    -0.0150      7.903    67.7535 1.0000e-12  0.5613128    25.5865  0.000e+00
     79.123     79.793     9.8619  36.259401    33.2240    158.373    -0.0297      7.903    67.3404 1.0000e-12  0.4288342    25.5898  0.000e+00
     79.868     80.544     9.7829  36.201155    33.2370    158.420    -0.0224      7.898    66.8239 1.0000e-12  0.7269111    25.6131  0.000e+00
     80.661     81.344     9.6964  36.140282    33.2543    157.342    -0.0150      7.889    66.3591 1.0000e-12  2.7803299    25.6409  0.000e+00
     81.351     82.040     9.6304  36.091340    33.2649    155.309    -0.0150      7.880    65.4296 1.0000e-12  1.5549026    25.6600  0.000e+00
     81.682     82.374     9.5943  36.064278    33.2704    151.507    -0.0077      7.870    63.6220 1.0000e-12  1.5549026    25.6702  0.000e+00
     81.731     82.424     9.5839  36.055919    33.2715    147.281     0.0069      7.866    61.5047 1.0000e-12  1.7536205    25.6727  0.000e+00
     81.672     82.364     9.5760  36.049542    33.2723    145.301     0.0289      7.866    60.4976 1.0000e-12  1.6873812    25.6746  0.000e+00
     81.677     82.369     9.5769  36.049604    33.2715    144.290     0.0289      7.861    60.2910 1.0000e-12  1.0581077    25.6738  0.000e+00
     81.831     82.524     9.5679  36.042547    33.2725    144.085     0.0289      7.861    59.9812 1.0000e-12  1.0249880    25.6761  0.000e+00
     81.946     82.640     9.5590  36.035676    33.2737    144.047     0.0362      7.861    59.4389 1.0000e-12  1.1574667    25.6785  0.000e+00
     82.017     82.712     9.5590  36.035367    33.2733    144.040     0.0362      7.856    59.1032 1.0000e-12  1.4555436    25.6782  0.000e+00
     82.247     82.944     9.5533  36.031158    33.2742    143.778     0.0289      7.856    58.8450 1.0000e-12  0.4288342    25.6798  0.000e+00
     82.428     83.127     9.5485  36.027197    33.2745    143.847     0.0362      7.856    58.1737 1.0000e-12  0.8925094    25.6809  0.000e+00
     82.330     83.028     9.5389  36.019770    33.2758    143.482     0.0362      7.852    57.7605 1.0000e-12  1.3561846    25.6834  0.000e+00
     82.140     82.836     9.5464  36.025649    33.2750    142.955     0.0216      7.852    58.0962 1.0000e-12  1.4224239    25.6816  0.000e+00
     82.201     82.898     9.5407  36.020450    33.2749    143.192     0.0216      7.857    58.1478 1.0000e-12  1.4224239    25.6824  0.000e+00
     82.455     83.154     9.5275  36.010982    33.2773    143.178     0.0216      7.852    57.7347 1.0000e-12  1.6873812    25.6864  0.000e+00
     82.654     83.355     9.5313  36.013954    33.2767    142.837     0.0069      7.852    57.3990 1.0000e-12  1.5217829    25.6854  0.000e+00
     82.841     83.544     9.5283  36.011231    33.2767    142.073     0.0362      7.852    57.2182 1.0000e-12  1.0912274    25.6858  0.000e+00
     83.141     83.846     9.5204  36.005477    33.2780    141.768     0.0436      7.847    56.9084 1.0000e-12  1.4555436    25.6881  0.000e+00
     83.370     84.076     9.5107  35.998115    33.2793    142.187     0.0362      7.847    56.6243 1.0000e-12  0.6606718    25.6907  0.000e+00
     83.565     84.274     9.4989  35.988896    33.2806    141.893     0.0362      7.847    56.3661 1.0000e-12  0.8262701    25.6937  0.000e+00
     83.935     84.646     9.4903  35.982773    33.2822    141.314     0.0436      7.842    56.2112 1.0000e-12  1.2899453    25.6963  0.000e+00
     84.281     84.996     9.4789  35.974175    33.2837    141.464     0.0362      7.843    55.8239 1.0000e-12  1.0581077    25.6994  0.000e+00
     84.392     85.107     9.4793  35.974608    33.2837    140.686     0.0289      7.843    55.4624 1.0000e-12  2.3497744    25.6993  0.000e+00
     84.336     85.052     9.4835  35.977392    33.2828    140.062     0.0362      7.843    55.0750 1.0000e-12  1.6542615    25.6979  0.000e+00
     84.268     84.983     9.4809  35.975288    33.2830    140.456     0.0289      7.843    54.9718 1.0000e-12  0.4619538    25.6985  0.000e+00
     84.478     85.195     9.4765  35.972134    33.2838    140.138     0.0216      7.838    54.6877 1.0000e-12 -0.1010803    25.6998  0.000e+00
     84.833     85.553     9.4720  35.968486    33.2841    139.991     0.0143      7.838    54.8426 1.0000e-12  2.8465692    25.7008  0.000e+00
     85.069     85.791     9.4654  35.963662    33.2851    140.125     0.0216      7.838    54.6877 1.0000e-12  3.3433641    25.7026  0.000e+00
     85.167     85.889     9.4669  35.964405    33.2845    139.511     0.0216      7.838    54.4295 1.0000e-12  3.1115265    25.7019  0.000e+00
     85.276     86.000     9.4531  35.954571    33.2871    139.386     0.0216      7.838    54.3779 1.0000e-12  2.6147316    25.7062  0.000e+00
     85.431     86.156     9.4633  35.961994    33.2852    139.470     0.0362      7.833    54.1713 1.0000e-12  0.6937915    25.7031  0.000e+00
     85.352     86.076     9.4665  35.964467    33.2848    139.291     0.0289      7.833    54.0938 1.0000e-12  1.0249880    25.7022  0.000e+00
     85.193     85.915     9.4745  35.970034    33.2832    139.098     0.0289      7.838    53.8614 1.0000e-12  1.1243470    25.6997  0.000e+00
     85.298     86.021     9.4650  35.963106    33.2848    139.405     0.0362      7.838    53.6807 1.0000e-12  1.0249880    25.7025  0.000e+00
     85.433     86.157     9.4664  35.964158    33.2845    139.681     0.0362      7.833    53.9131 1.0000e-12  1.8198598    25.7020  0.000e+00
     85.423     86.147     9.4701  35.967065    33.2841    139.225     0.0289      7.833    54.2487 1.0000e-12  1.4224239    25.7011  0.000e+00
     85.495     86.220     9.4725  35.968426    33.2832    139.220     0.0289      7.833    54.1196 1.0000e-12  1.2899453    25.7000  0.000e+00
     85.600     86.326     9.4644  35.962798    33.2849    139.523     0.0436      7.833    53.8872 7.3199e-05  1.4886632    25.7027  0.000e+00
     85.560     86.286     9.4716  35.968117    33.2837    139.501     0.0436      7.833    54.1196 1.0000e-12  3.3433641    25.7006  0.000e+00
     85.522     86.248     9.4801  35.974489    33.2824    139.475     0.0436      7.833    54.1971 1.0000e-12  1.2237060    25.6982  0.000e+00
     85.501     86.226     9.4752  35.970035    33.2824    139.490     0.0655      7.833    54.1713 1.0000e-12  1.4555436    25.6989  0.000e+00
     85.474     86.199     9.4681  35.965210    33.2840    139.510     0.0362      7.833    54.2487 1.0000e-12  2.6478513    25.7013  0.000e+00
     85.649     86.375     9.4469  35.949130    33.2870    139.578     0.0362      7.833    54.2229 1.0000e-12  2.6478513    25.7072  0.000e+00
     85.920     86.649     9.4459  35.948203    33.2869    139.141     0.0362      7.833    54.0422 1.0000e-12 -0.2335590    25.7073  0.000e+00
     85.928     86.657     9.4497  35.951605    33.2869    138.684     0.0362      7.833    53.7323 1.0000e-12  1.1905863    25.7066  0.000e+00
     85.761     86.488     9.4560  35.955562    33.2852    138.496     0.0436      7.833    53.9647 1.0000e-12  2.4160137    25.7043  0.000e+00
     85.656     86.382     9.4535  35.954016    33.2860    138.779     0.0362      7.833    54.1713 1.0000e-12  2.0516974    25.7053  0.000e+00
     85.626     86.352     9.4462  35.948326    33.2869    138.633     0.0362      7.833    53.9647 1.0000e-12  2.9128085    25.7071  0.000e+00
     85.610     86.336     9.4431  35.945234    33.2866    138.197     0.0582      7.828    53.7065 1.0000e-12  1.9854581    25.7074  0.000e+00
     85.693     86.419     9.4473  35.948759    33.2863    138.464     0.0436      7.828    53.7065 1.0000e-12  1.3561846    25.7065  0.000e+00
     85.965     86.694     9.4584  35.958161    33.2855    138.712     0.0509      7.828    53.6290 1.0000e-12  1.5217829    25.7041  0.000e+00
     86.305     87.037     9.4620  35.959955    33.2839    138.264     0.0436      7.828    53.5516 1.0000e-12  2.1841761    25.7023  0.000e+00
     86.390     87.123     9.4301  35.936456    33.2893    138.806     0.0216      7.829    53.3450 1.0000e-12  1.0249880    25.7117  0.000e+00
     86.164     86.895     9.4472  35.949689    33.2871    139.028     0.0216      7.828    54.0164 1.0000e-12  0.7600308    25.7072  0.000e+00
     85.947     86.676     9.4509  35.951605    33.2857    138.291     0.0216      7.833    54.1713 1.0000e-12  1.5217829    25.7055  0.000e+00
     85.915     86.644     9.4466  35.948822    33.2869    138.302     0.0362      7.828    53.9389 1.0000e-12  1.5880222    25.7071  0.000e+00
     85.947     86.676     9.4432  35.945668    33.2868    138.592     0.0436      7.828    54.0680 1.0000e-12  1.5549026    25.7076  0.000e+00
     85.952     86.682     9.4437  35.946348    33.2870    138.145     0.0436      7.828    53.2417 1.0000e-12  1.7867402    25.7077  0.000e+00
     85.989     86.719     9.4501  35.951296    33.2862    138.127     0.0436      7.828    53.7581 1.0000e-12  1.8529795    25.7060  0.000e+00
     86.103     86.833     9.4467  35.948390    33.2863    138.417     0.0436      7.828    53.5257 1.0000e-12  0.9918684    25.7066  0.000e+00
     86.273     87.005     9.4511  35.952224    33.2860    138.406     0.0582      7.828    53.6290 1.0000e-12  2.4491333    25.7057  0.000e+00
     86.320     87.053     9.4546  35.954822    33.2855    138.397     0.0436      7.828    53.7581 1.0000e-12  2.1179368    25.7047  0.000e+00
     86.295     87.027     9.4568  35.956306    33.2850    138.390     0.0362      7.828    53.7323 1.0000e-12  1.8529795    25.7040  0.000e+00
     86.388     87.121     9.4558  35.955626    33.2851    138.395     0.0362      7.828    53.4483 1.0000e-12  2.8796889    25.7043  0.000e+00
     86.465     87.199     9.4435  35.946288    33.2869    138.879     0.0289      7.828    53.3192 1.0000e-12  0.7269111    25.7077  0.000e+00
     86.465     87.199     9.4410  35.944495    33.2874    138.886     0.0289      7.828    53.2159 1.0000e-12  0.8262701    25.7084  0.000e+00
     86.413     87.146     9.4337  35.938929    33.2884    138.183     0.0289      7.829    53.3450 1.0000e-12  1.3561846    25.7104  0.000e+00
     86.289     87.021     9.4369  35.941341    33.2881    138.172     0.0362      7.828    53.5257 7.3199e-05  1.9854581    25.7096  0.000e+00
     86.241     86.972     9.4351  35.939671    33.2880    138.009     0.0436      7.824    53.3450 7.3199e-05  2.2172957    25.7098  0.000e+00
     86.376     87.108     9.4383  35.942207    33.2876    137.557     0.0362      7.824    53.2675 1.0000e-12  1.0249880    25.7090  0.000e+00
     86.536     87.270     9.4409  35.944433    33.2874    137.830     0.0436      7.824    53.2675 1.0000e-12  0.1307573    25.7084  0.000e+00
     86.657     87.392     9.4434  35.946165    33.2868    138.103     0.0509      7.824    53.4225 1.0000e-12  0.1638769    25.7075  0.000e+00
     86.695     87.431     9.4436  35.946413    33.2868    138.103     0.0289      7.824    53.3708 1.0000e-12  0.5281932    25.7075  0.000e+00
     86.302     87.034     9.4461  35.948143    33.2865    138.089     0.0289      7.824    53.4741 1.0000e-12  0.9918684    25.7069  0.000e+00
     85.603     86.329     9.4507  35.951356    33.2859    138.063     0.0289      7.824    53.5774 1.0000e-12  1.7867402    25.7056  0.000e+00
     84.869     85.589     9.4565  35.955683    33.2853    138.032     0.0289      7.828    52.9577 1.0000e-12  2.6478513    25.7042  0.000e+00
     84.074     84.787     9.4751  35.969535    33.2826    138.407     0.0436      7.828    52.4929 1.0000e-12  2.4491333    25.6991  0.000e+00
     83.428     84.135     9.5032  35.990442    33.2783    138.311     0.0582      7.828    52.5445 1.0000e-12  3.1446462    25.6912  0.000e+00
     82.995     83.698     9.5205  36.002630    33.2750    138.863     0.0362      7.833    52.8802 1.0000e-12  2.3166547    25.6858  0.000e+00
     82.438     83.137     9.5264  36.007331    33.2746    139.721     0.0289      7.833    53.8356 1.0000e-12  1.1243470    25.6845  0.000e+00
     81.742     82.435     9.5421  36.019272    33.2726    140.436     0.0289      7.833    54.7652 1.0000e-12  1.2568256    25.6804  0.000e+00
     81.179     81.867     9.5707  36.040687    33.2684    140.671     0.0362      7.838    54.9976 1.0000e-12  1.2899453    25.6724  0.000e+00
     80.615     81.298     9.5999  36.061363    33.2628    141.072     0.0509      7.842    55.5140 1.0000e-12  2.1179368    25.6633  0.000e+00
     79.768     80.443     9.6551  36.104342    33.2561    142.097     0.0436      7.847    56.8826 1.0000e-12  2.7140906    25.6491  0.000e+00
     78.860     79.527     9.7599  36.179387    33.2365    143.128     0.0143      7.856    58.0187 1.0000e-12  1.6542615    25.6165  0.000e+00
     78.320     78.983     9.8397  36.237310    33.2222    145.273     0.0216      7.870    58.1737 1.0000e-12  1.6542615    25.5921  0.000e+00
     77.900     78.560     9.8598  36.252074    33.2189    149.074     0.0143      7.874    59.3615 1.0000e-12  0.5613128    25.5862  0.000e+00
     77.226     77.880     9.8784  36.265848    33.2162    153.365     0.0143      7.879    62.5117 1.0000e-12  0.3625949    25.5810  0.000e+00
     76.510     77.157     9.8796  36.267521    33.2171    155.766    -0.0004      7.879    63.8286 1.0000e-12  1.2899453    25.5815  0.000e+00
