Arg_L2_SF12_NV.cnv
* Sea-Bird SBE 9 Data File:
* FileName = S:\CTD_Data\CTD\Data\Argentina 2014\Data\Arg_L2_SF12.hex
* Software Version Seasave V 7.21g
* Temperature SN = 5769
* Conductivity SN = 4244
* Number of Bytes Per Scan = 31
* Number of Voltage Words = 4
* Number of Scans Averaged by the Deck Unit = 24
* NMEA Latitude = 45 56.74 S
* NMEA Longitude = 065 33.65 W
* NMEA UTC (Time) = Feb 08 2014 00:05:33
* NMEA baud rate = 9600
** R/V Coriolis II
** MARES project, ARGENTINA 2014
** Chief scientist : Dr. Gustavo Ferreyra
** Co-Chief scientist : Dr. José Luis Esteves
# nquan = 13
# nvalues = 476                                   
# units = specified
# name 0 = depSM: Depth [salt water, m]
# name 1 = prDM: Pressure, Digiquartz [db]
# name 2 = t090C: Temperature [ITS-90, deg C]
# name 3 = c0mS/cm: Conductivity [mS/cm]
# name 4 = sal00: Salinity, Practical [PSU]
# name 5 = sbeox0Mm/Kg: Oxygen, SBE 43 [umol/Kg]
# name 6 = flECO-AFL: Fluorescence, WET Labs ECO-AFL/FL [mg/m^3]
# name 7 = ph: pH
# name 8 = CStarTr0: Beam Transmission, WET Labs C-Star [%]
# name 9 = par: PAR/Irradiance, Biospherical/Licor
# name 10 = upoly0: Upoly 0, Nitrate
# name 11 = sigma-é00: Density [sigma-theta, Kg/m^3]
# name 12 = flag:  0.000e+00
# span 0 =     -0.299,     86.695                 
# span 1 =     -0.301,     87.431                 
# span 2 =     9.4301,    13.8802                 
# span 3 =   2.566884,  39.929216                 
# span 4 =     1.7301,    33.2893                 
# span 5 =    137.557,    281.947                 
# span 6 =    -0.1249,     1.1937                 
# span 7 =      7.824,      8.211                 
# span 8 =    52.4929,    97.2936                 
# span 9 = 1.0000e-12, 7.5454e-01                 
# span 10 = -0.7303538,  3.3433641                
# span 11 =     0.6469,    25.7117                
# span 12 = 0.0000e+00, 0.0000e+00                
# interval = seconds: 1
# start_time = Feb 08 2014 00:05:33 [NMEA time, header]
# bad_flag = -9.990e-29
*END*
[from data line 334]
     34.055     34.339    12.3016  38.403763    33.1636    204.478     0.0802      8.105    95.6926 8.9907e-04 -0.4653966    25.1068  0.000e+00
     33.358     33.637    12.5732  38.667415    33.1768    208.061     0.1022      8.118    96.5706 2.1643e-03 -0.5978752    25.0649  0.000e+00
     32.692     32.966    12.8254  38.901342    33.1781    210.804     0.1095      8.136    96.7771 1.0381e-03 -0.4653966    25.0169  0.000e+00
     32.110     32.378    12.9429  39.017496    33.1855    212.923     0.1461      8.145    96.6480 2.7370e-03 -0.4653966    24.9995  0.000e+00
     31.583     31.847    13.0470  39.116325    33.1881    214.372     0.1901      8.154    96.6222 2.3069e-03 -0.5978752    24.9810  0.000e+00
     30.943     31.202    13.1479  39.216152    33.1943    215.675     0.2414      8.158    96.6997 1.0381e-03 -0.4985162    24.9658  0.000e+00
     30.149     30.401    13.2153  39.281926    33.1978    215.740     0.2560      8.167    96.6739 2.4498e-03 -0.4653966    24.9550  0.000e+00
     29.497     29.743    13.2685  39.333897    33.2006    216.822     0.2926      8.171    96.6480 4.0493e-03 -0.6641145    24.9465  0.000e+00
     28.962     29.203    13.3087  39.375636    33.2050    217.203     0.4025      8.176    96.6222 3.9018e-03 -0.4653966    24.9419  0.000e+00
     28.292     28.528    13.3844  39.448641    33.2078    217.001     0.4538      8.180    96.5964 4.1972e-03 -0.4653966    24.9288  0.000e+00
     27.661     27.891    13.4245  39.489207    33.2111    218.371     0.4831      8.180    96.5189 6.1579e-03 -0.6641145    24.9233  0.000e+00
     27.078     27.303    13.4671  39.532104    33.2145    218.648     0.5198      8.184    96.3898 4.9428e-03 -0.4653966    24.9173  0.000e+00
     26.314     26.533    13.4815  39.544691    33.2141    218.133     0.5344      8.189    96.2091 5.2440e-03 -0.4653966    24.9141  0.000e+00
     25.516     25.728    13.4885  39.552269    33.2154    218.271     0.5637      8.189    95.9250 4.9428e-03 -0.6309949    24.9136  0.000e+00
     24.794     25.001    13.4887  39.552973    33.2161    219.935     0.7029      8.189    95.8217 7.0872e-03 -0.4653966    24.9141  0.000e+00
     24.262     24.464    13.4926  39.556890    33.2167    221.227     0.9007      8.194    95.7185 6.0045e-03 -0.4653966    24.9138  0.000e+00
     23.926     24.125    13.4968  39.561579    33.2175    220.108     0.9593      8.194    95.4344 7.0872e-03 -0.5978752    24.9136  0.000e+00
     23.456     23.651    13.4983  39.562991    33.2177    219.565     0.8494      8.194    95.1504 8.5111e-03 -0.4653966    24.9134  0.000e+00
     22.591     22.779    13.4959  39.560803    33.2181    221.138     0.8421      8.194    95.3053 6.7757e-03 -0.4653966    24.9141  0.000e+00
     21.663     21.844    13.4990  39.563305    33.2181    220.326     0.8714      8.198    95.3569 8.9937e-03 -0.4985162    24.9135  0.000e+00
     20.932     21.106    13.5007  39.564780    33.2184    219.982     1.0692      8.198    95.0729 1.0136e-02 -0.4653966    24.9134  0.000e+00
     20.314     20.483    13.5016  39.565420    33.2184    221.242     1.0399      8.198    95.1504 9.9713e-03 -0.4653966    24.9132  0.000e+00
     19.745     19.910    13.5049  39.569016    33.2191    221.514     0.9740      8.198    94.8663 1.0799e-02 -0.4653966    24.9130  0.000e+00
     19.649     19.813    13.5070  39.571458    33.2197    220.882     1.0033      8.198    94.9438 1.1807e-02 -0.4653966    24.9130  0.000e+00
     19.758     19.922    13.5087  39.573515    33.2201    220.464     0.9520      8.198    94.8663 1.0466e-02 -0.4653966    24.9130  0.000e+00
     19.981     20.147    13.5079  39.573002    33.2202    220.474     0.9154      8.198    94.8663 1.2318e-02 -0.4653966    24.9133  0.000e+00
     20.037     20.204    13.5091  39.574673    33.2207    220.827     0.9007      8.198    94.8663 1.0966e-02 -0.4653966    24.9134  0.000e+00
     19.950     20.116    13.5097  39.575379    33.2208    220.822     0.8641      8.198    94.8405 1.2147e-02 -0.4653966    24.9134  0.000e+00
     19.827     19.992    13.5098  39.575636    33.2210    220.611     0.8567      8.198    94.8405 1.3526e-02 -0.4653966    24.9135  0.000e+00
     19.672     19.836    13.5110  39.577113    33.2214    220.959     0.8641      8.203    94.7372 1.2318e-02 -0.4653966    24.9136  0.000e+00
     19.638     19.801    13.5124  39.578527    33.2216    220.235     0.8567      8.203    94.7889 1.0799e-02 -0.4653966    24.9134  0.000e+00
     19.860     20.025    13.5117  39.578206    33.2218    220.396     0.9154      8.203    94.7889 1.1469e-02 -0.4653966    24.9137  0.000e+00
     20.131     20.298    13.5121  39.578979    33.2221    221.889     0.9373      8.203    94.7631 9.8073e-03 -0.4653966    24.9139  0.000e+00
     20.229     20.398    13.5121  39.579172    33.2222    220.252     0.9007      8.203    94.8405 9.3178e-03 -0.4653966    24.9140  0.000e+00
     20.173     20.341    13.5123  39.579557    33.2224    221.780     0.8787      8.203    94.8147 1.1301e-02 -0.4653966    24.9141  0.000e+00
     20.087     20.254    13.5118  39.579107    33.2225    221.172     0.8787      8.203    94.7631 1.0966e-02 -0.4653966    24.9142  0.000e+00
     20.057     20.224    13.5119  39.579171    33.2224    219.933     0.8934      8.203    94.8405 1.0301e-02 -0.4653966    24.9142  0.000e+00
     20.174     20.342    13.5125  39.580264    33.2228    219.683     0.8934      8.203    94.8663 9.6436e-03 -0.4653966    24.9144  0.000e+00
     20.246     20.415    13.5127  39.580714    33.2231    221.833     0.8934      8.203    94.7889 9.3178e-03 -0.4985162    24.9146  0.000e+00
     20.112     20.279    13.5118  39.579557    33.2228    221.736     0.8861      8.203    94.7889 9.4805e-03 -0.4653966    24.9145  0.000e+00
     20.042     20.208    13.5110  39.578721    33.2228    220.142     0.9080      8.203    94.8147 8.3511e-03 -0.4653966    24.9146  0.000e+00
     20.248     20.416    13.5125  39.580843    33.2233    219.836     0.9886      8.203    94.8147 6.1579e-03 -0.4653966    24.9148  0.000e+00
     20.493     20.664    13.5111  39.579237    33.2230    220.415     0.9373      8.203    94.8147 6.6206e-03 -0.4653966    24.9148  0.000e+00
     20.469     20.639    13.5097  39.577759    33.2228    220.833     0.9300      8.203    94.7372 6.1579e-03 -0.5647556    24.9150  0.000e+00
     20.266     20.435    13.5104  39.578530    33.2230    220.976     0.9007      8.203    94.7889 7.7156e-03 -0.4985162    24.9150  0.000e+00
     20.245     20.413    13.5100  39.577887    33.2228    220.261     0.9886      8.203    94.6598 8.5111e-03 -0.4653966    24.9149  0.000e+00
     20.290     20.459    13.5102  39.578273    33.2230    220.055     0.9373      8.203    94.8405 8.5111e-03 -0.5647556    24.9150  0.000e+00
     20.253     20.422    13.5099  39.577887    33.2229    221.543     0.9007      8.203    94.7372 8.0324e-03 -0.4985162    24.9150  0.000e+00
     20.401     20.571    13.5097  39.577887    33.2230    221.190     0.9227      8.208    94.8405 6.9313e-03 -0.4653966    24.9151  0.000e+00
     20.627     20.799    13.5091  39.577503    33.2231    220.580     0.9447      8.203    94.8405 6.7757e-03 -0.5978752    24.9153  0.000e+00
     20.541     20.712    13.5083  39.576796    33.2232    220.787     0.9154      8.208    94.8147 9.1555e-03 -0.4985162    24.9155  0.000e+00
     20.280     20.449    13.5091  39.577309    33.2231    221.135     0.8934      8.208    94.8663 8.1915e-03 -0.4653966    24.9153  0.000e+00
     20.267     20.436    13.5088  39.577051    33.2230    220.777     0.9300      8.208    94.8663 6.9313e-03 -0.4653966    24.9153  0.000e+00
     20.432     20.602    13.5084  39.576281    33.2226    221.653     0.9666      8.208    94.7372 7.5579e-03 -0.4653966    24.9150  0.000e+00
     20.509     20.679    13.5083  39.576860    33.2232    221.144     0.9373      8.208    94.8147 8.1915e-03 -0.4653966    24.9155  0.000e+00
     20.520     20.691    13.5086  39.577117    33.2232    221.958     0.8861      8.208    94.8147 5.6990e-03 -0.4653966    24.9155  0.000e+00
     20.627     20.799    13.5081  39.577053    33.2235    219.867     0.9227      8.208    94.7889 6.0045e-03 -0.5647556    24.9159  0.000e+00
     20.706     20.879    13.5070  39.575897    33.2233    219.765     0.9300      8.208    94.7889 5.8515e-03 -0.5978752    24.9159  0.000e+00
     20.214     20.382    13.5080  39.576409    33.2232    220.475     0.9007      8.208    94.7114 6.3117e-03 -0.5647556    24.9156  0.000e+00
     19.320     19.481    13.5072  39.574927    33.2228    220.759     0.8934      8.208    94.8405 7.2437e-03 -0.7303538    24.9154  0.000e+00
     18.623     18.778    13.5047  39.571904    33.2225    221.164     1.0179      8.208    94.8922 6.7757e-03 -0.5978752    24.9157  0.000e+00
     18.087     18.238    13.5036  39.570231    33.2221    221.458     1.0692      8.208    94.8405 7.0872e-03 -0.4653966    24.9155  0.000e+00
     17.540     17.686    13.5031  39.568430    33.2211    222.521     1.0033      8.208    94.8405 5.6990e-03 -0.4653966    24.9149  0.000e+00
     16.918     17.058    13.5058  39.569970    33.2204    220.647     0.9373      8.208    94.8922 7.7156e-03 -0.4653966    24.9138  0.000e+00
     16.232     16.367    13.5054  39.567525    33.2187    220.372     0.9447      8.208    94.8922 1.1469e-02 -0.4653966    24.9125  0.000e+00
     15.503     15.632    13.5080  39.568293    33.2175    221.166     0.9959      8.208    94.9180 1.0136e-02 -0.4653966    24.9111  0.000e+00
     14.748     14.871    13.5370  39.596888    33.2194    221.876     1.0692      8.203    94.9438 1.3875e-02 -0.4653966    24.9066  0.000e+00
     13.926     14.041    13.6465  39.699972    33.2208    221.346     1.1498      8.202    94.9696 1.6015e-02 -0.4653966    24.8854  0.000e+00
     13.181     13.291    13.6947  39.742959    33.2193    219.787     0.8641      8.207    94.9438 1.8982e-02 -0.4653966    24.8744  0.000e+00
     12.642     12.747    13.7195  39.768387    33.2217    220.365     0.9959      8.207    94.7889 2.2884e-02 -0.4653966    24.8712  0.000e+00
     11.987     12.086    13.7492  39.797041    33.2229    220.969     0.9373      8.207    94.7114 1.9553e-02 -0.4653966    24.8660  0.000e+00
     11.225     11.318    13.7570  39.804123    33.2230    221.213     0.9080      8.207    94.7114 2.3691e-02 -0.4653966    24.8645  0.000e+00
     10.768     10.858    13.7723  39.819323    33.2241    220.574     0.9813      8.206    94.7631 2.6167e-02 -0.4653966    24.8622  0.000e+00
     10.267     10.352    13.7820  39.829114    33.2251    220.463     0.9740      8.206    94.7631 3.0262e-02 -0.4653966    24.8609  0.000e+00
      9.256      9.332    13.8065  39.853595    33.2270    220.875     0.8934      8.206    94.7114 3.3423e-02 -0.4653966    24.8574  0.000e+00
      8.324      8.393    13.8329  39.878921    33.2280    220.174     0.9080      8.206    94.7114 3.9882e-02 -0.4985162    24.8527  0.000e+00
      7.778      7.843    13.8331  39.878274    33.2274    219.958     1.0106      8.206    94.5307 4.5520e-02 -0.4653966    24.8522  0.000e+00
      7.206      7.266    13.8484  39.895291    33.2302    220.772     0.9666      8.206    94.5565 4.5256e-02 -0.4653966    24.8512  0.000e+00
      6.551      6.605    13.8603  39.904895    33.2291    221.404     0.9007      8.206    94.5307 5.1517e-02 -0.5647556    24.8478  0.000e+00
      6.086      6.136    13.8640  39.908439    33.2294    221.674     0.9080      8.206    94.3757 6.0316e-02 -0.5978752    24.8473  0.000e+00
      5.568      5.615    13.8629  39.907599    33.2298    221.263     0.9300      8.206    94.2983 6.5002e-02 -0.5978752    24.8478  0.000e+00
      4.761      4.800    13.8642  39.908563    33.2298    220.132     0.9080      8.211    94.4015 7.9585e-02 -0.5978752    24.8476  0.000e+00
      4.004      4.038    13.8626  39.906948    33.2301    220.118     0.9959      8.206    94.5048 7.7797e-02 -0.6309949    24.8481  0.000e+00
      3.566      3.596    13.8640  39.908172    33.2302    221.552     1.0545      8.211    94.5565 6.8567e-02 -0.6309949    24.8478  0.000e+00
      3.091      3.117    13.8637  39.907976    33.2304    220.838     1.0692      8.211    94.4015 7.5336e-02 -0.5978752    24.8481  0.000e+00
      2.514      2.535    13.8646  39.908296    33.2302    221.270     1.0472      8.206    94.3499 7.8509e-02 -0.6309949    24.8477  0.000e+00
      2.208      2.226    13.8626  39.906361    33.2302    220.969     1.0545      8.206    94.4015 7.7442e-02 -0.6309949    24.8481  0.000e+00
      2.142      2.160    13.8595  39.903524    33.2303    220.381     1.0765      8.206    94.3499 8.0669e-02 -0.5978752    24.8488  0.000e+00
      2.091      2.108    13.8611  39.905264    33.2306    220.772     1.0692      8.211    94.3499 8.9684e-02 -0.6309949    24.8487  0.000e+00
      1.729      1.743    13.8629  39.907133    33.2309    221.806     1.0619      8.211    94.3499 8.1397e-02 -0.5978752    24.8486  0.000e+00
      1.863      1.878    13.8634  39.907778    33.2310    221.456     1.0179      8.211    94.3241 7.8866e-02 -0.5978752    24.8485  0.000e+00
      2.174      2.192    13.8623  39.906877    33.2310    222.272     0.9593      8.211    94.4015 6.7910e-02 -0.6309949    24.8487  0.000e+00
      1.925      1.941    13.8621  39.906295    33.2307    221.064     0.9886      8.211    94.3499 7.9945e-02 -0.5978752    24.8486  0.000e+00
      1.756      1.770    13.8624  39.906940    33.2312    221.308     0.9080      8.211    94.3241 7.6034e-02 -0.5978752    24.8489  0.000e+00
      2.028      2.044    13.8622  39.906618    33.2309    222.820     0.9520      8.211    94.4015 8.2130e-02 -0.5978752    24.8488  0.000e+00
      1.974      1.990    13.8621  39.906231    33.2307    221.517     1.0033      8.211    94.4274 6.7910e-02 -0.6309949    24.8486  0.000e+00
      1.838      1.853    13.8586  39.902942    33.2307    223.233     1.0033      8.211    94.3499 8.5100e-02 -0.5978752    24.8493  0.000e+00
      1.838      1.853    13.8612  39.905715    33.2311    222.218     1.0252      8.211    94.4532 8.3607e-02 -0.6309949    24.8490  0.000e+00
      2.002      2.019    13.8641  39.908553    33.2310    220.306     1.0985      8.211    94.3499 7.2923e-02 -0.5978752    24.8484  0.000e+00
      2.042      2.059    13.8633  39.907456    33.2307    221.463     1.1718      8.211    94.2983 7.1566e-02 -0.5978752    24.8484  0.000e+00
      2.077      2.094    13.8636  39.908295    33.2312    221.863     1.1937      8.211    94.2466 7.3608e-02 -0.5978752    24.8487  0.000e+00
      2.026      2.043    13.8642  39.908746    33.2311    221.658     1.1571      8.211    94.3757 7.7089e-02 -0.5978752    24.8485  0.000e+00
      2.101      2.118    13.8649  39.909004    33.2308    221.658     1.1718      8.211    94.3499 7.3952e-02 -0.6309949    24.8480  0.000e+00
      1.974      1.990    13.8608  39.904942    33.2306    221.673     1.1278      8.211    94.3241 7.3952e-02 -0.6309949    24.8487  0.000e+00
      1.729      1.743    13.8590  39.903393    33.2308    222.025     1.0033      8.211    94.4015 8.1033e-02 -0.5978752    24.8493  0.000e+00
      1.853      1.868    13.8587  39.903200    33.2308    222.381     1.1425      8.211    94.2724 7.6736e-02 -0.5978752    24.8494  0.000e+00
      2.062      2.079    13.8584  39.903137    33.2310    221.486     1.1278      8.211    94.2983 7.2923e-02 -0.5978752    24.8496  0.000e+00
      1.814      1.829    13.8594  39.903845    33.2308    221.625     1.0252      8.211    94.2983 7.5336e-02 -0.5978752    24.8492  0.000e+00
      1.893      1.908    13.8586  39.903136    33.2309    222.382     1.0106      8.211    94.4790 8.0307e-02 -0.5978752    24.8494  0.000e+00
      2.183      2.201    13.8596  39.904104    33.2308    222.536     0.9886      8.211    94.2983 6.9227e-02 -0.5978752    24.8492  0.000e+00
