Arg_L2_SF01_NV.cnv
* Sea-Bird SBE 9 Data File:
* FileName = S:\CTD_Data\CTD\Data\Argentina 2014\Data\Arg_L2_SF01.hex
* Software Version Seasave V 7.21g
* Temperature SN = 5769
* Conductivity SN = 4244
* Number of Bytes Per Scan = 31
* Number of Voltage Words = 4
* Number of Scans Averaged by the Deck Unit = 24
* NMEA Latitude = 45 56.52 S
* NMEA Longitude = 065 37.50 W
* NMEA UTC (Time) = Feb 06 2014 17:04:02
* NMEA baud rate = 9600
** R/V Coriolis II
** MARES project, ARGENTINA 2014
** Chief scientist : Dr. Gustavo Ferreyra
** Co-Chief scientist : Dr. José Luis Esteves
# nquan = 13
# nvalues = 552                                   
# units = specified
# name 0 = depSM: Depth [salt water, m]
# name 1 = prDM: Pressure, Digiquartz [db]
# name 2 = t090C: Temperature [ITS-90, deg C]
# name 3 = c0mS/cm: Conductivity [mS/cm]
# name 4 = sal00: Salinity, Practical [PSU]
# name 5 = sbeox0Mm/Kg: Oxygen, SBE 43 [umol/Kg]
# name 6 = flECO-AFL: Fluorescence, WET Labs ECO-AFL/FL [mg/m^3]
# name 7 = ph: pH
# name 8 = CStarTr0: Beam Transmission, WET Labs C-Star [%]
# name 9 = par: PAR/Irradiance, Biospherical/Licor
# name 10 = upoly0: Upoly 0, Nitrate
# name 11 = sigma-é00: Density [sigma-theta, Kg/m^3]
# name 12 = flag:  0.000e+00
# span 0 =     -0.339,     86.355                 
# span 1 =     -0.341,     87.088                 
# span 2 =     8.7307,    14.3107                 
# span 3 =   1.797142,  40.449279                 
# span 4 =     1.1757,    33.3594                 
# span 5 =    133.801,    274.378                 
# span 6 =    -0.3520,    22.4904                 
# span 7 =      7.523,      8.265                 
# span 8 =    47.8966,    96.4156                 
# span 9 = 1.0000e-12, 1.6171e+03                 
# span 10 = -0.6972342,  7.2846034                
# span 11 =     0.1607,    25.8769                
# span 12 = 0.0000e+00, 0.0000e+00                
# interval = seconds: 1
# start_time = Feb 06 2014 17:04:02 [NMEA time, header]
# bad_flag = -9.990e-29
*END*
[from data line 334]
     33.259     33.536    13.6464  39.734158    33.2449    218.986     0.5344      8.184    95.7443 2.5026e+01 -0.4985162    24.9047  0.000e+00
     32.856     33.130    13.6884  39.776454    33.2480    219.383     0.5564      8.188    95.6152 2.5959e+01 -0.4985162    24.8985  0.000e+00
     32.751     33.025    13.6949  39.783602    33.2491    220.107     0.6223      8.188    95.5377 2.4262e+01 -0.5647556    24.8980  0.000e+00
     32.315     32.585    13.7042  39.793711    33.2506    219.944     0.6663      8.193    95.3311 2.4885e+01 -0.4985162    24.8972  0.000e+00
     31.880     32.146    13.7359  39.828881    33.2561    219.469     0.7029      8.193    95.2795 2.8328e+01 -0.4985162    24.8950  0.000e+00
     31.766     32.032    13.7682  39.862904    33.2597    219.616     0.7395      8.197    95.1504 2.9137e+01 -0.5647556    24.8912  0.000e+00
     31.368     31.630    13.8069  39.905771    33.2661    220.075     0.7542      8.197    95.0987 2.7386e+01 -0.4985162    24.8882  0.000e+00
     30.511     30.765    13.8366  39.936206    33.2690    220.213     0.7615      8.202    94.9180 2.8891e+01 -0.4985162    24.8843  0.000e+00
     29.604     29.851    13.8732  39.979232    33.2777    220.460     0.8055      8.201    94.9180 3.2245e+01 -0.6309949    24.8834  0.000e+00
     28.898     29.139    13.9434  40.052945    33.2855    220.058     0.8494      8.201    94.6598 3.1527e+01 -0.4985162    24.8750  0.000e+00
     28.419     28.656    13.9811  40.092406    33.2896    220.318     0.8567      8.206    94.5048 2.9384e+01 -0.4985162    24.8703  0.000e+00
     28.045     28.278    13.9984  40.113402    33.2943    220.723     0.9373      8.206    94.4790 2.8891e+01 -0.6641145    24.8703  0.000e+00
     27.334     27.562    14.0074  40.122058    33.2948    220.062     0.9813      8.205    94.1692 2.9969e+01 -0.4985162    24.8688  0.000e+00
     26.292     26.511    14.0233  40.141635    33.2995    220.254     1.0326      8.205    94.1950 3.5785e+01 -0.4985162    24.8691  0.000e+00
     25.482     25.694    14.0595  40.180354    33.3043    220.060     1.0692      8.210    94.0917 4.2251e+01 -0.6641145    24.8653  0.000e+00
     25.199     25.409    14.0864  40.209906    33.3085    219.876     1.0692      8.210    93.9626 4.2850e+01 -0.4985162    24.8629  0.000e+00
     25.130     25.339    14.1011  40.225882    33.3106    220.153     1.0619      8.210    93.9109 4.2370e+01 -0.4985162    24.8615  0.000e+00
     24.740     24.947    14.1144  40.240824    33.3131    219.532     1.0912      8.210    93.7044 4.5076e+01 -0.6641145    24.8606  0.000e+00
     23.862     24.061    14.1255  40.253049    33.3151    218.909     1.1351      8.210    93.7302 5.3069e+01 -0.4985162    24.8598  0.000e+00
     22.918     23.109    14.1566  40.287021    33.3199    218.934     1.1058      8.210    93.7560 6.4986e+01 -0.4985162    24.8570  0.000e+00
     22.287     22.472    14.1745  40.305596    33.3219    219.032     1.1644      8.214    93.7302 7.5436e+01 -0.5978752    24.8548  0.000e+00
     22.319     22.505    14.1784  40.309092    33.3217    220.404     1.0912      8.214    93.6527 7.7589e+01 -0.4985162    24.8539  0.000e+00
     22.665     22.854    14.1583  40.286372    33.3180    220.163     1.0912      8.214    93.7044 7.3757e+01 -0.4985162    24.8552  0.000e+00
     22.725     22.914    14.1144  40.241916    33.3149    218.879     1.1205      8.214    93.6527 7.6076e+01 -0.4985162    24.8620  0.000e+00
     22.661     22.850    14.1141  40.241916    33.3152    218.728     1.1205      8.214    93.6269 7.7589e+01 -0.4985162    24.8623  0.000e+00
     22.736     22.925    14.1200  40.248192    33.3158    219.099     1.1937      8.214    93.6269 8.2775e+01 -0.4985162    24.8615  0.000e+00
     22.917     23.107    14.1184  40.246510    33.3156    219.310     1.2230      8.214    93.6527 7.7807e+01 -0.4985162    24.8617  0.000e+00
     22.901     23.092    14.1267  40.255633    33.3168    219.270     1.1864      8.214    93.7302 7.5224e+01 -0.4985162    24.8609  0.000e+00
     22.688     22.877    14.1308  40.260486    33.3179    219.592     1.1571      8.214    93.6011 7.5862e+01 -0.4985162    24.8608  0.000e+00
     22.277     22.463    14.1343  40.263655    33.3179    219.565     1.1571      8.214    93.5494 8.4659e+01 -0.4985162    24.8602  0.000e+00
     21.803     21.984    14.1316  40.261000    33.3180    220.062     1.1718      8.214    93.6269 8.5858e+01 -0.4985162    24.8608  0.000e+00
     21.571     21.751    14.1374  40.267405    33.3190    219.332     1.2157      8.214    93.5753 8.3476e+01 -0.4985162    24.8603  0.000e+00
     21.622     21.802    14.1432  40.274071    33.3201    219.606     1.1351      8.214    93.6269 8.8806e+01 -0.4985162    24.8599  0.000e+00
     21.564     21.744    14.1606  40.292453    33.3220    219.571     1.2157      8.214    93.6011 8.6342e+01 -0.4985162    24.8578  0.000e+00
     21.197     21.374    14.1587  40.290250    33.3218    219.522     1.1644      8.214    93.6527 8.2079e+01 -0.4985162    24.8580  0.000e+00
     20.852     21.025    14.1691  40.301966    33.3238    220.007     1.1718      8.219    93.5753 9.3945e+01 -0.4985162    24.8573  0.000e+00
     20.590     20.762    14.1932  40.326762    33.3259    219.344     1.1425      8.214    93.5494 9.6625e+01 -0.4985162    24.8540  0.000e+00
     20.267     20.436    14.1990  40.333689    33.3274    219.457     1.1791      8.214    93.5494 9.7170e+01 -0.4985162    24.8539  0.000e+00
     20.047     20.214    14.2060  40.338156    33.3256    218.926     1.1864      8.219    93.6011 1.0966e+02 -0.4985162    24.8510  0.000e+00
     20.029     20.195    14.2170  40.353117    33.3299    218.674     1.1718      8.219    93.6527 1.1666e+02 -0.5978752    24.8520  0.000e+00
     20.019     20.185    14.2223  40.358946    33.3307    219.734     1.1644      8.219    93.6011 1.0997e+02 -0.4985162    24.8515  0.000e+00
     20.005     20.171    14.2241  40.361537    33.3315    219.378     1.1498      8.219    93.6527 1.1184e+02 -0.4985162    24.8518  0.000e+00
     20.185     20.353    14.2290  40.366331    33.3316    218.968     1.1278      8.218    93.6269 1.0662e+02 -0.5978752    24.8509  0.000e+00
     20.435     20.605    14.2121  40.347808    33.3290    219.597     1.0912      8.219    93.6527 9.7994e+01 -0.4985162    24.8524  0.000e+00
     20.383     20.553    14.2099  40.346707    33.3300    219.951     1.1058      8.219    93.6785 9.8270e+01 -0.4985162    24.8536  0.000e+00
     20.063     20.230    14.2128  40.349685    33.3303    218.346     1.0619      8.219    93.6011 1.1732e+02 -0.6309949    24.8533  0.000e+00
     19.998     20.164    14.2082  40.343920    33.3290    217.824     1.0472      8.219    93.6011 1.2801e+02 -0.4985162    24.8532  0.000e+00
     20.339     20.508    14.1891  40.324624    33.3276    219.401     1.0985      8.219    93.6011 1.1375e+02 -0.4985162    24.8561  0.000e+00
     20.571     20.742    14.1853  40.320157    33.3267    218.235     1.1644      8.219    93.6269 1.0753e+02 -0.6641145    24.8562  0.000e+00
     20.425     20.595    14.1872  40.322488    33.3272    218.522     1.1571      8.219    93.6269 1.1601e+02 -0.4985162    24.8562  0.000e+00
     20.243     20.412    14.1895  40.324494    33.3272    218.601     1.1425      8.219    93.6269 1.1375e+02 -0.4985162    24.8557  0.000e+00
     20.300     20.469    14.1835  40.318667    33.3270    218.236     1.1571      8.219    93.6269 1.1798e+02 -0.6641145    24.8568  0.000e+00
     20.499     20.669    14.1940  40.329675    33.3280    219.280     1.1644      8.219    93.6011 1.1216e+02 -0.4985162    24.8554  0.000e+00
     20.602     20.773    14.1915  40.327215    33.3278    218.601     1.1498      8.219    93.6527 1.0662e+02 -0.4985162    24.8557  0.000e+00
     20.489     20.659    14.1852  40.320675    33.3272    218.233     1.1425      8.219    93.6011 1.0783e+02 -0.6641145    24.8567  0.000e+00
     20.408     20.578    14.1925  40.328833    33.3285    219.630     1.1132      8.219    93.5494 1.1439e+02 -0.4985162    24.8561  0.000e+00
     20.517     20.688    14.1957  40.331942    33.3285    218.925     1.1571      8.219    93.6011 1.1343e+02 -0.4985162    24.8554  0.000e+00
     20.686     20.859    14.1967  40.332979    33.3286    218.681     1.1425      8.223    93.6527 1.0454e+02 -0.5978752    24.8553  0.000e+00
     20.870     21.044    14.1949  40.331490    33.3287    219.435     1.1351      8.223    93.6527 1.0936e+02 -0.4985162    24.8558  0.000e+00
     20.890     21.063    14.1929  40.328576    33.3277    218.902     1.1425      8.223    93.6011 1.0905e+02 -0.4985162    24.8554  0.000e+00
     20.596     20.767    14.1943  40.331036    33.3289    218.343     1.1425      8.223    93.5494 1.0136e+02 -0.6309949    24.8561  0.000e+00
     20.257     20.426    14.1990  40.335243    33.3289    219.202     1.1278      8.223    93.4978 1.1122e+02 -0.4985162    24.8550  0.000e+00
     20.256     20.425    14.1918  40.327991    33.3284    219.086     1.1058      8.223    93.6269 1.1536e+02 -0.5978752    24.8562  0.000e+00
     20.551     20.722    14.1912  40.327733    33.3285    219.396     1.1278      8.223    93.6011 1.0454e+02 -0.5316359    24.8564  0.000e+00
     20.956     21.131    14.1797  40.314202    33.3259    218.272     1.1571      8.223    93.6011 1.0079e+02 -0.4985162    24.8568  0.000e+00
     21.282     21.459    14.1449  40.278148    33.3225    219.088     1.1718      8.223    93.5753 9.5276e+01 -0.4985162    24.8614  0.000e+00
     21.013     21.187    14.1552  40.288891    33.3237    218.781     1.1791      8.223    93.5236 9.8546e+01 -0.6641145    24.8602  0.000e+00
     19.768     19.932    14.1846  40.320866    33.3282    218.364     1.1278      8.223    93.6269 1.1965e+02 -0.4985162    24.8575  0.000e+00
     18.508     18.662    14.2023  40.338345    33.3296    218.492     1.0912      8.223    93.5494 1.4285e+02 -0.6641145    24.8548  0.000e+00
     18.125     18.276    14.2022  40.337955    33.3295    219.671     1.0839      8.223    93.5236 1.6167e+02 -0.4985162    24.8548  0.000e+00
     18.513     18.667    14.2027  40.338798    33.3297    219.530     1.0033      8.223    93.5753 1.4734e+02 -0.4985162    24.8548  0.000e+00
     18.159     18.310    14.2030  40.339250    33.3300    218.385     1.0033      8.223    93.4978 1.4528e+02 -0.4985162    24.8550  0.000e+00
     16.754     16.893    14.2233  40.360553    33.3325    218.449     1.0472      8.223    93.6011 1.7006e+02 -0.4985162    24.8527  0.000e+00
     15.449     15.577    14.2281  40.364175    33.3323    217.551     1.0765      8.223    93.5753 1.8924e+02 -0.4985162    24.8514  0.000e+00
     14.945     15.070    14.2257  40.361841    33.3325    218.239     1.0399      8.223    93.4978 2.0302e+02 -0.4985162    24.8521  0.000e+00
     14.749     14.872    14.2247  40.360416    33.3321    218.827     0.9666      8.223    93.4461 1.8245e+02 -0.4985162    24.8520  0.000e+00
     14.270     14.388    14.2220  40.358017    33.3324    218.779     0.9373      8.223    93.6269 1.8924e+02 -0.6309949    24.8528  0.000e+00
     13.387     13.498    14.2286  40.364361    33.3329    219.070     0.9593      8.223    93.5753 1.8607e+02 -0.5978752    24.8517  0.000e+00
     12.532     12.636    14.2267  40.362091    33.3327    218.513     0.9666      8.223    93.6011 2.6371e+02 -0.4985162    24.8520  0.000e+00
     11.758     11.856    14.2246  40.359756    33.3327    219.341     0.9740      8.223    93.6011 2.2784e+02 -0.5647556    24.8524  0.000e+00
     10.971     11.063    14.2415  40.377891    33.3352    218.746     0.9447      8.223    93.6269 1.7689e+02 -0.5978752    24.8507  0.000e+00
     10.220     10.305    14.2531  40.389485    33.3361    218.430     0.9080      8.223    93.6011 1.9246e+02 -0.4985162    24.8490  0.000e+00
      9.556      9.635    14.2576  40.393889    33.3365    218.782     0.8201      8.223    93.6785 1.9629e+02 -0.4985162    24.8483  0.000e+00
      9.010      9.085    14.2627  40.399265    33.3373    219.237     0.8274      8.223    93.6527 2.1177e+02 -0.6309949    24.8478  0.000e+00
      8.579      8.650    14.2623  40.398161    33.3368    218.194     0.8274      8.223    93.6527 2.2720e+02 -0.4985162    24.8475  0.000e+00
      7.963      8.029    14.2647  40.400233    33.3369    218.465     0.7762      8.223    93.6527 2.4169e+02 -0.4985162    24.8471  0.000e+00
      7.055      7.114    14.2614  40.396017    33.3363    219.041     0.7176      8.223    93.6527 2.8054e+02 -0.6309949    24.8473  0.000e+00
      6.070      6.120    14.2618  40.396532    33.3368    218.621     0.6956      8.223    93.6269 3.0352e+02 -0.4985162    24.8475  0.000e+00
      5.367      5.411    14.2651  40.399704    33.3371    219.274     0.6736      8.223    93.6785 3.3965e+02 -0.4985162    24.8471  0.000e+00
      5.278      5.322    14.2684  40.402684    33.3371    219.257     0.6150      8.223    93.6527 3.3116e+02 -0.6641145    24.8464  0.000e+00
      5.178      5.221    14.2680  40.402425    33.3372    218.866     0.5417      8.223    93.6269 3.0868e+02 -0.4985162    24.8465  0.000e+00
      4.820      4.860    14.2680  40.402164    33.3371    220.233     0.5198      8.223    93.6785 3.4934e+02 -0.5316359    24.8465  0.000e+00
      4.109      4.143    14.2659  40.399893    33.3371    218.846     0.5124      8.228    93.6785 3.7583e+02 -0.6972342    24.8468  0.000e+00
      3.158      3.184    14.2665  40.400019    33.3371    218.726     0.5124      8.228    93.6527 4.6276e+02 -0.4985162    24.8467  0.000e+00
      2.363      2.383    14.2667  40.400016    33.3373    219.138     0.5417      8.228    93.5753 5.8770e+02 -0.4985162    24.8468  0.000e+00
      2.084      2.101    14.2667  40.399496    33.3368    218.741     0.5198      8.228    93.6011 6.5030e+02 -0.5978752    24.8464  0.000e+00
      2.080      2.097    14.2675  40.400274    33.3369    219.276     0.4465      8.228    93.7044 6.7262e+02 -0.4985162    24.8463  0.000e+00
      2.132      2.150    14.2665  40.399432    33.3370    219.626     0.4318      8.228    93.7044 7.0555e+02 -0.4985162    24.8466  0.000e+00
      2.035      2.052    14.2660  40.398654    33.3367    219.087     0.4099      8.228    93.6527 7.8510e+02 -0.5316359    24.8465  0.000e+00
      1.504      1.516    14.2650  40.397680    33.3369    219.226     0.4318      8.228    93.6785 8.3755e+02 -0.6309949    24.8468  0.000e+00
      0.733      0.739    14.2672  40.399167    33.3367    219.390     0.4245      8.228    93.6269 1.4130e+03 -0.6309949    24.8461  0.000e+00
      0.676      0.681    14.2681  40.400009    33.3367    219.533     0.3952      8.228    93.5494 1.4169e+03 -0.6309949    24.8460  0.000e+00
      1.269      1.279    14.2693  40.401308    33.3366    219.200     0.4025      8.228    93.6011 9.8868e+02 -0.6309949    24.8457  0.000e+00
      2.069      2.086    14.2669  40.399561    33.3367    219.726     0.3513      8.228    93.6527 4.6146e+02 -0.6309949    24.8463  0.000e+00
      2.174      2.192    14.2672  40.399950    33.3368    219.578     0.3513      8.228    93.6527 4.6146e+02 -0.6309949    24.8463  0.000e+00
      1.122      1.131    14.2688  40.400789    33.3366    218.465     0.3439      8.228    91.1480 1.0577e+03 -0.6641145    24.8458  0.000e+00
      0.947      0.955    14.2691  40.400918    33.3365    218.998     0.3146      8.228    87.2231 6.3584e+02 -0.6309949    24.8457  0.000e+00
      1.431      1.442    14.2682  40.372538    33.3110    219.443     0.3073      8.228    88.6691 4.9229e+02 -0.6309949    24.8262  0.000e+00
      1.798      1.813    14.2664  40.377075    33.3166    219.602     0.4904      8.228    92.4907 1.2003e+03 -0.5978752    24.8309  0.000e+00
      1.959      1.975    14.2694  40.400597    33.3356    219.564     0.3732      8.228    93.3687 1.2139e+03 -0.4985162    24.8449  0.000e+00
