Arg_L1_T3_NV.cnv
* Sea-Bird SBE 9 Data File:
* FileName = S:\CTD_Data\CTD\Data\Argentina 2014\Data\Arg_L1_T3.hex
* Software Version Seasave V 7.21g
* Temperature SN = 5769
* Conductivity SN = 4244
* Number of Bytes Per Scan = 31
* Number of Voltage Words = 4
* Number of Scans Averaged by the Deck Unit = 24
* NMEA Latitude = 46 00.46 S
* NMEA Longitude = 059 23.80 W
* NMEA UTC (Time) = Feb 02 2014 01:35:40
* NMEA baud rate = 9600
** R/V Coriolis II
** MARES project, ARGENTINA 2014
** Chief scientist : Dr. Gustavo Ferreyra
** Co-Chief scientist : Dr. José Luis Esteves
# nquan = 12
# nvalues = 2463                                  
# units = specified
# name 0 = depSM: Depth [salt water, m]
# name 1 = prDM: Pressure, Digiquartz [db]
# name 2 = t090C: Temperature [ITS-90, deg C]
# name 3 = c0mS/cm: Conductivity [mS/cm]
# name 4 = sal00: Salinity, Practical [PSU]
# name 5 = sbeox0Mm/Kg: Oxygen, SBE 43 [umol/Kg]
# name 6 = flECO-AFL: Fluorescence, WET Labs ECO-AFL/FL [mg/m^3]
# name 7 = ph: pH
# name 8 = CStarTr0: Beam Transmission, WET Labs C-Star [%]
# name 9 = upoly0: Upoly 0, Nitrate
# name 10 = sigma-é00: Density [sigma-theta, Kg/m^3]
# name 11 = flag:  0.000e+00
# span 0 =     -0.299,    600.742                 
# span 1 =     -0.302,    606.602                 
# span 2 =     3.2852,    13.1137                 
# span 3 =   2.955916,  40.543942                 
# span 4 =     2.0363,    34.6995                 
# span 5 =    185.364,    278.001                 
# span 6 =    -0.1469,     1.1571                 
# span 7 =      8.021,      8.271                 
# span 8 =    61.5047,    99.7208                 
# span 9 = -0.6309949,  18.412809                 
# span 10 =     0.9551,    27.2203                
# span 11 = 0.0000e+00, 0.0000e+00                
# interval = seconds: 1
# start_time = Feb 02 2014 01:35:40 [NMEA time, header]
# bad_flag = -9.990e-29
*END*
[from data line 843]
    524.279    529.294     3.3898  31.550533    34.1600    210.645    -0.1176      8.049    99.4110  16.293150    27.1817  0.000e+00
    525.230    530.255     3.3849  31.547479    34.1610    210.698    -0.1103      8.049    99.4626  16.591227    27.1829  0.000e+00
    525.410    530.438     3.3868  31.548832    34.1605    210.488    -0.1176      8.049    99.4368  16.690586    27.1824  0.000e+00
    525.639    530.670     3.3878  31.549420    34.1600    209.794    -0.1249      8.049    99.4110  16.061313    27.1819  0.000e+00
    526.091    531.126     3.3832  31.546306    34.1609    210.322    -0.1249      8.049    99.4110  15.266441    27.1830  0.000e+00
    526.774    531.817     3.3786  31.543311    34.1617    210.161    -0.1176      8.049    99.4110  15.730116    27.1841  0.000e+00
    527.764    532.817     3.3756  31.541609    34.1623    210.205    -0.1176      8.049    99.4110  15.928834    27.1849  0.000e+00
    528.845    533.910     3.3735  31.540614    34.1627    210.738    -0.1176      8.049    99.4368  15.167082    27.1854  0.000e+00
    529.708    534.782     3.3726  31.540264    34.1628    210.070    -0.1176      8.049    99.4368  16.789945    27.1856  0.000e+00
    529.870    534.947     3.3740  31.541204    34.1624    209.370    -0.1103      8.044    99.4626  15.829475    27.1851  0.000e+00
    529.699    534.773     3.3747  31.541674    34.1623    209.855    -0.1176      8.044    99.4368  15.133962    27.1849  0.000e+00
    529.754    534.829     3.3725  31.540029    34.1626    209.663    -0.1176      8.044    99.4110  15.167082    27.1854  0.000e+00
    530.492    535.575     3.3722  31.540266    34.1628    208.988    -0.1249      8.044    99.4626  15.465159    27.1857  0.000e+00
    531.526    536.621     3.3719  31.540387    34.1627    209.511    -0.1249      8.044    99.4368  15.034603    27.1856  0.000e+00
    532.543    537.648     3.3716  31.540743    34.1629    209.335    -0.1176      8.044    99.4110  15.696997    27.1858  0.000e+00
    533.517    538.633     3.3713  31.540863    34.1628    208.666    -0.1176      8.044    99.4368  16.591227    27.1857  0.000e+00
    533.244    538.358     3.3719  31.541215    34.1627    209.149    -0.1103      8.044    99.4368  15.763236    27.1856  0.000e+00
    532.895    538.005     3.3723  31.541273    34.1626    209.631    -0.1103      8.044    99.4110  16.260031    27.1855  0.000e+00
    533.538    538.654     3.3722  31.541510    34.1626    208.951    -0.1103      8.044    99.4110  15.498279    27.1855  0.000e+00
    534.579    539.707     3.3709  31.541160    34.1631    208.987    -0.1103      8.044    99.4110  14.736526    27.1860  0.000e+00
    535.615    540.754     3.3684  31.539694    34.1633    209.523    -0.1103      8.044    99.4110  15.299561    27.1864  0.000e+00
    536.538    541.687     3.3652  31.537934    34.1641    209.565    -0.1176      8.044    99.4368  16.425629    27.1873  0.000e+00
    537.171    542.327     3.3633  31.536937    34.1645    208.894    -0.1176      8.044    99.4626  16.690586    27.1879  0.000e+00
    536.644    541.795     3.3688  31.540638    34.1635    208.851    -0.1103      8.044    99.4368  16.690586    27.1865  0.000e+00
    536.983    542.137     3.3671  31.539346    34.1636    209.364    -0.1103      8.044    99.4110  16.326270    27.1868  0.000e+00
    538.006    543.171     3.3648  31.538291    34.1642    208.705    -0.1249      8.044    99.4110  16.326270    27.1875  0.000e+00
    539.183    544.361     3.3584  31.534357    34.1656    208.771    -0.1249      8.044    99.4368  14.604048    27.1892  0.000e+00
    540.260    545.450     3.3536  31.531657    34.1668    209.321    -0.1176      8.045    99.4368  14.107253    27.1906  0.000e+00
    541.257    546.457     3.3530  31.531484    34.1667    208.651    -0.1176      8.045    99.4368  14.869005    27.1906  0.000e+00
    541.143    546.342     3.3537  31.531895    34.1664    207.944    -0.1103      8.045    99.3851  16.160672    27.1903  0.000e+00
    540.847    546.043     3.3577  31.534597    34.1657    207.711    -0.1103      8.045    99.4368  15.100843    27.1893  0.000e+00
    541.467    546.670     3.3581  31.535010    34.1654    208.221    -0.1176      8.044    99.4368  14.438450    27.1891  0.000e+00
    542.591    547.806     3.3509  31.530606    34.1670    208.785    -0.1249      8.045    99.4110  14.372210    27.1911  0.000e+00
    543.653    548.880     3.3497  31.530081    34.1671    208.821    -0.1176      8.045    99.4110  16.425629    27.1913  0.000e+00
    544.641    549.879     3.3450  31.527263    34.1681    208.172    -0.1176      8.040    99.4368  16.524988    27.1925  0.000e+00
    545.132    550.375     3.3462  31.528322    34.1679    207.478    -0.1249      8.045    99.4626  15.895715    27.1922  0.000e+00
    545.326    550.571     3.3434  31.526266    34.1683    207.292    -0.1176      8.045    99.4110  15.233321    27.1928  0.000e+00
    545.861    551.112     3.3335  31.519804    34.1706    207.152    -0.1176      8.040    99.4368  16.458749    27.1956  0.000e+00
    546.520    551.778     3.3310  31.518454    34.1712    207.680    -0.1249      8.040    99.3851  16.226911    27.1963  0.000e+00
    547.214    552.479     3.3334  31.520219    34.1705    206.779    -0.1176      8.040    99.4368  16.160672    27.1955  0.000e+00
    547.949    553.223     3.3260  31.515579    34.1722    206.837    -0.1176      8.040    99.4368  16.061313    27.1976  0.000e+00
    548.576    553.856     3.3250  31.515229    34.1725    207.151    -0.1176      8.040    99.4368  15.663877    27.1979  0.000e+00
    549.163    554.450     3.3229  31.513997    34.1730    206.475    -0.1249      8.040    99.4368  15.630757    27.1985  0.000e+00
    549.929    555.224     3.3223  31.513823    34.1730    206.293    -0.1249      8.040    99.4368  15.696997    27.1986  0.000e+00
    550.737    556.041     3.3216  31.513531    34.1729    206.113    -0.1249      8.040    99.4368  16.028193    27.1986  0.000e+00
    551.229    556.539     3.3160  31.510066    34.1744    205.245    -0.1249      8.040    99.4626  16.756826    27.2003  0.000e+00
    551.543    556.857     3.3130  31.508246    34.1752    205.063    -0.1176      8.040    99.4626  15.597638    27.2012  0.000e+00
    552.156    557.476     3.3101  31.506897    34.1762    205.386    -0.1176      8.040    99.4368  16.591227    27.2023  0.000e+00
    552.981    558.310     3.3069  31.505548    34.1775    205.923    -0.1176      8.040    99.4626  16.690586    27.2036  0.000e+00
    553.758    559.096     3.3058  31.505022    34.1777    205.039    -0.1176      8.040    99.4110  15.829475    27.2039  0.000e+00
    554.437    559.783     3.3056  31.505788    34.1784    204.352    -0.1176      8.040    99.4110  15.995074    27.2045  0.000e+00
    555.234    560.588     3.3052  31.507671    34.1807    204.666    -0.1103      8.040    99.4368  16.293150    27.2064  0.000e+00
    555.968    561.330     3.3035  31.507614    34.1820    203.781    -0.1103      8.040    99.4368  16.359390    27.2076  0.000e+00
    556.499    561.867     3.3034  31.507910    34.1822    203.590    -0.1103      8.040    99.4110  16.226911    27.2077  0.000e+00
    557.048    562.421     3.3024  31.507676    34.1826    203.196    -0.1103      8.035    99.3851  16.226911    27.2081  0.000e+00
    557.522    562.901     3.3014  31.507267    34.1830    202.302    -0.1176      8.040    99.3335  16.061313    27.2085  0.000e+00
    557.915    563.299     3.3014  31.507268    34.1828    202.607    -0.1176      8.035    99.3593  16.458749    27.2084  0.000e+00
    558.444    563.833     3.2997  31.506153    34.1829    202.217    -0.1176      8.035    99.3851  16.657467    27.2086  0.000e+00
    559.145    564.542     3.2978  31.505274    34.1834    202.039    -0.1103      8.035    99.4110  16.028193    27.2092  0.000e+00
    560.006    565.412     3.2955  31.504513    34.1845    202.367    -0.1176      8.035    99.4110  17.419219    27.2103  0.000e+00
    561.019    566.436     3.2932  31.502989    34.1846    202.200    -0.1176      8.035    99.3851  16.558108    27.2106  0.000e+00
    561.976    567.404     3.2923  31.503227    34.1853    202.730    -0.1176      8.035    99.3851  16.193791    27.2113  0.000e+00
    562.158    567.589     3.2947  31.504520    34.1842    202.518    -0.1249      8.035    99.3851  17.121142    27.2102  0.000e+00
    561.926    567.353     3.2949  31.504401    34.1840    201.804    -0.1103      8.035    99.3851  16.392509    27.2100  0.000e+00
    562.285    567.716     3.2935  31.504168    34.1850    201.614    -0.1103      8.035    99.3077  17.054903    27.2109  0.000e+00
    563.061    568.501     3.2932  31.505051    34.1859    202.136    -0.1176      8.035    99.3851  17.286740    27.2117  0.000e+00
    563.956    569.406     3.2952  31.507639    34.1865    201.942    -0.1176      8.035    99.4110  16.789945    27.2119  0.000e+00
    564.957    570.418     3.2954  31.508289    34.1865    201.968    -0.1176      8.035    99.3851  16.856185    27.2119  0.000e+00
    565.932    571.404     3.2954  31.508703    34.1864    201.787    -0.1176      8.035    99.3851  16.856185    27.2119  0.000e+00
    566.379    571.856     3.2950  31.508469    34.1864    201.094    -0.1176      8.030    99.3851  15.696997    27.2119  0.000e+00
    566.347    571.823     3.2958  31.508822    34.1860    200.884    -0.1103      8.030    99.3851  14.670287    27.2115  0.000e+00
    566.675    572.155     3.2953  31.508999    34.1866    201.396    -0.1103      8.030    99.3851  16.392509    27.2120  0.000e+00
    567.341    572.829     3.2950  31.509001    34.1865    201.209    -0.1176      8.030    99.3851  16.458749    27.2120  0.000e+00
    568.110    573.606     3.2945  31.509180    34.1868    201.232    -0.1176      8.030    99.3593  16.425629    27.2123  0.000e+00
    568.826    574.329     3.2954  31.510416    34.1870    201.040    -0.1103      8.030    99.3851  16.260031    27.2123  0.000e+00
    569.498    575.009     3.2951  31.510477    34.1870    201.060    -0.1176      8.030    99.4110  15.564518    27.2124  0.000e+00
    570.169    575.688     3.2949  31.510832    34.1873    200.872    -0.1176      8.030    99.3851  16.558108    27.2126  0.000e+00
    570.722    576.246     3.2952  31.511303    34.1873    200.885    -0.1176      8.030    99.3851  16.260031    27.2127  0.000e+00
    571.192    576.722     3.2954  31.511951    34.1876    200.690    -0.1176      8.030    99.3851  16.028193    27.2129  0.000e+00
    571.721    577.257     3.2964  31.514009    34.1887    200.697    -0.1176      8.030    99.3851  16.558108    27.2137  0.000e+00
    572.269    577.811     3.2963  31.514305    34.1889    200.506    -0.1103      8.030    99.3851  16.922424    27.2139  0.000e+00
    572.901    578.451     3.2964  31.514836    34.1890    200.522    -0.1103      8.030    99.3851  16.094432    27.2139  0.000e+00
    573.552    579.108     3.2970  31.515837    34.1894    200.329    -0.1176      8.030    99.3851  15.498279    27.2142  0.000e+00
    573.989    579.550     3.2969  31.515779    34.1891    200.342    -0.1176      8.030    99.3851  15.597638    27.2140  0.000e+00
    574.298    579.862     3.2969  31.516015    34.1893    200.144    -0.1176      8.030    99.3593  17.386099    27.2141  0.000e+00
    574.759    580.329     3.2968  31.516134    34.1893    200.157    -0.1249      8.030    99.3851  15.829475    27.2141  0.000e+00
    575.562    581.140     3.2974  31.517782    34.1902    199.967    -0.1249      8.030    99.3593  15.829475    27.2148  0.000e+00
    576.585    582.175     3.2975  31.518608    34.1906    199.993    -0.1176      8.030    99.3335  16.723706    27.2151  0.000e+00
    577.575    583.176     3.2975  31.519022    34.1905    200.523    -0.1176      8.030    99.3335  17.816655    27.2150  0.000e+00
    577.812    583.416     3.2980  31.519258    34.1902    199.818    -0.1176      8.030    99.3593  16.028193    27.2147  0.000e+00
    577.590    583.191     3.2979  31.519022    34.1901    199.103    -0.1103      8.030    99.3593  15.961954    27.2146  0.000e+00
    577.766    583.369     3.2979  31.519082    34.1900    199.611    -0.1103      8.030    99.3593  16.260031    27.2146  0.000e+00
    578.371    583.981     3.2977  31.519377    34.1903    200.131    -0.1176      8.025    99.3335  15.597638    27.2149  0.000e+00
    579.177    584.795     3.2976  31.519733    34.1904    200.154    -0.1176      8.030    99.3593  16.293150    27.2150  0.000e+00
    580.125    585.754     3.2975  31.520147    34.1905    199.469    -0.1176      8.030    99.3335  16.789945    27.2151  0.000e+00
    581.086    586.726     3.2973  31.520561    34.1906    199.495    -0.1103      8.030    99.3077  16.988663    27.2152  0.000e+00
    581.756    587.404     3.2976  31.520975    34.1905    200.016    -0.1030      8.030    99.3593  15.895715    27.2151  0.000e+00
    582.002    587.652     3.2986  31.521622    34.1901    199.307    -0.1176      8.030    99.3851  15.895715    27.2147  0.000e+00
    582.131    587.783     3.2980  31.521270    34.1902    199.314    -0.1249      8.025    99.3851  16.856185    27.2148  0.000e+00
    582.399    588.053     3.2979  31.521270    34.1902    199.826    -0.1176      8.025    99.3593  17.352979    27.2148  0.000e+00
    582.909    588.569     3.2980  31.521625    34.1902    199.839    -0.1176      8.025    99.3593  17.220501    27.2148  0.000e+00
    583.539    589.206     3.2980  31.521979    34.1903    199.145    -0.1176      8.030    99.3593  15.531398    27.2149  0.000e+00
    584.297    589.973     3.2980  31.522275    34.1903    199.166    -0.1176      8.025    99.3593  16.226911    27.2148  0.000e+00
    585.289    590.976     3.2982  31.522984    34.1904    199.695    -0.1176      8.025    99.3335  16.723706    27.2150  0.000e+00
    586.144    591.840     3.2982  31.523574    34.1906    199.718    -0.1176      8.025    99.3077  17.054903    27.2151  0.000e+00
    586.367    592.066     3.2985  31.523692    34.1903    199.723    -0.1176      8.025    99.3077  16.491868    27.2149  0.000e+00
    586.296    591.994     3.2986  31.523751    34.1903    199.721    -0.1176      8.025    99.3335  16.823065    27.2149  0.000e+00
    586.393    592.092     3.2983  31.523751    34.1906    199.725    -0.1103      8.025    99.3593  17.021783    27.2151  0.000e+00
    586.930    592.635     3.2985  31.524223    34.1907    199.739    -0.1030      8.025    99.3593  17.121142    27.2151  0.000e+00
    587.884    593.600     3.2988  31.525225    34.1911    199.762    -0.1176      8.025    99.2819  16.723706    27.2154  0.000e+00
    588.934    594.662     3.2986  31.525522    34.1911    199.791    -0.1176      8.025    99.2819  16.326270    27.2155  0.000e+00
    589.757    595.494     3.2985  31.525818    34.1911    199.102    -0.1176      8.025    99.3335  16.226911    27.2155  0.000e+00
    589.656    595.391     3.2986  31.525877    34.1911    199.099    -0.1176      8.025    99.3335  16.425629    27.2155  0.000e+00
    589.707    595.443     3.2987  31.525818    34.1909    199.606    -0.1176      8.025    99.3335  17.088022    27.2154  0.000e+00
    590.262    596.004     3.2983  31.526055    34.1913    199.622    -0.1103      8.025    99.3335  16.028193    27.2157  0.000e+00
    590.991    596.741     3.2981  31.526292    34.1915    199.643    -0.1103      8.025    99.3335  15.597638    27.2158  0.000e+00
    591.773    597.532     3.2983  31.526765    34.1913    199.663    -0.1176      8.025    99.3335  15.531398    27.2157  0.000e+00
    592.630    598.399     3.2983  31.527061    34.1913    198.973    -0.1103      8.025    99.2819  15.995074    27.2157  0.000e+00
    593.306    599.082     3.2980  31.527122    34.1914    198.993    -0.1103      8.025    99.2819  17.021783    27.2158  0.000e+00
