Arg_L2_F5_NV.cnv
* Sea-Bird SBE 9 Data File:
* FileName = S:\CTD_Data\CTD\Data\Argentina 2014\Data\Arg_L2_F5.hex
* Software Version Seasave V 7.21g
* Temperature SN = 5769
* Conductivity SN = 4244
* Number of Bytes Per Scan = 31
* Number of Voltage Words = 4
* Number of Scans Averaged by the Deck Unit = 24
* NMEA Latitude = 46 30.59 S
* NMEA Longitude = 065 56.88 W
* NMEA UTC (Time) = Feb 06 2014 02:35:54
* NMEA baud rate = 9600
** R/V Coriolis II
** MARES project, ARGENTINA 2014
** Chief scientist : Dr. Gustavo Ferreyra
** Co-Chief scientist : Dr. José Luis Esteves
# nquan = 13
# nvalues = 683                                   
# units = specified
# name 0 = depSM: Depth [salt water, m]
# name 1 = prDM: Pressure, Digiquartz [db]
# name 2 = t090C: Temperature [ITS-90, deg C]
# name 3 = c0mS/cm: Conductivity [mS/cm]
# name 4 = sal00: Salinity, Practical [PSU]
# name 5 = sbeox0Mm/Kg: Oxygen, SBE 43 [umol/Kg]
# name 6 = flECO-AFL: Fluorescence, WET Labs ECO-AFL/FL [mg/m^3]
# name 7 = ph: pH
# name 8 = CStarTr0: Beam Transmission, WET Labs C-Star [%]
# name 9 = par: PAR/Irradiance, Biospherical/Licor
# name 10 = upoly0: Upoly 0, Nitrate
# name 11 = sigma-é00: Density [sigma-theta, Kg/m^3]
# name 12 = flag:  0.000e+00
# span 0 =     -0.268,     87.625                 
# span 1 =     -0.270,     88.373                 
# span 2 =    10.1465,    13.6894                 
# span 3 =   5.840446,  39.778414                 
# span 4 =     4.1826,    33.2604                 
# span 5 =    169.073,    253.860                 
# span 6 =     0.0069,     0.8641                 
# span 7 =      7.939,      8.223                 
# span 8 =    36.7674,    96.8804                 
# span 9 = 1.0000e-12, 3.0586e-01                 
# span 10 = -0.7634735,  6.7546889                
# span 11 =     2.5897,    25.5559                
# span 12 = 0.0000e+00, 0.0000e+00                
# interval = seconds: 1
# start_time = Feb 06 2014 02:35:54 [NMEA time, header]
# bad_flag = -9.990e-29
*END*
[from data line 223]
     86.916     87.658    10.1640  36.551861    33.2398    169.272     0.0362      7.944    69.2770 1.0000e-12  5.7279795    25.5517  0.000e+00
     87.022     87.765    10.1749  36.561075    33.2390    169.235     0.0509      7.944    69.1221 1.0000e-12  5.6948598    25.5493  0.000e+00
     87.253     87.998    10.1699  36.556843    33.2393    169.523     0.0436      7.944    68.2958 1.0000e-12  5.3967829    25.5504  0.000e+00
     87.174     87.918    10.1740  36.560827    33.2395    169.505     0.0436      7.944    69.3028 1.0000e-12  4.8668684    25.5498  0.000e+00
     86.877     87.619    10.1750  36.561324    33.2392    169.496     0.0436      7.944    70.0517 1.0000e-12  5.0655863    25.5494  0.000e+00
     86.776     87.517    10.1751  36.561199    33.2391    169.923     0.0436      7.944    70.1549 1.0000e-12  5.3967829    25.5493  0.000e+00
     87.074     87.818    10.1651  36.553045    33.2399    170.396     0.0436      7.944    69.1995 7.3199e-05  5.7279795    25.5516  0.000e+00
     87.423     88.170    10.1525  36.543024    33.2412    169.755     0.0362      7.944    69.1737 1.0000e-12  5.3967829    25.5548  0.000e+00
     87.452     88.199    10.1518  36.542215    33.2410    169.494     0.0436      7.944    69.3286 3.4694e-04  5.5292615    25.5547  0.000e+00
     87.277     88.022    10.1516  36.542027    33.2411    169.756     0.0362      7.944    68.9155 4.8439e-04  5.6948598    25.5549  0.000e+00
     87.142     87.886    10.1529  36.543396    33.2413    169.318     0.0436      7.944    68.8380 7.3199e-05  5.6948598    25.5548  0.000e+00
     87.159     87.903    10.1610  36.549808    33.2403    169.289     0.0509      7.944    68.3732 3.4694e-04  5.6617402    25.5526  0.000e+00
     87.302     88.048    10.1644  36.552485    33.2399    169.116     0.0509      7.944    68.2700 1.0000e-12  5.1318256    25.5518  0.000e+00
     87.458     88.205    10.1585  36.547692    33.2404    169.570     0.0362      7.944    68.2958 2.0988e-04  4.9662274    25.5531  0.000e+00
     87.437     88.183    10.1603  36.549124    33.2401    169.828     0.0362      7.944    68.5023 1.0000e-12  5.1318256    25.5526  0.000e+00
     87.253     87.998    10.1589  36.548065    33.2404    169.134     0.0509      7.944    68.4765 1.0000e-12  5.5623812    25.5531  0.000e+00
     87.229     87.974    10.1575  36.546945    33.2406    169.139     0.0582      7.944    68.1667 1.0000e-12  5.5623812    25.5535  0.000e+00
     87.436     88.183    10.1533  36.543335    33.2408    169.424     0.0436      7.944    68.1667 1.0000e-12  5.3967829    25.5543  0.000e+00
     87.625     88.373    10.1513  36.541717    33.2409    169.436     0.0289      7.944    68.2700 1.0000e-12  5.1649453    25.5548  0.000e+00
     87.595     88.343    10.1519  36.542091    33.2407    169.433     0.0362      7.944    68.1408 2.0988e-04  4.9993470    25.5545  0.000e+00
     87.415     88.161    10.1525  36.542713    33.2409    169.427     0.0436      7.939    67.9859 4.8439e-04  5.3636632    25.5545  0.000e+00
     87.315     88.061    10.1505  36.540969    33.2410    169.432     0.0655      7.939    67.5469 1.0000e-12  5.6948598    25.5549  0.000e+00
     87.375     88.121    10.1478  36.538480    33.2409    169.444     0.0582      7.944    67.6244 1.0000e-12  5.8273385    25.5553  0.000e+00
     87.513     88.260    10.1476  36.538418    33.2410    169.448     0.0362      7.944    67.9601 2.0988e-04  5.0655863    25.5554  0.000e+00
     87.439     88.185    10.1478  36.538480    33.2409    169.446     0.0509      7.939    67.3404 1.1775e-03  5.0655863    25.5553  0.000e+00
     86.951     87.694    10.1501  36.540283    33.2408    169.427     0.0436      7.939    67.0822 6.2223e-04  5.4961419    25.5549  0.000e+00
     86.274     87.010    10.1541  36.543082    33.2403    169.397     0.0362      7.939    67.0047 2.0988e-04  5.4630222    25.5538  0.000e+00
     85.460     86.189    10.1604  36.548245    33.2401    169.356     0.0362      7.939    66.9789 7.3199e-05  4.3369538    25.5525  0.000e+00
     84.724     85.447    10.1662  36.552600    33.2395    169.319     0.0362      7.944    66.8498 7.3199e-05  4.8006291    25.5511  0.000e+00
     84.196     84.915    10.1760  36.560941    33.2391    169.271     0.0509      7.944    66.7981 1.0381e-03  5.0324667    25.5491  0.000e+00
     83.723     84.437    10.1934  36.575571    33.2383    169.625     0.0655      7.944    66.9530 3.4694e-04  5.1980650    25.5455  0.000e+00
     83.052     83.760    10.2093  36.589206    33.2377    169.979     0.0362      7.944    68.1150 8.9907e-04  5.1980650    25.5424  0.000e+00
     82.308     83.010    10.2246  36.600725    33.2356    170.071     0.0289      7.944    68.8897 7.3199e-05  4.7343897    25.5381  0.000e+00
     81.622     82.318    10.2320  36.606515    33.2351    170.620     0.0436      7.944    68.2441 6.2223e-04  5.3305436    25.5365  0.000e+00
     80.871     81.560    10.2405  36.614548    33.2357    171.162     0.0436      7.949    69.2512 1.0000e-12  5.4961419    25.5355  0.000e+00
     80.146     80.829    10.2710  36.639715    33.2335    170.933     0.0362      7.948    69.8193 1.0000e-12  5.0987060    25.5286  0.000e+00
     79.642     80.321    10.2937  36.657785    33.2312    171.166     0.0509      7.948    70.0000 1.0000e-12  4.8006291    25.5229  0.000e+00
     79.238     79.913    10.3078  36.669501    33.2303    172.119     0.0509      7.948    69.9484 1.0000e-12  5.0324667    25.5198  0.000e+00
     78.544     79.213    10.3105  36.673301    33.2320    172.419     0.0509      7.953    70.6197 7.3199e-05  5.1318256    25.5206  0.000e+00
     77.478     78.138    10.3492  36.704344    33.2284    172.317     0.0362      7.953    71.1878 1.0000e-12  4.9662274    25.5112  0.000e+00
     76.523     77.174    10.3727  36.723236    33.2263    172.958     0.0289      7.953    70.9554 1.0000e-12  3.8070393    25.5055  0.000e+00
     76.055     76.702    10.3691  36.720116    33.2267    173.289     0.0436      7.958    71.1103 1.0000e-12  4.9331077    25.5064  0.000e+00
     75.797     76.442    10.3901  36.737142    33.2247    173.695     0.0362      7.957    70.9296 1.0000e-12  5.4299026    25.5013  0.000e+00
     75.277     75.918    10.4053  36.751114    33.2251    174.373     0.0362      7.957    71.7301 1.0000e-12  5.5623812    25.4990  0.000e+00
     74.368     75.001    10.4217  36.764899    33.2244    174.357     0.0436      7.957    73.7700 1.0000e-12  5.0987060    25.4956  0.000e+00
     73.345     73.969    10.4437  36.782367    33.2223    174.319     0.0069      7.962    72.8662 1.0000e-12  3.8732786    25.4902  0.000e+00
     72.518     73.135    10.4524  36.790103    33.2225    175.015     0.0362      7.962    72.8146 1.0000e-12  4.4694325    25.4888  0.000e+00
     72.036     72.649    10.4713  36.805019    33.2205    175.259     0.0362      7.962    73.2277 1.0000e-12  5.0324667    25.4839  0.000e+00
     71.835     72.446    10.5020  36.830802    33.2184    175.205     0.0143      7.962    73.2535 1.0000e-12  3.9395179    25.4771  0.000e+00
     71.418     72.025    10.5022  36.831362    33.2190    175.520     0.0362      7.962    73.3568 3.4694e-04  4.4694325    25.4775  0.000e+00
     70.235     70.832    10.5557  36.877200    33.2168    176.032     0.0362      7.966    75.2935 6.2223e-04  5.0324667    25.4664  0.000e+00
     68.792     69.376    10.6077  36.918684    33.2116    176.544     0.0289      7.971    74.6221 1.0000e-12  5.0987060    25.4534  0.000e+00
     67.967     68.544    10.6303  36.937245    33.2100    177.760     0.0362      7.975    74.9578 3.4694e-04  4.0719966    25.4482  0.000e+00
     67.859     68.435    10.6244  36.932119    33.2103    179.104     0.0362      7.975    75.0352 1.0000e-12  4.0719966    25.4495  0.000e+00
     67.625     68.199    10.6531  36.958500    33.2107    179.378     0.0436      7.975    75.2160 1.0000e-12  4.4694325    25.4447  0.000e+00
     66.766     67.333    10.7050  37.000085    33.2054    179.550     0.0655      7.980    77.1526 1.0000e-12  4.3369538    25.4316  0.000e+00
     65.679     66.236    10.7126  37.005648    33.2046    180.144     0.0216      7.980    77.2817 2.0988e-04  3.7076803    25.4296  0.000e+00
     64.968     65.519    10.7179  37.010400    33.2048    180.755     0.0509      7.980    77.3334 1.0000e-12  2.9459282    25.4288  0.000e+00
     64.630     65.178    10.7247  37.015529    33.2039    181.785     0.0509      7.984    77.6949 7.3199e-05  4.4363128    25.4269  0.000e+00
     64.078     64.621    10.7521  37.039116    33.2028    182.309     0.0582      7.984    78.1855 1.0000e-12  4.3038342    25.4213  0.000e+00
     63.298     63.835    10.7610  37.046248    33.2022    182.237     0.0509      7.984    79.3733 2.0988e-04  3.4096034    25.4192  0.000e+00
     62.717     63.249    10.7738  37.057011    33.2015    182.406     0.0582      7.989    79.0118 1.0000e-12  4.8668684    25.4164  0.000e+00
     62.567     63.097    10.8157  37.091817    33.1983    182.722     0.0509      7.989    79.1151 1.0000e-12  3.7076803    25.4066  0.000e+00
     62.702     63.233    10.8199  37.095512    33.1981    183.194     0.0582      7.989    79.1409 1.0000e-12  3.8401590    25.4057  0.000e+00
     62.815     63.348    10.8112  37.088625    33.1990    184.130     0.0729      7.989    79.8897 7.3199e-05  4.4694325    25.4080  0.000e+00
     62.643     63.175    10.8331  37.107473    33.1981    184.523     0.0802      7.994    80.6127 2.0988e-04  4.1382359    25.4034  0.000e+00
     62.298     62.826    10.8566  37.125572    33.1950    184.244     0.0729      7.993    80.8193 2.0988e-04  4.3369538    25.3968  0.000e+00
     62.026     62.552    10.8773  37.143361    33.1940    184.227     0.0582      7.998    80.7418 6.2223e-04  4.4031932    25.3924  0.000e+00
     61.990     62.516    10.8875  37.152446    33.1938    184.920     0.0655      7.998    80.8193 3.4694e-04  4.4694325    25.3904  0.000e+00
     62.118     62.644    10.8894  37.154013    33.1937    185.650     0.0582      7.998    80.9226 3.4694e-04  4.7675094    25.3900  0.000e+00
     62.165     62.692    10.8884  37.153700    33.1942    186.140     0.0802      7.998    81.3616 8.9907e-04  3.9726376    25.3906  0.000e+00
     62.009     62.534    10.8909  37.155892    33.1941    186.199     0.0655      7.998    81.4132 8.9907e-04  3.4427231    25.3901  0.000e+00
     61.761     62.284    10.8943  37.158773    33.1940    186.253     0.0509      7.998    81.3357 3.4694e-04  2.9790479    25.3894  0.000e+00
     61.509     62.030    10.8982  37.161843    33.1937    186.554     0.0509      8.003    81.2841 3.4694e-04  2.6809709    25.3884  0.000e+00
     61.404     61.924    10.9073  37.169300    33.1929    186.427     0.0802      8.003    81.4390 7.3199e-05  3.6083214    25.3863  0.000e+00
     61.266     61.786    10.9110  37.173247    33.1936    186.320     0.0802      8.003    81.5681 1.0000e-12  3.7076803    25.3861  0.000e+00
     60.980     61.497    10.9201  37.180140    33.1923    186.028     0.0655      8.003    81.9296 7.3199e-05  3.6083214    25.3835  0.000e+00
     60.649     61.163    10.9381  37.194304    33.1902    186.111     0.0729      8.003    81.9813 1.0000e-12  3.3102444    25.3787  0.000e+00
     60.404     60.915    10.9447  37.200070    33.1901    186.489     0.0582      8.007    81.9038 1.0000e-12  3.0784068    25.3774  0.000e+00
     60.385     60.897    10.9622  37.214489    33.1886    186.990     0.0948      8.007    81.9813 1.0000e-12  3.1446462    25.3731  0.000e+00
     60.498     61.011    10.9629  37.215242    33.1886    187.970     0.0802      8.007    82.4203 3.4694e-04  3.0784068    25.3730  0.000e+00
     60.493     61.005    10.9627  37.215305    33.1889    188.294     0.0875      8.007    82.8076 2.0988e-04  2.9790479    25.3733  0.000e+00
     60.214     60.724    10.9651  37.217247    33.1888    188.351     0.0655      8.012    82.9883 2.0988e-04  2.9790479    25.3728  0.000e+00
     59.818     60.325    10.9659  37.218124    33.1891    188.661     0.0655      8.012    83.0400 1.0000e-12  2.7803299    25.3729  0.000e+00
     59.606     60.111    10.9730  37.224017    33.1886    188.540     0.0509      8.012    82.9625 1.0000e-12  2.8465692    25.3712  0.000e+00
     59.629     60.134    10.9774  37.227591    33.1881    188.435     0.0509      8.012    82.8851 1.0000e-12  3.1446462    25.3701  0.000e+00
     59.653     60.158    10.9778  37.228030    33.1882    188.596     0.0729      8.012    82.9625 4.8439e-04  3.8732786    25.3701  0.000e+00
     59.698     60.204    10.9775  37.227967    33.1884    188.350     0.0802      8.012    83.0658 1.0381e-03  3.5420821    25.3703  0.000e+00
     59.763     60.270    10.9765  37.227278    33.1886    188.516     0.0875      8.012    83.1691 4.8439e-04  3.2771248    25.3706  0.000e+00
     59.735     60.241    10.9779  37.228532    33.1886    188.919     0.0875      8.012    82.7301 1.3173e-03  3.1115265    25.3703  0.000e+00
     59.813     60.320    10.9790  37.229410    33.1884    189.078     0.0802      8.012    82.8592 1.0381e-03  3.1115265    25.3700  0.000e+00
     60.042     60.551    10.9738  37.225210    33.1889    188.857     0.0948      8.016    83.0658 1.8804e-03  4.0057573    25.3713  0.000e+00
     60.102     60.611    10.9725  37.224458    33.1892    188.205     0.0948      8.012    83.2207 6.2223e-04  3.9395179    25.3718  0.000e+00
     59.816     60.322    10.9781  37.228971    33.1888    188.585     0.0655      8.016    83.2207 6.2223e-04  3.6745607    25.3705  0.000e+00
     59.358     59.861    10.9800  37.230161    33.1885    188.815     0.0436      8.016    83.3757 6.2223e-04  3.3102444    25.3699  0.000e+00
     59.126     59.627    10.9841  37.233421    33.1881    188.954     0.0729      8.016    83.4790 1.0000e-12  3.3102444    25.3689  0.000e+00
     59.338     59.841    10.9858  37.234676    33.1878    188.953     0.0436      8.016    83.3240 1.4574e-03  3.3102444    25.3683  0.000e+00
     59.692     60.198    10.9813  37.231416    33.1884    188.731     0.0436      8.016    83.3498 6.2223e-04  3.1777658    25.3696  0.000e+00
     59.668     60.174    10.9808  37.231103    33.1885    188.733     0.0582      8.016    83.3757 1.3173e-03  2.9128085    25.3698  0.000e+00
     59.327     59.829    10.9835  37.233234    33.1884    189.123     0.0509      8.016    83.4531 6.2223e-04  3.3433641    25.3692  0.000e+00
     59.214     59.715    10.9871  37.236055    33.1880    188.697     0.0509      8.016    83.5822 1.0381e-03  2.8796889    25.3682  0.000e+00
     59.541     60.045    10.9843  37.233987    33.1883    188.877     0.0509      8.016    83.4531 1.3173e-03  2.9459282    25.3690  0.000e+00
     59.953     60.461    10.9783  37.229348    33.1890    189.159     0.0436      8.016    83.4273 1.8804e-03  3.2440051    25.3706  0.000e+00
     59.937     60.445    10.9778  37.229160    33.1892    188.912     0.0436      8.016    83.4531 1.0381e-03  3.4758427    25.3709  0.000e+00
     59.331     59.834    10.9826  37.232669    33.1886    188.879     0.0362      8.016    83.4790 2.1643e-03  3.2108855    25.3695  0.000e+00
     58.555     59.051    10.9886  37.237182    33.1880    188.836     0.0362      8.016    83.5306 2.0988e-04  3.1446462    25.3680  0.000e+00
     58.364     58.858    10.9943  37.241571    33.1873    189.218     0.0655      8.016    83.4015 1.0381e-03  3.1777658    25.3664  0.000e+00
     58.940     59.439    10.9917  37.239942    33.1877    189.651     0.0289      8.021    83.4015 4.8439e-04  2.9128085    25.3672  0.000e+00
     59.459     59.962    10.9859  37.235366    33.1883    189.848     0.0289      8.016    83.4015 7.6046e-04  4.0388769    25.3687  0.000e+00
     59.396     59.899    10.9852  37.234990    33.1886    189.602     0.0509      8.016    83.5822 4.8439e-04  4.3700735    25.3690  0.000e+00
