Arg_L1_t2_NV.cnv
* Sea-Bird SBE 9 Data File:
* FileName = S:\CTD_Data\CTD\Data\Argentina 2014\Data\Arg_L1_t2.hex
* Software Version Seasave V 7.21g
* Temperature SN = 5769
* Conductivity SN = 4244
* Number of Bytes Per Scan = 31
* Number of Voltage Words = 4
* Number of Scans Averaged by the Deck Unit = 24
* NMEA Latitude = 45 58.70 S
* NMEA Longitude = 058 35.68 W
* NMEA UTC (Time) = Feb 02 2014 19:05:52
* NMEA baud rate = 9600
** R/V Coriolis II
** MARES project, ARGENTINA 2014
** Chief scientist : Dr. Gustavo Ferreyra
** Co-Chief scientist : Dr. José Luis Esteves
# nquan = 12
# nvalues = 2658                                  
# units = specified
# name 0 = depSM: Depth [salt water, m]
# name 1 = prDM: Pressure, Digiquartz [db]
# name 2 = t090C: Temperature [ITS-90, deg C]
# name 3 = c0mS/cm: Conductivity [mS/cm]
# name 4 = sal00: Salinity, Practical [PSU]
# name 5 = sbeox0Mm/Kg: Oxygen, SBE 43 [umol/Kg]
# name 6 = flECO-AFL: Fluorescence, WET Labs ECO-AFL/FL [mg/m^3]
# name 7 = ph: pH
# name 8 = CStarTr0: Beam Transmission, WET Labs C-Star [%]
# name 9 = upoly0: Upoly 0, Nitrate
# name 10 = sigma-é00: Density [sigma-theta, Kg/m^3]
# name 11 = flag:  0.000e+00
# span 0 =     -0.266,    600.236                 
# span 1 =     -0.268,    606.089                 
# span 2 =     2.9670,    13.2458                 
# span 3 =   4.310912,  39.756961                 
# span 4 =     3.0754,    34.2438                 
# span 5 =    181.828,    276.912                 
# span 6 =    -0.1762,    29.3549                 
# span 7 =      6.764,      8.299                 
# span 8 =    25.1735,    99.6950                 
# span 9 = -0.6309949,  62.991868                 
# span 10 =     1.8181,    27.2879                
# span 11 = 0.0000e+00, 0.0000e+00                
# interval = seconds: 1
# start_time = Feb 02 2014 19:05:52 [NMEA time, header]
# bad_flag = -9.990e-29
*END*
[from data line 1805]
    311.838    314.658     3.5170  31.512960    34.0957    230.443    -0.1249      8.082    99.5659  15.796356    27.1169  0.000e+00
    311.281    314.096     3.5162  31.511724    34.0954    229.978    -0.1249      8.082    99.5917  16.392509    27.1167  0.000e+00
    311.312    314.127     3.5174  31.513076    34.0957    229.972    -0.1176      8.082    99.5917  16.591227    27.1169  0.000e+00
    311.411    314.226     3.5221  31.516954    34.0954    230.598    -0.1176      8.082    99.5917  15.829475    27.1161  0.000e+00
    310.869    313.679     3.5250  31.519009    34.0952    229.913    -0.1176      8.082    99.5659  15.630757    27.1157  0.000e+00
    309.765    312.564     3.5257  31.519064    34.0951    230.074    -0.1176      8.082    99.5659  15.995074    27.1155  0.000e+00
    308.780    311.570     3.5272  31.519943    34.0951    229.837    -0.1176      8.082    99.5659  15.928834    27.1154  0.000e+00
    308.370    311.156     3.5255  31.518414    34.0952    230.033    -0.1249      8.082    99.5659  14.935244    27.1157  0.000e+00
    308.148    310.932     3.5278  31.520235    34.0952    230.465    -0.1176      8.082    99.5659  15.498279    27.1154  0.000e+00
    307.466    310.243     3.5334  31.524581    34.0949    229.958    -0.1176      8.082    99.5659  15.100843    27.1146  0.000e+00
    306.690    309.459     3.5337  31.524520    34.0949    230.583    -0.1176      8.082    99.5659  14.935244    27.1146  0.000e+00
    306.535    309.303     3.5332  31.524049    34.0949    230.581    -0.1176      8.082    99.5659  15.067723    27.1147  0.000e+00
    306.401    309.167     3.5346  31.525224    34.0950    230.117    -0.1176      8.082    99.5659  15.597638    27.1146  0.000e+00
    305.583    308.342     3.5365  31.526338    34.0948    230.731    -0.1176      8.082    99.5659  15.995074    27.1143  0.000e+00
    304.383    307.130     3.5379  31.527098    34.0949    230.686    -0.1176      8.082    99.5659  16.127552    27.1142  0.000e+00
    303.593    306.332     3.5383  31.526861    34.0946    230.208    -0.1176      8.087    99.5659  16.160672    27.1139  0.000e+00
    303.482    306.220     3.5386  31.527213    34.0947    230.203    -0.1176      8.082    99.5659  16.326270    27.1140  0.000e+00
    303.501    306.239     3.5397  31.528212    34.0947    230.846    -0.1249      8.082    99.5659  16.260031    27.1139  0.000e+00
    302.987    305.720     3.5407  31.528681    34.0945    230.825    -0.1249      8.082    99.5401  16.260031    27.1136  0.000e+00
    302.065    304.789     3.5404  31.528149    34.0947    230.347    -0.1249      8.082    99.5659  16.193791    27.1138  0.000e+00
    301.335    304.052     3.5405  31.527794    34.0946    230.325    -0.1176      8.082    99.5401  16.127552    27.1137  0.000e+00
    300.791    303.502     3.5407  31.527734    34.0946    230.307    -0.1176      8.087    99.5659  15.432039    27.1137  0.000e+00
    300.224    302.930     3.5460  31.532022    34.0945    230.906    -0.1249      8.087    99.5659  15.796356    27.1130  0.000e+00
    299.796    302.498     3.5505  31.535312    34.0940    230.867    -0.1249      8.087    99.5659  16.127552    27.1122  0.000e+00
    299.487    302.186     3.5526  31.536780    34.0937    230.395    -0.1249      8.087    99.5659  15.862595    27.1118  0.000e+00
    298.999    301.693     3.5557  31.538895    34.0933    231.010    -0.1249      8.082    99.5659  15.332680    27.1112  0.000e+00
    298.357    301.045     3.5600  31.541537    34.0923    230.966    -0.1176      8.087    99.5659  15.498279    27.1100  0.000e+00
    297.778    300.460     3.5629  31.543475    34.0919    231.129    -0.1176      8.087    99.5659  15.895715    27.1093  0.000e+00
    297.084    299.760     3.5671  31.546588    34.0916    231.730    -0.1176      8.087    99.5659  16.591227    27.1087  0.000e+00
    296.310    298.978     3.5675  31.546645    34.0916    231.901    -0.1176      8.087    99.5401  16.591227    27.1087  0.000e+00
    295.919    298.583     3.5674  31.546409    34.0917    232.088    -0.1176      8.087    99.5659  15.895715    27.1087  0.000e+00
    295.978    298.643     3.5725  31.550876    34.0916    232.256    -0.1249      8.087    99.5659  15.564518    27.1082  0.000e+00
    295.721    298.383     3.5784  31.555755    34.0915    232.410    -0.1176      8.087    99.5659  15.564518    27.1075  0.000e+00
    294.643    297.295     3.5844  31.560337    34.0913    232.538    -0.1176      8.087    99.5659  15.630757    27.1068  0.000e+00
    293.249    295.887     3.5891  31.563684    34.0912    232.018    -0.1249      8.087    99.5659  16.028193    27.1062  0.000e+00
    292.392    295.022     3.5897  31.563681    34.0909    232.185    -0.1249      8.087    99.5659  15.498279    27.1059  0.000e+00
    292.407    295.037     3.5858  31.560565    34.0913    232.209    -0.1176      8.087    99.5401  14.802766    27.1066  0.000e+00
    292.827    295.461     3.5875  31.562330    34.0914    232.409    -0.1176      8.087    99.5401  16.094432    27.1065  0.000e+00
    292.744    295.378     3.5925  31.566387    34.0911    232.376    -0.1176      8.087    99.5401  14.968364    27.1058  0.000e+00
    291.805    294.429     3.5939  31.566972    34.0908    232.537    -0.1176      8.087    99.5659  15.365800    27.1054  0.000e+00
    290.527    293.138     3.5965  31.568614    34.0907    232.482    -0.1176      8.087    99.5401  16.094432    27.1051  0.000e+00
    289.102    291.700     3.5990  31.569903    34.0905    231.976    -0.1249      8.087    99.5401  15.067723    27.1047  0.000e+00
    288.100    290.688     3.5974  31.568136    34.0906    232.600    -0.1249      8.087    99.5401  14.802766    27.1049  0.000e+00
    287.933    290.520     3.5989  31.569429    34.0906    232.585    -0.1249      8.087    99.5401  14.769646    27.1048  0.000e+00
    288.352    290.942     3.5991  31.569901    34.0907    232.794    -0.1249      8.087    99.5659  14.968364    27.1048  0.000e+00
    288.851    291.447     3.5997  31.570549    34.0907    232.806    -0.1249      8.087    99.5401  15.597638    27.1047  0.000e+00
    288.187    290.776     3.5998  31.570253    34.0905    232.338    -0.1249      8.087    99.5401  16.524988    27.1046  0.000e+00
    286.521    289.094     3.6003  31.569954    34.0906    232.928    -0.1249      8.092    99.5659  15.696997    27.1046  0.000e+00
    285.041    287.600     3.6011  31.569949    34.0905    232.878    -0.1176      8.087    99.5659  15.432039    27.1044  0.000e+00
    284.442    286.995     3.6005  31.569301    34.0907    233.060    -0.1176      8.092    99.5401  16.293150    27.1046  0.000e+00
    284.483    287.036     3.6010  31.569712    34.0907    233.059    -0.1249      8.092    99.5401  15.895715    27.1046  0.000e+00
    284.503    287.057     3.6017  31.570124    34.0904    232.609    -0.1176      8.092    99.5659  15.829475    27.1043  0.000e+00
    284.090    286.639     3.6035  31.571652    34.0906    232.585    -0.1176      8.092    99.5659  15.531398    27.1043  0.000e+00
    283.545    286.089     3.6065  31.573767    34.0903    232.550    -0.1176      8.092    99.5659  15.067723    27.1037  0.000e+00
    282.983    285.522     3.6077  31.574588    34.0903    233.169    -0.1176      8.092    99.5659  14.968364    27.1036  0.000e+00
    282.288    284.820     3.6082  31.574762    34.0903    233.144    -0.1249      8.092    99.5401  15.432039    27.1036  0.000e+00
    281.314    283.837     3.6089  31.574995    34.0904    232.664    -0.1249      8.092    99.5659  15.398920    27.1036  0.000e+00
    280.307    282.819     3.6118  31.576991    34.0903    232.616    -0.1176      8.092    99.5659  15.034603    27.1032  0.000e+00
    279.809    282.317     3.6096  31.574872    34.0904    233.257    -0.1103      8.092    99.5659  15.034603    27.1035  0.000e+00
    279.885    282.393     3.6135  31.578224    34.0903    233.235    -0.1176      8.092    99.5659  15.796356    27.1030  0.000e+00
    279.808    282.316     3.6151  31.579635    34.0903    232.777    -0.1249      8.092    99.5659  15.928834    27.1029  0.000e+00
    279.140    281.642     3.6157  31.579927    34.0904    232.753    -0.1176      8.092    99.5659  15.829475    27.1029  0.000e+00
    278.279    280.772     3.6172  31.580689    34.0902    233.360    -0.1176      8.092    99.5659  15.365800    27.1026  0.000e+00
    277.726    280.214     3.6166  31.580099    34.0905    233.347    -0.1249      8.092    99.5401  16.160672    27.1029  0.000e+00
    277.292    279.775     3.6255  31.587625    34.0903    232.834    -0.1249      8.092    99.4884  16.094432    27.1019  0.000e+00
    276.658    279.136     3.6308  31.591564    34.0899    232.783    -0.1176      8.092    99.5401  15.730116    27.1010  0.000e+00
    275.774    278.243     3.6296  31.590267    34.0901    232.763    -0.1176      8.092    99.5659  15.001484    27.1013  0.000e+00
    275.099    277.561     3.6300  31.590324    34.0901    232.739    -0.1176      8.092    99.5659  15.365800    27.1012  0.000e+00
    274.980    277.442     3.6290  31.589441    34.0902    233.383    -0.1176      8.092    99.5659  15.630757    27.1014  0.000e+00
    274.991    277.452     3.6328  31.592735    34.0901    233.360    -0.1176      8.092    99.5659  15.829475    27.1009  0.000e+00
    274.535    276.993     3.6382  31.596968    34.0898    232.869    -0.1249      8.092    99.5401  15.730116    27.1002  0.000e+00
    273.551    275.999     3.6389  31.597200    34.0899    232.835    -0.1176      8.092    99.5401  15.498279    27.1002  0.000e+00
    272.423    274.860     3.6401  31.597726    34.0898    232.793    -0.1176      8.092    99.5659  15.498279    27.1000  0.000e+00
    271.553    273.981     3.6423  31.599135    34.0897    233.393    -0.1176      8.092    99.5401  15.332680    27.0997  0.000e+00
    271.286    273.712     3.6421  31.598899    34.0897    233.386    -0.1176      8.092    99.5401  15.133962    27.0997  0.000e+00
    271.549    273.977     3.6449  31.601370    34.0896    233.574    -0.1249      8.092    99.5659  15.432039    27.0994  0.000e+00
    271.484    273.912     3.6454  31.601723    34.0896    233.569    -0.1249      8.092    99.5659  15.730116    27.0993  0.000e+00
    270.416    272.834     3.6458  31.601720    34.0897    233.090    -0.1249      8.092    99.5401  15.531398    27.0993  0.000e+00
    269.015    271.419     3.6493  31.604068    34.0896    233.665    -0.1176      8.092    99.5401  15.167082    27.0989  0.000e+00
    268.339    270.737     3.6499  31.604243    34.0895    233.641    -0.1103      8.092    99.5401  15.465159    27.0988  0.000e+00
    268.375    270.773     3.6499  31.604243    34.0896    233.839    -0.1249      8.092    99.5142  15.465159    27.0988  0.000e+00
    268.205    270.601     3.6499  31.604066    34.0895    233.834    -0.1249      8.092    99.5401  15.730116    27.0987  0.000e+00
    267.404    269.792     3.6497  31.603004    34.0888    233.369    -0.1176      8.092    99.5401  15.928834    27.0982  0.000e+00
    266.367    268.745     3.6491  31.601825    34.0885    233.341    -0.1176      8.092    99.5142  15.133962    27.0981  0.000e+00
    265.688    268.060     3.6498  31.601940    34.0883    233.955    -0.1176      8.092    99.5401  14.968364    27.0978  0.000e+00
    265.691    268.063     3.6530  31.604881    34.0885    234.573    -0.1176      8.096    99.5401  15.100843    27.0977  0.000e+00
    265.709    268.081     3.6568  31.608470    34.0889    234.108    -0.1176      8.096    99.5142  15.233321    27.0976  0.000e+00
    264.992    267.358     3.6673  31.617527    34.0891    234.217    -0.1176      8.096    99.5401  15.233321    27.0967  0.000e+00
    263.820    266.174     3.6729  31.621642    34.0888    234.147    -0.1176      8.096    99.5401  15.829475    27.0959  0.000e+00
    262.779    265.123     3.6788  31.626698    34.0892    234.273    -0.1176      8.096    99.5401  15.133962    27.0957  0.000e+00
    262.203    264.542     3.6812  31.628521    34.0892    234.878    -0.1176      8.096    99.5401  14.570928    27.0954  0.000e+00
    262.161    264.500     3.6782  31.625814    34.0891    233.817    -0.1249      8.096    99.5401  14.239732    27.0956  0.000e+00
    262.251    264.590     3.6803  31.627874    34.0893    233.366    -0.1249      8.096    99.5401  14.339091    27.0956  0.000e+00
    261.711    264.045     3.6834  31.630343    34.0894    233.771    -0.1249      8.096    99.5401  15.564518    27.0953  0.000e+00
    260.431    262.753     3.6846  31.630869    34.0894    233.724    -0.1176      8.096    99.5401  15.862595    27.0952  0.000e+00
    259.328    261.639     3.6853  31.630983    34.0894    233.686    -0.1176      8.096    99.5401  15.531398    27.0952  0.000e+00
    258.985    261.293     3.6853  31.630570    34.0891    234.312    -0.1176      8.096    99.5401  16.524988    27.0949  0.000e+00
    258.917    261.224     3.6853  31.630746    34.0893    234.310    -0.1249      8.096    99.5401  16.028193    27.0951  0.000e+00
    258.614    260.919     3.6872  31.632158    34.0892    233.849    -0.1176      8.096    99.5401  15.829475    27.0948  0.000e+00
    258.180    260.480     3.6892  31.633863    34.0894    233.823    -0.1176      8.096    99.5142  15.763236    27.0948  0.000e+00
    257.496    259.790     3.6903  31.634508    34.0894    233.795    -0.1176      8.096    99.5401  15.961954    27.0946  0.000e+00
    256.425    258.709     3.7014  31.644450    34.0902    233.692    -0.1176      8.096    99.5401  15.961954    27.0942  0.000e+00
    255.492    257.766     3.7072  31.648802    34.0899    234.264    -0.1103      8.096    99.5401  15.531398    27.0934  0.000e+00
    255.042    257.312     3.7050  31.647270    34.0906    234.262    -0.1176      8.096    99.5401  15.067723    27.0942  0.000e+00
    254.698    256.966     3.7145  31.655686    34.0909    233.754    -0.1249      8.096    99.5401  14.670287    27.0935  0.000e+00
    254.515    256.781     3.7301  31.669224    34.0909    233.653    -0.1176      8.096    99.5401  14.869005    27.0919  0.000e+00
    254.472    256.737     3.7314  31.670460    34.0911    233.643    -0.1176      8.096    99.5142  15.432039    27.0919  0.000e+00
    253.760    256.018     3.7313  31.670105    34.0911    232.988    -0.1249      8.096    99.5142  15.564518    27.0919  0.000e+00
    252.417    254.662     3.7327  31.670689    34.0911    232.305    -0.1249      8.096    99.5401  14.405330    27.0918  0.000e+00
    251.406    253.642     3.7346  31.671746    34.0909    232.701    -0.1249      8.096    99.5401  14.637168    27.0914  0.000e+00
    251.070    253.302     3.7336  31.670920    34.0911    232.501    -0.1176      8.096    99.5401  15.133962    27.0917  0.000e+00
    250.854    253.084     3.7331  31.670625    34.0914    232.497    -0.1176      8.096    99.5401  15.630757    27.0920  0.000e+00
    250.329    252.554     3.7372  31.673979    34.0914    232.893    -0.1176      8.096    99.5401  16.160672    27.0916  0.000e+00
    249.561    251.780     3.7373  31.673683    34.0914    232.869    -0.1176      8.096    99.5401  14.670287    27.0915  0.000e+00
    248.979    251.192     3.7379  31.674034    34.0915    232.847    -0.1176      8.096    99.5401  15.133962    27.0915  0.000e+00
    248.715    250.926     3.7380  31.674033    34.0915    232.206    -0.1176      8.096    99.5401  15.465159    27.0916  0.000e+00
    248.312    250.518     3.7410  31.676681    34.0917    232.175    -0.1103      8.096    99.5401  15.498279    27.0914  0.000e+00
    247.471    249.670     3.7419  31.677150    34.0918    232.580    -0.1176      8.096    99.5401  15.564518    27.0914  0.000e+00
    246.530    248.719     3.7438  31.678383    34.0918    232.540    -0.1176      8.096    99.5401  15.928834    27.0912  0.000e+00
