Arg_L1_t2_NV.cnv
* Sea-Bird SBE 9 Data File:
* FileName = S:\CTD_Data\CTD\Data\Argentina 2014\Data\Arg_L1_t2.hex
* Software Version Seasave V 7.21g
* Temperature SN = 5769
* Conductivity SN = 4244
* Number of Bytes Per Scan = 31
* Number of Voltage Words = 4
* Number of Scans Averaged by the Deck Unit = 24
* NMEA Latitude = 45 58.70 S
* NMEA Longitude = 058 35.68 W
* NMEA UTC (Time) = Feb 02 2014 19:05:52
* NMEA baud rate = 9600
** R/V Coriolis II
** MARES project, ARGENTINA 2014
** Chief scientist : Dr. Gustavo Ferreyra
** Co-Chief scientist : Dr. José Luis Esteves
# nquan = 12
# nvalues = 2658                                  
# units = specified
# name 0 = depSM: Depth [salt water, m]
# name 1 = prDM: Pressure, Digiquartz [db]
# name 2 = t090C: Temperature [ITS-90, deg C]
# name 3 = c0mS/cm: Conductivity [mS/cm]
# name 4 = sal00: Salinity, Practical [PSU]
# name 5 = sbeox0Mm/Kg: Oxygen, SBE 43 [umol/Kg]
# name 6 = flECO-AFL: Fluorescence, WET Labs ECO-AFL/FL [mg/m^3]
# name 7 = ph: pH
# name 8 = CStarTr0: Beam Transmission, WET Labs C-Star [%]
# name 9 = upoly0: Upoly 0, Nitrate
# name 10 = sigma-é00: Density [sigma-theta, Kg/m^3]
# name 11 = flag:  0.000e+00
# span 0 =     -0.266,    600.236                 
# span 1 =     -0.268,    606.089                 
# span 2 =     2.9670,    13.2458                 
# span 3 =   4.310912,  39.756961                 
# span 4 =     3.0754,    34.2438                 
# span 5 =    181.828,    276.912                 
# span 6 =    -0.1762,    29.3549                 
# span 7 =      6.764,      8.299                 
# span 8 =    25.1735,    99.6950                 
# span 9 = -0.6309949,  62.991868                 
# span 10 =     1.8181,    27.2879                
# span 11 = 0.0000e+00, 0.0000e+00                
# interval = seconds: 1
# start_time = Feb 02 2014 19:05:52 [NMEA time, header]
# bad_flag = -9.990e-29
*END*
[from data line 482]
    211.577    213.438     3.9609  31.853613    34.0930    232.998    -0.1176      8.086    99.4368  13.511099    27.0701  0.000e+00
    212.106    213.972     3.9609  31.854087    34.0932    232.396    -0.1176      8.086    99.4110  13.312381    27.0703  0.000e+00
    212.533    214.403     3.9634  31.857097    34.0940    232.818    -0.1176      8.086    99.4368  13.378621    27.0707  0.000e+00
    212.933    214.806     3.9661  31.859931    34.0943    233.238    -0.1103      8.086    99.4368  15.432039    27.0707  0.000e+00
    213.453    215.331     3.9698  31.864476    34.0956    232.611    -0.1030      8.086    99.4368  14.074133    27.0713  0.000e+00
    214.121    216.006     3.9711  31.866425    34.0962    232.005    -0.1176      8.086    99.4368  14.570928    27.0717  0.000e+00
    214.693    216.583     3.9642  31.860821    34.0964    231.252    -0.1176      8.086    99.4368  15.730116    27.0726  0.000e+00
    215.276    217.171     3.9531  31.850675    34.0956    230.524    -0.1176      8.081    99.4368  14.504689    27.0730  0.000e+00
    216.062    217.965     3.9308  31.831092    34.0952    230.294    -0.1176      8.081    99.4368  15.465159    27.0750  0.000e+00
    216.850    218.760     3.9249  31.827261    34.0963    229.964    -0.1176      8.086    99.4368  15.696997    27.0765  0.000e+00
    217.776    219.695     3.9201  31.823371    34.0962    230.253    -0.1176      8.086    99.4368  15.398920    27.0769  0.000e+00
    218.888    220.817     3.9154  31.819541    34.0960    230.548    -0.1176      8.086    99.4368  14.206612    27.0772  0.000e+00
    219.500    221.435     3.9143  31.818718    34.0958    230.380    -0.1249      8.081    99.4110  13.014304    27.0771  0.000e+00
    219.335    221.268     3.9142  31.818540    34.0957    230.182    -0.1103      8.081    99.4110  13.411740    27.0771  0.000e+00
    219.181    221.113     3.9142  31.818304    34.0955    230.605    -0.1103      8.081    99.4368  13.842296    27.0769  0.000e+00
    219.727    221.664     3.9140  31.818541    34.0958    231.050    -0.1176      8.081    99.4368  14.107253    27.0771  0.000e+00
    220.836    222.784     3.8945  31.801857    34.0956    230.580    -0.1176      8.081    99.4368  14.570928    27.0790  0.000e+00
    221.823    223.780     3.8839  31.793252    34.0959    230.673    -0.1103      8.081    99.4368  15.100843    27.0803  0.000e+00
    222.457    224.420     3.8815  31.791308    34.0958    230.513    -0.1249      8.081    99.4368  14.869005    27.0804  0.000e+00
    223.187    225.156     3.8785  31.788952    34.0956    231.176    -0.1249      8.081    99.4368  13.146783    27.0806  0.000e+00
    224.033    226.010     3.8770  31.787953    34.0956    231.640    -0.1249      8.081    99.4368  14.637168    27.0808  0.000e+00
    224.656    226.639     3.8758  31.787070    34.0954    231.238    -0.1103      8.081    99.4368  14.305971    27.0808  0.000e+00
    225.015    227.002     3.8736  31.785185    34.0953    231.263    -0.1103      8.081    99.4368  14.173492    27.0809  0.000e+00
    225.319    227.308     3.8731  31.785009    34.0954    231.275    -0.1176      8.081    99.4368  14.405330    27.0811  0.000e+00
    225.705    227.698     3.8701  31.782357    34.0953    231.305    -0.1176      8.081    99.4626  14.405330    27.0812  0.000e+00
    226.259    228.257     3.8666  31.779647    34.0953    231.343    -0.1103      8.081    99.4368  14.835885    27.0816  0.000e+00
    226.974    228.979     3.8618  31.775936    34.0955    231.394    -0.1103      8.081    99.4368  14.637168    27.0823  0.000e+00
    227.879    229.893     3.8567  31.771813    34.0955    231.453    -0.1176      8.081    99.4626  14.305971    27.0828  0.000e+00
    228.959    230.982     3.8528  31.768810    34.0954    231.509    -0.1103      8.081    99.4626  14.504689    27.0831  0.000e+00
    229.933    231.966     3.8512  31.767811    34.0954    231.549    -0.1176      8.081    99.4626  14.670287    27.0832  0.000e+00
    230.402    232.440     3.8516  31.768697    34.0957    230.935    -0.1176      8.081    99.4626  14.405330    27.0835  0.000e+00
    230.544    232.582     3.8513  31.768344    34.0956    230.942    -0.1176      8.081    99.4626  14.107253    27.0834  0.000e+00
    230.853    232.895     3.8464  31.763865    34.0952    231.413    -0.1176      8.081    99.4626  14.007894    27.0836  0.000e+00
    231.383    233.429     3.8428  31.760920    34.0951    231.451    -0.1176      8.081    99.4626  14.074133    27.0839  0.000e+00
    231.847    233.897     3.8369  31.755736    34.0948    231.501    -0.1103      8.081    99.4626  14.637168    27.0842  0.000e+00
    232.368    234.423     3.8347  31.753793    34.0946    231.531    -0.1103      8.081    99.4626  14.902125    27.0843  0.000e+00
    233.301    235.365     3.8253  31.745546    34.0940    230.991    -0.1176      8.081    99.4626  13.842296    27.0847  0.000e+00
    234.531    236.607     3.8178  31.739245    34.0937    231.702    -0.1176      8.081    99.4626  14.041014    27.0853  0.000e+00
    235.536    237.621     3.8090  31.731413    34.0930    232.847    -0.1176      8.081    99.4626  14.041014    27.0856  0.000e+00
    235.919    238.008     3.8007  31.724580    34.0933    232.477    -0.1176      8.081    99.4626  14.140373    27.0867  0.000e+00
    236.145    238.236     3.7986  31.722519    34.0929    232.692    -0.1176      8.081    99.4626  14.305971    27.0865  0.000e+00
    236.417    238.511     3.7977  31.721695    34.0927    233.335    -0.1176      8.081    99.4626  14.537809    27.0865  0.000e+00
    236.878    238.977     3.7924  31.717102    34.0926    233.577    -0.1249      8.081    99.4368  15.233321    27.0869  0.000e+00
    237.589    239.693     3.7851  31.710743    34.0921    233.840    -0.1249      8.081    99.4626  14.736526    27.0873  0.000e+00
    238.407    240.519     3.7754  31.702382    34.0918    233.491    -0.1176      8.081    99.4626  13.643578    27.0880  0.000e+00
    239.168    241.287     3.7612  31.690548    34.0922    233.797    -0.1176      8.082    99.4368  14.570928    27.0897  0.000e+00
    239.946    242.073     3.7532  31.683544    34.0918    233.871    -0.1176      8.082    99.4368  14.339091    27.0902  0.000e+00
    240.709    242.844     3.7490  31.680072    34.0916    234.116    -0.1176      8.082    99.4884  14.372210    27.0905  0.000e+00
    241.317    243.458     3.7484  31.679780    34.0915    234.770    -0.1176      8.086    99.4626  14.471569    27.0905  0.000e+00
    241.758    243.903     3.7452  31.676838    34.0911    235.000    -0.1176      8.086    99.4626  13.809176    27.0905  0.000e+00
    242.100    244.247     3.7425  31.674778    34.0913    235.222    -0.1176      8.086    99.4626  13.577338    27.0909  0.000e+00
    242.519    244.671     3.7405  31.672895    34.0909    234.813    -0.1176      8.082    99.4884  14.140373    27.0908  0.000e+00
    243.302    245.461     3.7350  31.668483    34.0910    235.066    -0.1176      8.086    99.4626  14.902125    27.0914  0.000e+00
    244.452    246.622     3.7313  31.665719    34.0909    235.125    -0.1176      8.086    99.4626  14.902125    27.0917  0.000e+00
    245.466    247.645     3.7251  31.660601    34.0907    234.759    -0.1176      8.086    99.4626  14.504689    27.0922  0.000e+00
    245.745    247.927     3.7238  31.659543    34.0907    234.776    -0.1249      8.086    99.4626  14.140373    27.0923  0.000e+00
    245.672    247.853     3.7236  31.659248    34.0906    234.775    -0.1176      8.086    99.4626  14.173492    27.0922  0.000e+00
    245.838    248.021     3.7224  31.658130    34.0903    235.420    -0.1176      8.086    99.4626  15.067723    27.0922  0.000e+00
    246.592    248.782     3.7175  31.654425    34.0906    235.474    -0.1249      8.087    99.4626  13.643578    27.0929  0.000e+00
    247.754    249.955     3.7149  31.652721    34.0907    235.089    -0.1249      8.087    99.4626  13.643578    27.0932  0.000e+00
    248.988    251.201     3.7120  31.650783    34.0907    235.145    -0.1249      8.087    99.4626  13.809176    27.0935  0.000e+00
    249.843    252.064     3.7099  31.649255    34.0906    235.185    -0.1249      8.087    99.4884  14.173492    27.0936  0.000e+00
    249.313    251.529     3.7144  31.653256    34.0910    235.140    -0.1249      8.087    99.4626  14.604048    27.0935  0.000e+00
    248.819    251.031     3.7158  31.653313    34.0899    235.119    -0.1249      8.087    99.4626  14.007894    27.0925  0.000e+00
    249.183    251.398     3.7138  31.652137    34.0904    235.142    -0.1249      8.087    99.4626  13.974774    27.0931  0.000e+00
    250.162    252.386     3.7100  31.649374    34.0905    235.195    -0.1176      8.087    99.4626  14.670287    27.0936  0.000e+00
    251.310    253.545     3.7067  31.647082    34.0906    235.251    -0.1176      8.087    99.4626  14.769646    27.0940  0.000e+00
    252.405    254.650     3.7058  31.646791    34.0907    235.291    -0.1249      8.087    99.4626  14.769646    27.0941  0.000e+00
    253.413    255.668     3.7044  31.646088    34.0907    235.331    -0.1249      8.087    99.4626  14.239732    27.0942  0.000e+00
    253.484    255.740     3.7044  31.645912    34.0904    234.699    -0.1176      8.087    99.4884  13.875415    27.0940  0.000e+00
    253.351    255.606     3.7075  31.648619    34.0905    234.676    -0.1176      8.087    99.4884  15.200202    27.0938  0.000e+00
    253.807    256.066     3.7099  31.650562    34.0901    235.115    -0.1176      8.087    99.4626  14.206612    27.0932  0.000e+00
    254.696    256.963     3.7042  31.646328    34.0906    235.177    -0.1176      8.087    99.4626  14.670287    27.0942  0.000e+00
    255.780    258.057     3.7044  31.647332    34.0909    235.209    -0.1249      8.087    99.4626  15.200202    27.0945  0.000e+00
    256.858    259.145     3.7045  31.647924    34.0909    234.607    -0.1176      8.087    99.4626  14.935244    27.0944  0.000e+00
    257.444    259.737     3.7044  31.647925    34.0907    234.626    -0.1176      8.087    99.4884  15.233321    27.0943  0.000e+00
    257.546    259.840     3.7045  31.648102    34.0907    234.433    -0.1249      8.087    99.4626  14.703407    27.0943  0.000e+00
    257.858    260.155     3.7045  31.648162    34.0907    234.443    -0.1249      8.087    99.4626  14.405330    27.0943  0.000e+00
    258.471    260.774     3.7042  31.648341    34.0909    234.903    -0.1176      8.087    99.4884  15.034603    27.0945  0.000e+00
    259.128    261.437     3.7036  31.648343    34.0911    234.291    -0.1103      8.087    99.5142  13.643578    27.0947  0.000e+00
    259.842    262.159     3.6991  31.644873    34.0913    234.341    -0.1176      8.087    99.4884  13.477979    27.0953  0.000e+00
    260.828    263.154     3.6957  31.642463    34.0915    234.196    -0.1176      8.087    99.4884  13.477979    27.0958  0.000e+00
    261.861    264.196     3.6923  31.639877    34.0913    234.249    -0.1176      8.087    99.4626  13.511099    27.0960  0.000e+00
    262.506    264.848     3.6905  31.638525    34.0912    234.084    -0.1249      8.087    99.4626  14.305971    27.0961  0.000e+00
    262.743    265.087     3.6907  31.638644    34.0911    233.454    -0.1249      8.087    99.4884  14.968364    27.0960  0.000e+00
    262.938    265.284     3.6909  31.638938    34.0911    233.899    -0.1176      8.087    99.4626  15.266441    27.0960  0.000e+00
    263.378    265.728     3.6907  31.638881    34.0910    234.355    -0.1176      8.087    99.4884  15.233321    27.0959  0.000e+00
    264.031    266.387     3.6892  31.637883    34.0911    234.385    -0.1176      8.087    99.4884  15.001484    27.0962  0.000e+00
    264.820    267.183     3.6876  31.636826    34.0910    233.782    -0.1249      8.087    99.4626  14.902125    27.0963  0.000e+00
    265.715    268.088     3.6864  31.636240    34.0911    233.817    -0.1176      8.087    99.4626  14.968364    27.0964  0.000e+00
    266.599    268.980     3.6851  31.635419    34.0910    234.293    -0.1176      8.087    99.4626  15.067723    27.0965  0.000e+00
    267.370    269.759     3.6837  31.634539    34.0910    234.326    -0.1249      8.087    99.4884  14.835885    27.0967  0.000e+00
    268.036    270.431     3.6815  31.632952    34.0910    234.360    -0.1249      8.087    99.4884  14.869005    27.0968  0.000e+00
    268.473    270.872     3.6797  31.631600    34.0911    233.747    -0.1249      8.087    99.4884  14.272851    27.0971  0.000e+00
    268.710    271.111     3.6794  31.631307    34.0909    233.757    -0.1103      8.087    99.4884  13.709817    27.0970  0.000e+00
    269.055    271.460     3.6781  31.630425    34.0910    234.217    -0.1176      8.087    99.4884  14.703407    27.0972  0.000e+00
    269.746    272.157     3.6758  31.628838    34.0912    234.253    -0.1249      8.087    99.4884  14.703407    27.0976  0.000e+00
    270.640    273.060     3.6740  31.627664    34.0911    234.291    -0.1176      8.087    99.4884  14.372210    27.0977  0.000e+00
    271.529    273.957     3.6631  31.618312    34.0909    233.748    -0.1176      8.087    99.4884  14.339091    27.0986  0.000e+00
    272.262    274.697     3.6604  31.616373    34.0910    233.787    -0.1176      8.087    99.4884  14.902125    27.0990  0.000e+00
    272.876    275.317     3.6591  31.615493    34.0910    233.617    -0.1249      8.087    99.4626  15.167082    27.0991  0.000e+00
    273.583    276.031     3.6565  31.613553    34.0909    233.655    -0.1176      8.082    99.4884  14.736526    27.0993  0.000e+00
    274.362    276.817     3.6428  31.601497    34.0904    234.208    -0.1103      8.087    99.4884  14.504689    27.1003  0.000e+00
    274.726    277.185     3.6351  31.595322    34.0909    233.625    -0.1176      8.087    99.4884  14.670287    27.1014  0.000e+00
    274.618    277.076     3.6355  31.595498    34.0908    233.620    -0.1176      8.087    99.4884  14.438450    27.1013  0.000e+00
    274.845    277.305     3.6340  31.594146    34.0906    234.081    -0.1176      8.082    99.4884  14.570928    27.1012  0.000e+00
    275.783    278.252     3.6291  31.590855    34.0913    234.139    -0.1176      8.082    99.4884  14.604048    27.1023  0.000e+00
    277.039    279.521     3.6265  31.589448    34.0917    234.193    -0.1176      8.087    99.4884  14.504689    27.1028  0.000e+00
    277.759    280.248     3.6217  31.585804    34.0919    233.603    -0.1176      8.087    99.4884  14.802766    27.1035  0.000e+00
    278.046    280.537     3.6195  31.583982    34.0919    233.626    -0.1176      8.087    99.4626  14.604048    27.1037  0.000e+00
    278.704    281.201     3.6143  31.579808    34.0920    233.481    -0.1176      8.082    99.4884  14.504689    27.1043  0.000e+00
    279.729    282.236     3.6094  31.576166    34.0921    233.542    -0.1249      8.082    99.4884  14.637168    27.1049  0.000e+00
    280.668    283.184     3.6077  31.575051    34.0921    233.385    -0.1176      8.082    99.4884  15.266441    27.1050  0.000e+00
    280.951    283.470     3.6076  31.574935    34.0919    232.752    -0.1103      8.087    99.4884  14.537809    27.1049  0.000e+00
    280.828    283.346     3.6076  31.574876    34.0919    233.194    -0.1249      8.082    99.5142  14.835885    27.1049  0.000e+00
    280.856    283.374     3.6078  31.575052    34.0919    233.640    -0.1176      8.082    99.5142  14.869005    27.1048  0.000e+00
    281.355    283.878     3.6076  31.574995    34.0918    233.657    -0.1176      8.082    99.5142  13.511099    27.1048  0.000e+00
    282.379    284.912     3.6063  31.574410    34.0918    233.696    -0.1249      8.082    99.4884  16.061313    27.1050  0.000e+00
    283.625    286.170     3.6028  31.572121    34.0921    233.756    -0.1176      8.082    99.4110  15.928834    27.1055  0.000e+00
