Arg_L2_SF02_NV.cnv
* Sea-Bird SBE 9 Data File:
* FileName = S:\CTD_Data\CTD\Data\Argentina 2014\Data\Arg_L2_SF02.hex
* Software Version Seasave V 7.21g
* Temperature SN = 5769
* Conductivity SN = 4244
* Number of Bytes Per Scan = 31
* Number of Voltage Words = 4
* Number of Scans Averaged by the Deck Unit = 24
* NMEA Latitude = 45 57.16 S
* NMEA Longitude = 065 35.32 W
* NMEA UTC (Time) = Feb 06 2014 18:58:16
* NMEA baud rate = 9600
** R/V Coriolis II
** MARES project, ARGENTINA 2014
** Chief scientist : Dr. Gustavo Ferreyra
** Co-Chief scientist : Dr. José Luis Esteves
# nquan = 13
# nvalues = 355                                   
# units = specified
# name 0 = depSM: Depth [salt water, m]
# name 1 = prDM: Pressure, Digiquartz [db]
# name 2 = t090C: Temperature [ITS-90, deg C]
# name 3 = c0mS/cm: Conductivity [mS/cm]
# name 4 = sal00: Salinity, Practical [PSU]
# name 5 = sbeox0Mm/Kg: Oxygen, SBE 43 [umol/Kg]
# name 6 = flECO-AFL: Fluorescence, WET Labs ECO-AFL/FL [mg/m^3]
# name 7 = ph: pH
# name 8 = CStarTr0: Beam Transmission, WET Labs C-Star [%]
# name 9 = par: PAR/Irradiance, Biospherical/Licor
# name 10 = upoly0: Upoly 0, Nitrate
# name 11 = sigma-é00: Density [sigma-theta, Kg/m^3]
# name 12 = flag:  0.000e+00
# span 0 =     -0.350,     84.016                 
# span 1 =     -0.353,     84.729                 
# span 2 =     8.9840,    14.5354                 
# span 3 =   1.829960,  40.217261                 
# span 4 =     1.1943,    33.3396                 
# span 5 =    132.876,    277.519                 
# span 6 =    -0.1176,    24.7908                 
# span 7 =      7.815,      8.271                 
# span 8 =    24.5796,    96.6222                 
# span 9 = 1.0000e-12, 1.6820e+03                 
# span 10 = -0.7634735,  5.7942188                
# span 11 =     0.1561,    25.8211                
# span 12 = 0.0000e+00, 0.0000e+00                
# interval = seconds: 1
# start_time = Feb 06 2014 18:58:16 [NMEA time, header]
# bad_flag = -9.990e-29
*END*
      2.170      2.188    14.1025  40.203087    33.2975    222.415     0.3879      8.261    93.5494 1.0459e+03 -0.6309949    24.8504  0.000e+00
      2.055      2.072    14.0972  40.198043    33.2975    223.130     0.3586      8.261    93.5753 1.1803e+03 -0.6309949    24.8515  0.000e+00
      2.328      2.347    14.1076  40.209232    33.2988    222.395     0.3732      8.261    93.6527 1.1411e+03 -0.6309949    24.8503  0.000e+00
      2.538      2.559    14.1087  40.210009    33.2984    222.695     0.3732      8.261    93.6011 9.2937e+02 -0.5316359    24.8498  0.000e+00
      2.531      2.552    14.1077  40.208909    33.2983    223.441     0.3586      8.261    93.6269 9.4519e+02 -0.6309949    24.8500  0.000e+00
      2.402      2.422    14.1035  40.204511    33.2979    222.369     0.3366      8.261    93.5753 1.1605e+03 -0.5316359    24.8505  0.000e+00
      2.242      2.260    14.0954  40.195974    33.2971    222.553     0.3366      8.261    93.5753 1.0169e+03 -0.4985162    24.8515  0.000e+00
      2.372      2.391    14.0984  40.200372    33.2985    221.894     0.3513      8.261    93.6269 1.0226e+03 -0.6641145    24.8521  0.000e+00
      3.000      3.025    14.1107  40.212662    33.2990    222.352     0.3219      8.261    93.5753 9.0870e+02 -0.5647556    24.8499  0.000e+00
      3.785      3.816    14.1146  40.216740    33.2991    223.294     0.3073      8.261    93.6011 7.6549e+02 -0.5316359    24.8492  0.000e+00
      4.688      4.727    14.1146  40.217261    33.2992    222.925     0.3366      8.265    93.6269 6.0276e+02 -0.6641145    24.8492  0.000e+00
      5.445      5.490    14.1129  40.215712    33.2989    222.757     0.3513      8.265    93.6269 6.3405e+02 -0.5647556    24.8494  0.000e+00
      6.114      6.165    14.1089  40.212157    33.2988    222.795     0.3806      8.265    93.6269 4.8542e+02 -0.7303538    24.8502  0.000e+00
      7.006      7.064    14.1020  40.204529    33.2974    222.853     0.3732      8.265    93.6785 4.4116e+02 -0.6641145    24.8505  0.000e+00
      7.970      8.036    14.0863  40.189724    33.2969    222.953     0.3586      8.266    93.6527 4.1470e+02 -0.6972342    24.8535  0.000e+00
      8.579      8.650    14.0745  40.179446    33.2974    222.328     0.4099      8.266    93.6785 3.9757e+02 -0.5978752    24.8563  0.000e+00
      8.971      9.045    14.0731  40.178284    33.2973    220.954     0.5051      8.266    93.6527 3.0097e+02 -0.6972342    24.8566  0.000e+00
      9.605      9.685    14.0729  40.178351    33.2973    222.760     0.5417      8.266    93.6011 3.1659e+02 -0.6641145    24.8566  0.000e+00
     10.492     10.579    14.0723  40.178096    33.2972    222.187     0.5491      8.270    93.6011 2.5930e+02 -0.6972342    24.8567  0.000e+00
     11.231     11.324    14.0696  40.175965    33.2973    220.733     0.5857      8.270    93.4978 2.3899e+02 -0.5316359    24.8574  0.000e+00
     11.782     11.880    14.0717  40.177971    33.2971    221.879     0.6663      8.270    93.4978 2.2784e+02 -0.5978752    24.8568  0.000e+00
     12.382     12.484    14.0658  40.172090    33.2965    221.275     0.7469      8.270    93.6011 2.1177e+02 -0.6641145    24.8576  0.000e+00
     13.192     13.302    14.0621  40.168732    33.2963    222.161     0.7762      8.270    93.5494 2.0881e+02 -0.5978752    24.8582  0.000e+00
     14.295     14.414    14.0505  40.156195    33.2943    222.146     0.8128      8.270    93.5494 1.5674e+02 -0.6972342    24.8591  0.000e+00
     15.448     15.576    14.0253  40.130670    33.2920    221.351     0.8494      8.270    93.5236 1.3928e+02 -0.4985162    24.8626  0.000e+00
     16.060     16.193    14.0210  40.126342    33.2915    222.136     0.9447      8.270    93.5236 1.3019e+02 -0.5978752    24.8631  0.000e+00
     16.137     16.271    14.0056  40.107991    33.2878    222.063     1.0179      8.271    93.5494 1.2982e+02 -0.7303538    24.8634  0.000e+00
     16.206     16.341    14.0018  40.105537    33.2888    222.231     1.0033      8.271    93.4978 1.2873e+02 -0.7303538    24.8650  0.000e+00
     16.799     16.938    13.9909  40.093781    33.2871    221.450     1.0179      8.271    93.5236 1.3542e+02 -0.6641145    24.8660  0.000e+00
     17.927     18.077    13.9927  40.096176    33.2873    220.924     1.0472      8.271    93.4978 9.6083e+01 -0.4985162    24.8658  0.000e+00
     19.204     19.364    13.9826  40.085457    33.2856    221.257     1.0619      8.271    93.5236 8.0705e+01 -0.4985162    24.8666  0.000e+00
     19.899     20.064    13.9726  40.074673    33.2840    221.874     1.0985      8.271    93.5494 7.8246e+01 -0.5978752    24.8675  0.000e+00
     19.887     20.053    13.9746  40.077128    33.2845    222.063     1.1498      8.271    93.5494 7.9578e+01 -0.7634735    24.8674  0.000e+00
     20.013     20.179    13.9754  40.077645    33.2843    221.864     1.1864      8.271    93.4978 8.0933e+01 -0.4985162    24.8671  0.000e+00
     20.902     21.076    13.9614  40.062083    33.2816    221.957     1.2157      8.271    93.4720 7.5862e+01 -0.6972342    24.8679  0.000e+00
     22.183     22.368    13.9294  40.027931    33.2771    221.794     1.1351      8.271    93.5494 5.6141e+01 -0.4985162    24.8712  0.000e+00
     23.363     23.558    13.8958  39.991726    33.2722    220.580     1.1058      8.271    93.6269 4.2729e+01 -0.4985162    24.8743  0.000e+00
     23.578     23.774    13.8943  39.989984    33.2718    221.146     1.1132      8.271    93.7044 5.0732e+01 -0.4985162    24.8744  0.000e+00
     23.487     23.683    13.8909  39.986499    33.2716    222.669     1.2011      8.271    93.7044 5.0590e+01 -0.6641145    24.8749  0.000e+00
     23.703     23.901    13.8900  39.984370    33.2702    222.831     1.2377      8.271    93.6011 5.1887e+01 -0.4985162    24.8740  0.000e+00
     24.480     24.684    13.8430  39.932957    33.2629    222.324     1.2084      8.271    93.7302 4.5973e+01 -0.4985162    24.8780  0.000e+00
     25.626     25.840    13.8241  39.913227    33.2605    221.891     1.1205      8.271    93.8076 3.3353e+01 -0.5647556    24.8801  0.000e+00
     26.802     27.026    13.7890  39.873776    33.2538    221.943     1.0326      8.271    93.9109 2.1922e+01 -0.5316359    24.8821  0.000e+00
     27.549     27.779    13.7706  39.853670    33.2508    222.256     1.0179      8.267    94.0917 2.5524e+01 -0.4985162    24.8836  0.000e+00
     27.551     27.781    13.7755  39.859857    33.2523    222.788     1.0545      8.267    94.2724 3.0999e+01 -0.7634735    24.8838  0.000e+00
     27.729     27.960    13.7744  39.856958    33.2505    222.447     1.1205      8.267    94.1433 3.0479e+01 -0.5978752    24.8826  0.000e+00
     28.515     28.753    13.7555  39.836340    33.2473    222.712     1.0985      8.267    94.1433 2.6476e+01 -0.5647556    24.8841  0.000e+00
     29.504     29.750    13.7184  39.795437    33.2410    223.124     0.9886      8.267    94.2724 1.9919e+01 -0.5316359    24.8868  0.000e+00
     30.193     30.445    13.6937  39.768586    33.2372    222.703     0.9007      8.267    94.4790 2.1193e+01 -0.4985162    24.8889  0.000e+00
     30.572     30.827    13.6893  39.763566    33.2362    222.735     0.9593      8.267    94.6856 2.2296e+01 -0.5647556    24.8890  0.000e+00
     31.240     31.501    13.6829  39.756679    33.2350    223.346     0.9447      8.267    94.6598 1.9148e+01 -0.5316359    24.8895  0.000e+00
     32.136     32.404    13.6691  39.741748    33.2327    223.439     0.8861      8.267    94.7114 1.5282e+01 -0.4985162    24.8906  0.000e+00
     32.851     33.125    13.6604  39.733318    33.2321    222.581     0.8421      8.267    94.7631 1.5239e+01 -0.5978752    24.8919  0.000e+00
     33.296     33.574    13.6598  39.733256    33.2325    222.240     0.8348      8.267    95.0471 1.5987e+01 -0.5647556    24.8923  0.000e+00
     33.960     34.244    13.6235  39.693360    33.2264    223.202     0.7835      8.263    95.0729 1.4282e+01 -0.4985162    24.8950  0.000e+00
     34.953     35.245    13.5825  39.649687    33.2209    223.634     0.6809      8.263    95.2537 1.0499e+01 -0.5978752    24.8991  0.000e+00
     35.917     36.217    13.5167  39.581159    33.2137    223.052     0.5784      8.263    95.5635 8.7871e+00 -0.5647556    24.9069  0.000e+00
     36.200     36.502    13.4907  39.558671    33.2151    223.177     0.5051      8.264    95.8992 1.1525e+01 -0.4985162    24.9132  0.000e+00
     36.171     36.474    13.5515  39.615355    33.2153    222.592     0.4831      8.259    95.8992 1.1427e+01 -0.5978752    24.9011  0.000e+00
     36.747     37.054    13.4303  39.494057    33.2069    223.539     0.5491      8.259    95.9767 1.0265e+01 -0.5647556    24.9192  0.000e+00
     37.715     38.031    13.3358  39.403121    33.2036    223.704     0.4392      8.255    96.1832 7.0273e+00 -0.4985162    24.9356  0.000e+00
     38.703     39.027    13.2625  39.332587    33.2007    222.409     0.3513      8.251    96.2607 4.0526e+00 -0.4985162    24.9481  0.000e+00
     39.614     39.945    13.1520  39.230081    33.2004    221.536     0.3073      8.251    96.4931 5.6500e+00 -0.4985162    24.9699  0.000e+00
     39.922     40.256    13.0898  39.180213    33.2076    221.200     0.2414      8.242    96.6222 8.0497e+00 -0.6641145    24.9879  0.000e+00
     40.263     40.600    13.0498  39.133119    33.1979    221.005     0.2780      8.242    96.6222 7.5213e+00 -0.5978752    24.9883  0.000e+00
     40.876     41.219    12.9285  39.022068    33.1988    220.585     0.3073      8.238    96.5706 6.7161e+00 -0.5316359    25.0129  0.000e+00
     41.531     41.879    12.7618  38.864434    33.1953    219.254     0.2633      8.229    96.5964 6.3462e+00 -0.5316359    25.0429  0.000e+00
     42.220     42.573    12.5221  38.638169    33.1902    218.448     0.1901      8.221    96.5706 6.1341e+00 -0.4985162    25.0854  0.000e+00
     43.088     43.449    12.3583  38.479318    33.1822    217.204     0.1608      8.212    96.5447 5.2186e+00 -0.4985162    25.1107  0.000e+00
     43.973     44.342    12.1533  38.285467    33.1768    215.736     0.1388      8.204    96.5189 4.5667e+00 -0.4985162    25.1455  0.000e+00
     44.457     44.830    12.0428  38.186472    33.1791    213.883     0.1095      8.195    96.2607 5.0296e+00 -0.4985162    25.1681  0.000e+00
     44.681     45.055    11.9528  38.096057    33.1715    212.557     0.0875      8.186    96.0800 5.0726e+00 -0.5978752    25.1791  0.000e+00
     45.173     45.552    11.8561  37.999596    33.1638    211.884     0.0729      8.182    96.0541 4.6452e+00 -0.5647556    25.1911  0.000e+00
     46.016     46.402    11.4051  37.571733    33.1486    212.539     0.0509      8.170    95.9250 3.7315e+00 -0.4985162    25.2623  0.000e+00
     46.975     47.369    10.7856  37.012893    33.1538    212.041     0.0143      8.135    94.7372 2.8374e+00 -0.4985162    25.3769  0.000e+00
     47.710     48.110    10.6053  36.847441    33.1517    206.240    -0.0150      8.112    91.7677 3.3773e+00 -0.4985162    25.4067  0.000e+00
     47.636     48.036    11.0363  37.248678    33.1610    198.139    -0.0297      8.105    91.6903 3.8067e+00 -0.5316359    25.3383  0.000e+00
     47.742     48.143    10.8198  37.024030    33.1335    198.744    -0.0150      8.102    92.8006 3.7422e+00 -0.3991573    25.3551  0.000e+00
     48.519     48.926    10.5530  36.796061    33.1474    200.899    -0.0077      8.098    91.4837 3.1628e+00 -0.4985162    25.4124  0.000e+00
     49.500     49.915    10.5404  36.782208    33.1446    199.537    -0.0297      8.089    90.2184 2.1058e+00 -0.4985162    25.4125  0.000e+00
     50.439     50.863    10.5352  36.776408    33.1431    198.048    -0.0370      8.084    88.1785 2.0052e+00  2.0185778    25.4122  0.000e+00
     50.933     51.361    10.5325  36.771792    33.1407    196.122    -0.0370      8.079    86.5517 2.6114e+00  2.3497744    25.4108  0.000e+00
     51.282     51.712    10.5303  36.768298    33.1391    194.770    -0.0297      8.079    85.9578 2.5160e+00  1.9523385    25.4099  0.000e+00
     51.863     52.299    10.5282  36.765680    33.1381    194.931    -0.0150      8.075    85.4414 2.2368e+00  3.7739197    25.4095  0.000e+00
     52.604     53.046    10.5206  36.758507    33.1375    195.026    -0.0150      8.075    85.1574 1.9260e+00  3.3764838    25.4104  0.000e+00
     53.348     53.797    10.5064  36.746344    33.1378    195.219    -0.0297      8.070    84.4860 1.7309e+00  3.3433641    25.4131  0.000e+00
     53.914     54.368    10.5030  36.742603    33.1369    194.690    -0.0370      8.070    83.6855 1.6526e+00  3.4096034    25.4130  0.000e+00
     54.554     55.013    10.4990  36.739175    33.1368    193.652    -0.0297      8.065    83.2982 1.4547e+00  3.3433641    25.4136  0.000e+00
     55.191     55.656    10.4915  36.732191    33.1364    192.884    -0.0297      8.065    83.1174 1.2576e+00  3.7739197    25.4146  0.000e+00
     55.756     56.225    10.4871  36.728076    33.1360    192.521    -0.0297      8.061    82.9883 1.1385e+00  2.9790479    25.4151  0.000e+00
     56.435     56.909    10.4773  36.719534    33.1361    192.602    -0.0297      8.061    82.8334 9.8865e-01  2.4160137    25.4168  0.000e+00
     57.202     57.684    10.4670  36.710619    33.1361    192.011    -0.0297      8.061    82.6268 8.3757e-01  2.9459282    25.4186  0.000e+00
     57.908     58.395    10.4608  36.705322    33.1361    191.565    -0.0297      8.056    82.4719 7.5454e-01  2.7472103    25.4197  0.000e+00
     58.542     59.035    10.4561  36.700959    33.1358    191.789    -0.0297      8.056    82.7043 7.0425e-01  2.6809709    25.4203  0.000e+00
     59.164     59.662    10.4523  36.697844    33.1358    191.330    -0.0150      8.056    82.7301 6.4532e-01  3.1777658    25.4210  0.000e+00
     59.657     60.159    10.4414  36.688119    33.1358    191.482    -0.0004      8.051    82.6268 6.0738e-01  4.2375949    25.4228  0.000e+00
     60.171     60.678    10.3809  36.642311    33.1446    191.246    -0.0297      8.052    82.4203 5.5944e-01  4.3038342    25.4400  0.000e+00
     60.888     61.401    10.2861  36.570061    33.1579    191.056    -0.0297      8.042    82.1879 4.7824e-01  3.5420821    25.4667  0.000e+00
     61.712     62.232    10.1807  36.491087    33.1742    189.297    -0.0297      8.029    82.1104 3.8903e-01  3.0121675    25.4972  0.000e+00
     62.350     62.875    10.1333  36.456445    33.1822    184.892    -0.0370      8.020    82.6785 3.5252e-01  2.6478513    25.5115  0.000e+00
     62.775     63.304    10.1302  36.453027    33.1815    179.915    -0.0297      8.020    83.5306 3.2847e-01  3.3102444    25.5115  0.000e+00
     63.427     63.961    10.1239  36.447992    33.1818    176.695    -0.0224      8.015    83.5306 2.8088e-01  4.4694325    25.5128  0.000e+00
     64.247     64.789    10.1161  36.442026    33.1826    175.392    -0.0224      8.015    83.2982 2.2820e-01  4.7343897    25.5148  0.000e+00
     64.848     65.395    10.1050  36.432578    33.1829    175.118    -0.0224      8.010    84.2278 2.1827e-01  4.4363128    25.5169  0.000e+00
     65.185     65.735    10.0850  36.416292    33.1846    175.629    -0.0297      8.010    86.3452 2.1454e-01  4.0057573    25.5216  0.000e+00
     65.654     66.208    10.0644  36.401501    33.1883    175.352    -0.0224      8.010    87.6879 1.9532e-01  3.5752017    25.5279  0.000e+00
     66.316     66.876    10.0210  36.370496    33.1963    174.796    -0.0150      8.006    88.0494 1.7061e-01  3.6083214    25.5415  0.000e+00
     67.127     67.694     9.9758  36.342050    33.2087    173.812    -0.0297      7.997    87.5588 1.4296e-01  3.8732786    25.5587  0.000e+00
     67.975     68.549     9.9224  36.307652    33.2224    171.724    -0.0224      7.987    85.0799 1.2404e-01  3.8401590    25.5783  0.000e+00
     68.626     69.205     9.8683  36.274632    33.2382    168.154    -0.0297      7.973    83.7372 1.1461e-01  3.9395179    25.5997  0.000e+00
     68.947     69.529     9.8635  36.272958    33.2408    164.081    -0.0297      7.964    82.6527 1.0744e-01  4.2707145    25.6025  0.000e+00
