Arg_L1_T4_NV.cnv
* Sea-Bird SBE 9 Data File:
* FileName = S:\CTD_Data\CTD\Data\Argentina 2014\Data\Arg_L1_T4.hex
* Software Version Seasave V 7.21g
* Temperature SN = 5769
* Conductivity SN = 4244
* Number of Bytes Per Scan = 31
* Number of Voltage Words = 4
* Number of Scans Averaged by the Deck Unit = 24
* NMEA Latitude = 46 01.99 S
* NMEA Longitude = 060 15.45 W
* NMEA UTC (Time) = Feb 02 2014 11:18:56
* NMEA baud rate = 9600
** R/V Coriolis II
** MARES project, ARGENTINA 2014
** Chief scientist : Dr. Gustavo Ferreyra
** Co-Chief scientist : Dr. José Luis Esteves
# nquan = 12
# nvalues = 724                                   
# units = specified
# name 0 = depSM: Depth [salt water, m]
# name 1 = prDM: Pressure, Digiquartz [db]
# name 2 = t090C: Temperature [ITS-90, deg C]
# name 3 = c0mS/cm: Conductivity [mS/cm]
# name 4 = sal00: Salinity, Practical [PSU]
# name 5 = sbeox0Mm/Kg: Oxygen, SBE 43 [umol/Kg]
# name 6 = flECO-AFL: Fluorescence, WET Labs ECO-AFL/FL [mg/m^3]
# name 7 = ph: pH
# name 8 = CStarTr0: Beam Transmission, WET Labs C-Star [%]
# name 9 = upoly0: Upoly 0, Nitrate
# name 10 = sigma-é00: Density [sigma-theta, Kg/m^3]
# name 11 = flag:  0.000e+00
# span 0 =     -0.353,    134.675                 
# span 1 =     -0.356,    135.835                 
# span 2 =     5.6440,    11.7620                 
# span 3 =   3.983235,  38.293317                 
# span 4 =     2.9076,    33.8500                 
# span 5 =    201.659,    273.916                 
# span 6 =    -0.2715,    28.7542                 
# span 7 =      8.122,      8.385                 
# span 8 =    58.3028,    99.4368                 
# span 9 = -0.6309949,  10.960885                 
# span 10 =     1.8171,    26.6823                
# span 11 = 0.0000e+00, 0.0000e+00                
# interval = seconds: 1
# start_time = Feb 02 2014 11:18:56 [NMEA time, header]
# bad_flag = -9.990e-29
*END*
[from data line 361]
    110.180    111.122     5.6693  33.091020    33.8357    221.882    -0.0663      8.132    98.7654  8.8081077    26.6746  0.000e+00
    109.912    110.852     5.6692  33.090061    33.8348    221.876    -0.0590      8.132    98.7396  9.4705009    26.6739  0.000e+00
    109.273    110.207     5.6687  33.088741    33.8342    221.862    -0.0590      8.132    98.6363  9.3380222    26.6734  0.000e+00
    108.255    109.180     5.6679  33.086822    33.8333    221.838    -0.0663      8.132    98.6880  9.2717829    26.6728  0.000e+00
    107.117    108.032     5.6623  33.077958    33.8295    221.843    -0.0663      8.132    98.7396  9.7354581    26.6704  0.000e+00
    106.213    107.120     5.6575  33.070771    33.8266    221.848    -0.0517      8.132    98.5330  9.7023385    26.6687  0.000e+00
    105.832    106.736     5.6581  33.071428    33.8269    221.287    -0.0517      8.132    98.6621  8.1125949    26.6689  0.000e+00
    105.729    106.632     5.6560  33.068495    33.8258    220.751    -0.0444      8.132    98.7138  8.2119538    26.6683  0.000e+00
    105.342    106.242     5.6545  33.066099    33.8248    220.020    -0.0444      8.132    98.6880  9.4705009    26.6676  0.000e+00
    104.556    105.448     5.6545  33.065738    33.8248    219.269    -0.0590      8.127    98.5847  8.1788342    26.6677  0.000e+00
    103.627    104.511     5.6535  33.063759    33.8239    219.430    -0.0590      8.127    98.5588  8.0794752    26.6671  0.000e+00
    102.514    103.389     5.6523  33.061481    33.8232    219.587    -0.0517      8.127    98.5847  8.3113128    26.6666  0.000e+00
    101.314    102.178     5.6517  33.060161    33.8229    219.374    -0.0663      8.127    98.5588  8.5431504    26.6665  0.000e+00
    100.516    101.373     5.6527  33.061295    33.8236    219.161    -0.0517      8.127    98.5330  7.8145179    26.6668  0.000e+00
    100.468    101.324     5.6522  33.060577    33.8232    218.980    -0.0590      8.127    98.5330  9.0730650    26.6667  0.000e+00
    100.627    101.485     5.6525  33.060877    33.8233    219.347    -0.0517      8.127    98.4814  8.6425094    26.6667  0.000e+00
    100.077    100.930     5.6519  33.059857    33.8230    219.152    -0.0517      8.127    98.6105  7.8145179    26.6665  0.000e+00
     98.854     99.696     5.6522  33.059913    33.8233    218.569    -0.0444      8.127    98.5847  8.5762701    26.6667  0.000e+00
     97.610     98.441     5.6514  33.057934    33.8226    218.903    -0.0444      8.127    98.5588  8.1788342    26.6662  0.000e+00
     96.677     97.500     5.6507  33.055776    33.8213    219.245    -0.0444      8.127    98.5330  8.0794752    26.6653  0.000e+00
     96.138     96.957     5.6507  33.054757    33.8204    219.231    -0.0517      8.127    98.5330  8.6425094    26.6645  0.000e+00
     95.885     96.702     5.6507  33.054158    33.8198    219.225    -0.0517      8.127    98.5072  10.000415    26.6641  0.000e+00
     95.571     96.385     5.6507  33.053498    33.8193    218.672    -0.0370      8.127    98.5330  10.265373    26.6637  0.000e+00
     94.850     95.658     5.6505  33.052419    33.8186    218.108    -0.0444      8.127    98.5330  10.265373    26.6632  0.000e+00
     93.917     94.716     5.6504  33.051578    33.8183    218.446    -0.0517      8.122    98.5330  10.099774    26.6629  0.000e+00
     93.061     93.853     5.6503  33.050857    33.8180    218.240    -0.0444      8.127    98.4814  9.8016974    26.6626  0.000e+00
     92.305     93.090     5.6503  33.050495    33.8180    218.219    -0.0517      8.122    98.4556  10.132894    26.6627  0.000e+00
     91.545     92.324     5.6503  33.049835    33.8176    218.560    -0.0370      8.122    98.4556  9.4373812    26.6623  0.000e+00
     90.810     91.583     5.6502  33.049174    33.8173    217.995    -0.0297      8.122    98.4039  9.2386632    26.6621  0.000e+00
     90.234     91.001     5.6500  33.048634    33.8172    217.980    -0.0370      8.122    98.5072  9.3711419    26.6620  0.000e+00
     89.779     90.542     5.6500  33.048393    33.8171    217.785    -0.0444      8.122    98.4297  8.5431504    26.6620  0.000e+00
     89.269     90.028     5.6498  33.047852    33.8170    217.772    -0.0370      8.122    98.5072  9.3711419    26.6619  0.000e+00
     88.607     89.360     5.6496  33.047372    33.8170    218.116    -0.0370      8.122    98.4556  9.0730650    26.6620  0.000e+00
     88.028     88.776     5.6497  33.047190    33.8170    218.099    -0.0444      8.122    98.4297  8.1457145    26.6619  0.000e+00
     87.583     88.327     5.6497  33.047009    33.8170    218.087    -0.0444      8.122    98.4814  8.1457145    26.6619  0.000e+00
     87.102     87.841     5.6498  33.046948    33.8171    218.072    -0.0370      8.122    98.5072  9.3380222    26.6619  0.000e+00
     86.505     87.240     5.6521  33.049160    33.8176    218.042    -0.0370      8.122    98.5072  9.8679368    26.6621  0.000e+00
     85.933     86.662     5.6531  33.049637    33.8174    218.021    -0.0444      8.122    98.4556  9.9672957    26.6618  0.000e+00
     85.661     86.389     5.6520  33.048619    33.8175    218.019    -0.0370      8.122    98.5072  9.3049026    26.6620  0.000e+00
     85.686     86.413     5.6524  33.048918    33.8174    218.018    -0.0590      8.122    98.4814  8.9405863    26.6619  0.000e+00
     85.687     86.415     5.6533  33.049636    33.8173    218.013    -0.0370      8.122    98.4814  9.1061846    26.6617  0.000e+00
     85.323     86.048     5.6528  33.049156    33.8174    218.005    -0.0444      8.122    98.5072  8.7418684    26.6618  0.000e+00
     84.615     85.333     5.6527  33.048795    33.8175    217.986    -0.0444      8.122    98.4814  7.4170821    26.6619  0.000e+00
     83.896     84.608     5.6527  33.048374    33.8174    217.965    -0.0370      8.122    98.4814  7.9138769    26.6618  0.000e+00
     83.394     84.102     5.6529  33.048312    33.8174    217.950    -0.0444      8.122    98.3523  9.1393043    26.6618  0.000e+00
     83.269     83.976     5.6532  33.048431    33.8173    217.946    -0.0517      8.122    98.3781  9.5698598    26.6617  0.000e+00
     83.405     84.113     5.6531  33.048312    33.8173    218.494    -0.0517      8.122    98.5072  9.1393043    26.6616  0.000e+00
     83.312     84.019     5.6531  33.048491    33.8174    218.490    -0.0517      8.122    98.5072  8.9737060    26.6618  0.000e+00
     82.799     83.502     5.6526  33.047712    33.8174    218.118    -0.0517      8.122    98.5072  8.9737060    26.6618  0.000e+00
     82.096     82.793     5.6521  33.046932    33.8173    218.101    -0.0517      8.122    98.4297  8.8412274    26.6618  0.000e+00
     81.462     82.153     5.6527  33.047229    33.8174    218.079    -0.0444      8.122    98.4814  8.6093897    26.6618  0.000e+00
     81.037     81.725     5.6535  33.047706    33.8173    218.063    -0.0444      8.122    98.5330  8.3113128    26.6616  0.000e+00
     80.877     81.563     5.6554  33.049381    33.8174    218.048    -0.0517      8.122    98.4814  8.6425094    26.6615  0.000e+00
     80.918     81.604     5.6556  33.049621    33.8174    218.048    -0.0590      8.122    98.4814  8.6756291    26.6614  0.000e+00
     81.044     81.732     5.6556  33.049621    33.8174    218.052    -0.0517      8.122    98.5330  8.8081077    26.6614  0.000e+00
     81.013     81.700     5.6558  33.049860    33.8175    218.050    -0.0517      8.122    98.5072  9.3711419    26.6615  0.000e+00
     80.873     81.558     5.6570  33.051117    33.8177    218.039    -0.0297      8.122    98.3781  8.4769111    26.6615  0.000e+00
     80.484     81.166     5.6583  33.052193    33.8179    218.564    -0.0297      8.122    98.5330  8.8743470    26.6615  0.000e+00
     79.966     80.644     5.6719  33.065837    33.8200    218.471    -0.0590      8.122    98.5588  9.0399453    26.6615  0.000e+00
     79.729     80.404     5.6859  33.078646    33.8206    218.570    -0.0444      8.122    97.9649  8.2450735    26.6603  0.000e+00
     79.893     80.571     5.7060  33.097985    33.8222    219.003    -0.0517      8.122    97.4485  9.9341761    26.6591  0.000e+00
     80.330     81.011     5.6977  33.088825    33.8200    219.247    -0.0370      8.122    98.6105  9.1724239    26.6584  0.000e+00
     80.786     81.471     5.6611  33.055246    33.8184    220.189    -0.0517      8.122    98.5330  8.4769111    26.6615  0.000e+00
     80.959     81.646     5.6578  33.052194    33.8181    220.395    -0.0517      8.122    98.5330  8.4769111    26.6617  0.000e+00
     80.742     81.427     5.6686  33.061590    33.8181    219.608    -0.0444      8.122    98.5847  8.7749880    26.6604  0.000e+00
     80.288     80.968     5.6765  33.070686    33.8207    218.645    -0.0663      8.122    98.7138  8.7749880    26.6615  0.000e+00
     79.873     80.550     5.7061  33.098644    33.8229    218.470    -0.0517      8.122    98.7396  8.3444325    26.6597  0.000e+00
     79.844     80.520     5.7314  33.122598    33.8246    218.688    -0.0444      8.126    98.6880  7.9469966    26.6579  0.000e+00
     80.373     81.054     5.7196  33.109963    33.8219    219.312    -0.0444      8.127    98.7396  8.5762701    26.6572  0.000e+00
     81.077     81.765     5.6618  33.056204    33.8186    220.740    -0.0517      8.127    98.6880  8.9737060    26.6617  0.000e+00
     81.113     81.800     5.6670  33.061591    33.8195    220.893    -0.0590      8.127    98.6621  8.9405863    26.6617  0.000e+00
     80.451     81.133     5.7079  33.101879    33.8245    219.380    -0.0590      8.127    98.6105  8.8412274    26.6607  0.000e+00
     79.920     80.598     5.7442  33.134099    33.8248    218.808    -0.0590      8.126    98.8171  9.0730650    26.6565  0.000e+00
     79.973     80.651     5.7612  33.150574    33.8264    219.612    -0.0517      8.126    98.7138  8.0794752    26.6557  0.000e+00
     80.332     81.013     5.7424  33.133262    33.8255    221.348    -0.0517      8.126    98.8171  7.6158000    26.6572  0.000e+00
     80.637     81.321     5.7127  33.105293    33.8234    222.790    -0.0517      8.127    98.7912  7.3177231    26.6592  0.000e+00
     80.728     81.413     5.6853  33.078889    33.8209    222.955    -0.0663      8.127    98.7912  7.2183641    26.6606  0.000e+00
     80.667     81.351     5.7061  33.099844    33.8239    221.754    -0.0517      8.127    98.7654  7.2183641    26.6604  0.000e+00
     80.624     81.308     5.7244  33.116072    33.8239    220.934    -0.0590      8.127    98.9203  7.0196462    26.6582  0.000e+00
     80.683     81.367     5.7281  33.119846    33.8245    220.374    -0.0224      8.126    98.7396  7.1521248    26.6582  0.000e+00
     80.723     81.407     5.7089  33.100982    33.8223    220.483    -0.0297      8.127    98.7912  7.5826803    26.6588  0.000e+00
     80.724     81.409     5.7153  33.108647    33.8246    221.345    -0.0590      8.127    98.8429  7.9138769    26.6599  0.000e+00
     80.569     81.253     5.7619  33.153153    33.8283    221.077    -0.0590      8.131    98.8429  7.7813983    26.6571  0.000e+00
     80.233     80.913     5.7699  33.160342    33.8286    220.665    -0.0737      8.131    98.8945  7.5164410    26.6563  0.000e+00
     80.174     80.853     5.7713  33.161360    33.8284    221.735    -0.0663      8.131    98.8687  7.2846034    26.6560  0.000e+00
     80.746     81.430     5.7362  33.127393    33.8248    223.033    -0.0663      8.131    98.9462  8.3444325    26.6575  0.000e+00
     81.464     82.155     5.6669  33.061772    33.8196    223.274    -0.0663      8.132    98.8945  6.6222103    26.6618  0.000e+00
     81.452     82.143     5.6784  33.074162    33.8222    222.485    -0.0517      8.131    98.7654  6.9534068    26.6625  0.000e+00
     80.659     81.343     5.7265  33.120026    33.8263    220.207    -0.0590      8.131    98.7138  8.2781932    26.6598  0.000e+00
     79.993     80.671     5.7733  33.163157    33.8285    218.853    -0.0590      8.131    98.8429  8.8081077    26.6558  0.000e+00
     80.105     80.785     5.7706  33.160821    33.8285    219.943    -0.0590      8.131    98.8687  7.4502017    26.6562  0.000e+00
     80.784     81.469     5.7519  33.142489    33.8261    221.324    -0.0663      8.131    98.8171  7.1190051    26.6566  0.000e+00
     81.262     81.952     5.6951  33.089128    33.8225    223.283    -0.0663      8.131    98.8171  7.0527658    26.6606  0.000e+00
     81.104     81.791     5.7439  33.137098    33.8280    223.178    -0.0663      8.131    98.7654  6.9202872    26.6590  0.000e+00
     80.801     81.486     5.7556  33.146143    33.8266    222.031    -0.0663      8.131    98.8171  6.7878085    26.6565  0.000e+00
     80.784     81.469     5.7538  33.144945    33.8271    221.142    -0.0663      8.131    98.7396  7.6489197    26.6571  0.000e+00
     81.006     81.693     5.7456  33.137038    33.8262    221.735    -0.0590      8.131    98.8171  7.4502017    26.6574  0.000e+00
     81.149     81.837     5.7259  33.118111    33.8245    222.750    -0.0517      8.131    98.7654  5.9929368    26.6585  0.000e+00
     81.101     81.789     5.7142  33.108409    33.8252    222.454    -0.0663      8.131    98.7138  7.8476376    26.6605  0.000e+00
     80.880     81.565     5.7306  33.123979    33.8265    221.455    -0.0663      8.131    98.7654  8.6425094    26.6595  0.000e+00
     80.607     81.291     5.7517  33.142788    33.8268    220.791    -0.0663      8.131    98.8429  9.0068256    26.6571  0.000e+00
     80.573     81.256     5.7584  33.149258    33.8274    221.110    -0.0444      8.131    98.8171  9.0068256    26.6568  0.000e+00
     80.945     81.631     5.7402  33.131587    33.8255    221.583    -0.0517      8.131    98.8429  7.7813983    26.6575  0.000e+00
     81.418     82.108     5.6887  33.082064    33.8208    222.430    -0.0150      8.131    98.7912  8.8081077    26.6601  0.000e+00
     81.521     82.213     5.6777  33.073025    33.8215    222.493    -0.0297      8.131    98.6880  8.7087487    26.6620  0.000e+00
     81.257     81.946     5.7071  33.099187    33.8218    220.879    -0.0590      8.131    98.6880  7.9469966    26.6587  0.000e+00
     80.958     81.644     5.7167  33.109845    33.8244    219.732    -0.0590      8.131    98.8429  7.9469966    26.6595  0.000e+00
     80.902     81.588     5.7337  33.125896    33.8256    219.814    -0.0590      8.131    98.8429  8.0463556    26.6584  0.000e+00
     81.077     81.764     5.7307  33.122602    33.8248    220.013    -0.0370      8.131    98.7654  7.9469966    26.6581  0.000e+00
     81.235     81.923     5.7239  33.116554    33.8246    220.955    -0.0517      8.131    98.7654  8.1125949    26.6588  0.000e+00
     81.287     81.976     5.7194  33.111823    33.8238    221.341    -0.0444      8.131    98.8171  9.0399453    26.6587  0.000e+00
     81.303     81.992     5.7154  33.108828    33.8244    221.004    -0.0444      8.131    98.4814  8.3775521    26.6597  0.000e+00
     81.208     81.896     5.7283  33.121225    33.8256    220.929    -0.0590      8.131    98.8171  7.7151590    26.6591  0.000e+00
     81.206     81.895     5.7316  33.123142    33.8244    221.453    -0.0590      8.131    98.8429  7.2183641    26.6578  0.000e+00
     81.445     82.135     5.6933  33.086195    33.8208    221.677    -0.0663      8.131    98.7654  7.1190051    26.6596  0.000e+00
     81.676     82.369     5.6656  33.060935    33.8199    221.479    -0.0517      8.132    98.6880  7.6158000    26.6622  0.000e+00
     81.618     82.310     5.6671  33.062191    33.8199    220.926    -0.0517      8.132    98.5588  8.2450735    26.6620  0.000e+00
     81.301     81.991     5.6883  33.082602    33.8219    219.714    -0.0517      8.131    98.7396  8.4106718    26.6610  0.000e+00
     80.939     81.626     5.7247  33.118529    33.8262    218.776    -0.0517      8.131    98.8687  8.0132359    26.6600  0.000e+00
     80.663     81.347     5.7455  33.136677    33.8261    218.834    -0.0590      8.131    98.8171  6.0260564    26.6574  0.000e+00
