Arg_L2_SF07_NV.cnv
* Sea-Bird SBE 9 Data File:
* FileName = S:\CTD_Data\CTD\Data\Argentina 2014\Data\Arg_L2_SF07.hex
* Software Version Seasave V 7.21g
* Temperature SN = 5769
* Conductivity SN = 4244
* Number of Bytes Per Scan = 31
* Number of Voltage Words = 4
* Number of Scans Averaged by the Deck Unit = 24
* NMEA Latitude = 45 56.70 S
* NMEA Longitude = 065 33.48 W
* NMEA UTC (Time) = Feb 07 2014 05:09:48
* NMEA baud rate = 9600
** R/V Coriolis II
** MARES project, ARGENTINA 2014
** Chief scientist : Dr. Gustavo Ferreyra
** Co-Chief scientist : Dr. José Luis Esteves
# nquan = 13
# nvalues = 803                                   
# units = specified
# name 0 = depSM: Depth [salt water, m]
# name 1 = prDM: Pressure, Digiquartz [db]
# name 2 = t090C: Temperature [ITS-90, deg C]
# name 3 = c0mS/cm: Conductivity [mS/cm]
# name 4 = sal00: Salinity, Practical [PSU]
# name 5 = sbeox0Mm/Kg: Oxygen, SBE 43 [umol/Kg]
# name 6 = flECO-AFL: Fluorescence, WET Labs ECO-AFL/FL [mg/m^3]
# name 7 = ph: pH
# name 8 = CStarTr0: Beam Transmission, WET Labs C-Star [%]
# name 9 = par: PAR/Irradiance, Biospherical/Licor
# name 10 = upoly0: Upoly 0, Nitrate
# name 11 = sigma-é00: Density [sigma-theta, Kg/m^3]
# name 12 = flag:  0.000e+00
# span 0 =     -0.420,     83.554                 
# span 1 =     -0.424,     84.263                 
# span 2 =     9.4864,    13.8041                 
# span 3 =   2.851500,  39.877244                 
# span 4 =     1.9289,    33.2850                 
# span 5 =    139.425,    274.501                 
# span 6 =    -0.1249,     1.0839                 
# span 7 =      7.819,      8.216                 
# span 8 =    46.7604,    97.5518                 
# span 9 = 1.0000e-12, 1.2321e+00                 
# span 10 = -0.7303538,  4.5687915                
# span 11 =     0.7874,    25.6984                
# span 12 = 0.0000e+00, 0.0000e+00                
# interval = seconds: 1
# start_time = Feb 07 2014 05:09:48 [NMEA time, header]
# bad_flag = -9.990e-29
*END*
[from data line 334]
     51.309     51.739    10.4178  36.657234    33.1299    187.233    -0.0150      7.971    84.3827 1.3173e-03  1.1243470    25.4221  0.000e+00
     51.216     51.647    10.4268  36.665211    33.1297    187.357    -0.0077      7.976    84.4344 1.5980e-03  2.1510564    25.4204  0.000e+00
     51.141     51.571    10.4356  36.672753    33.1294    187.062    -0.0224      7.976    84.5376 6.2223e-04  1.3230650    25.4187  0.000e+00
     50.897     51.324    10.4431  36.679172    33.1291    187.188    -0.0297      7.976    84.3827 3.0257e-03  1.0912274    25.4171  0.000e+00
     50.751     51.177    10.4486  36.683847    33.1288    187.582    -0.0297      7.976    84.1503 2.0221e-03  1.3230650    25.4160  0.000e+00
     51.308     51.739    10.4410  36.677491    33.1292    187.790    -0.0224      7.976    84.0729 1.8804e-03  2.1510564    25.4176  0.000e+00
     51.937     52.373    10.4244  36.663967    33.1304    187.616    -0.0297      7.976    84.1503 8.9907e-04  1.8529795    25.4214  0.000e+00
     51.801     52.236    10.4290  36.668205    33.1305    187.756    -0.0224      7.976    84.6926 2.3069e-03  1.7205009    25.4207  0.000e+00
     50.936     51.364    10.4402  36.677115    33.1297    187.690    -0.0224      7.976    84.2536 2.7370e-03  1.3230650    25.4181  0.000e+00
     50.043     50.463    10.4453  36.681226    33.1295    187.391    -0.0297      7.976    83.8663 8.9907e-04  0.7931504    25.4171  0.000e+00
     49.682     50.099    10.4486  36.683656    33.1291    187.789    -0.0224      7.976    83.7372 1.0381e-03  1.0249880    25.4162  0.000e+00
     50.152     50.573    10.4451  36.681165    33.1296    187.814    -0.0297      7.976    83.7888 2.0988e-04  2.8796889    25.4172  0.000e+00
     51.075     51.504    10.4409  36.678051    33.1299    187.596    -0.0297      7.976    83.4790 1.0000e-12  2.2172957    25.4181  0.000e+00
     51.981     52.417    10.4326  36.671073    33.1300    187.653    -0.0297      7.976    83.9437 1.0000e-12  0.8262701    25.4197  0.000e+00
     51.737     52.172    10.4356  36.674251    33.1306    187.634    -0.0370      7.976    84.3827 1.0000e-12  0.3957145    25.4196  0.000e+00
     50.623     51.048    10.4507  36.686528    33.1296    187.545    -0.0297      7.976    83.9696 1.0000e-12  2.1841761    25.4162  0.000e+00
     49.616     50.032    10.4543  36.688768    33.1290    187.926    -0.0297      7.976    83.5048 7.6046e-04  2.5484923    25.4151  0.000e+00
     49.365     49.779    10.4516  36.686648    33.1295    187.931    -0.0297      7.976    83.4790 8.9907e-04  1.9854581    25.4160  0.000e+00
     49.903     50.322    10.4497  36.685403    33.1298    187.695    -0.0370      7.981    83.5048 3.4694e-04 -0.1342000    25.4165  0.000e+00
     50.813     51.240    10.4541  36.689271    33.1292    187.700    -0.0370      7.976    83.3498 8.9907e-04  1.3230650    25.4154  0.000e+00
     51.673     52.107    10.4446  36.681606    33.1298    187.759    -0.0517      7.976    83.6081 7.6046e-04  0.9587487    25.4174  0.000e+00
     51.758     52.193    10.4392  36.677804    33.1309    187.362    -0.0370      7.976    84.0470 2.0988e-04  0.3625949    25.4192  0.000e+00
     51.228     51.658    10.4516  36.687839    33.1299    187.299    -0.0297      7.976    83.9179 3.4694e-04  0.3625949    25.4163  0.000e+00
     50.514     50.938    10.4571  36.691889    33.1292    187.517    -0.0297      7.976    83.4790 1.0381e-03  1.4886632    25.4148  0.000e+00
     50.255     50.677    10.4611  36.695379    33.1292    187.494    -0.0150      7.981    83.4273 8.9907e-04  1.9854581    25.4141  0.000e+00
     50.637     51.063    10.4603  36.694757    33.1292    187.926    -0.0224      7.981    83.4015 1.0000e-12  1.6873812    25.4143  0.000e+00
     51.099     51.528    10.4532  36.689148    33.1298    188.386    -0.0297      7.981    83.5306 3.4694e-04  1.1574667    25.4160  0.000e+00
     51.305     51.736    10.4528  36.688899    33.1298    188.136    -0.0370      7.981    83.8921 1.1775e-03  1.9854581    25.4160  0.000e+00
     51.478     51.910    10.4515  36.687840    33.1298    188.308    -0.0297      7.981    84.0729 3.4694e-04  0.2963556    25.4163  0.000e+00
     51.583     52.016    10.4505  36.686967    33.1299    187.896    -0.0297      7.981    84.0987 7.3199e-05  0.1638769    25.4165  0.000e+00
     51.426     51.858    10.4511  36.687466    33.1298    187.633    -0.0297      7.981    84.1245 1.4574e-03  0.7931504    25.4164  0.000e+00
     51.060     51.489    10.4576  36.692764    33.1295    187.854    -0.0150      7.981    83.9179 1.0000e-12  1.3230650    25.4149  0.000e+00
     50.731     51.157    10.4601  36.694820    33.1294    187.836    -0.0077      7.981    83.6339 2.0988e-04  1.0912274    25.4145  0.000e+00
     50.932     51.359    10.4591  36.694135    33.1295    188.264    -0.0297      7.981    83.6081 1.0000e-12  0.9256291    25.4147  0.000e+00
     51.628     52.062    10.4524  36.688651    33.1298    188.309    -0.0370      7.981    83.6081 7.3199e-05  0.5944325    25.4161  0.000e+00
     52.071     52.508    10.4406  36.679052    33.1307    188.111    -0.0370      7.981    83.8663 1.0000e-12 -0.3329179    25.4189  0.000e+00
     51.693     52.127    10.4534  36.689773    33.1300    188.049    -0.0370      7.981    84.2536 1.0000e-12 -0.3329179    25.4161  0.000e+00
     51.162     51.592    10.4595  36.694634    33.1295    188.431    -0.0370      7.981    83.7888 2.0988e-04  0.9918684    25.4147  0.000e+00
     51.053     51.482    10.4601  36.694883    33.1293    188.426    -0.0297      7.981    83.6081 3.4694e-04  1.4224239    25.4144  0.000e+00
     51.192     51.622    10.4586  36.693886    33.1296    188.179    -0.0297      7.981    83.6597 2.0988e-04  0.5613128    25.4149  0.000e+00
     51.341     51.772    10.4583  36.693762    33.1297    188.184    -0.0297      7.981    83.7113 2.0988e-04  0.6937915    25.4150  0.000e+00
     51.621     52.054    10.4557  36.691581    33.1297    188.201    -0.0370      7.981    83.7888 4.8439e-04  1.4224239    25.4155  0.000e+00
     52.087     52.524    10.4441  36.681795    33.1303    188.261    -0.0297      7.981    83.8921 2.0988e-04  1.9192188    25.4180  0.000e+00
     52.336     52.775    10.4380  36.676996    33.1309    187.871    -0.0297      7.981    84.2278 4.8439e-04  2.1179368    25.4194  0.000e+00
     52.023     52.460    10.4488  36.686283    33.1305    187.399    -0.0297      7.981    84.4860 6.2223e-04  1.1574667    25.4173  0.000e+00
     51.403     51.835    10.4560  36.691580    33.1295    187.613    -0.0370      7.981    83.7888 1.3173e-03  1.4555436    25.4153  0.000e+00
     50.940     51.368    10.4594  36.694384    33.1295    187.844    -0.0297      7.981    83.5306 1.0381e-03  2.0185778    25.4146  0.000e+00
     50.991     51.419    10.4612  36.696005    33.1295    188.258    -0.0297      7.981    83.5822 1.0381e-03  2.3828940    25.4143  0.000e+00
     51.519     51.952    10.4580  36.693513    33.1297    188.284    -0.0297      7.981    83.6855 1.3173e-03 -0.4322769    25.4150  0.000e+00
     52.183     52.621    10.4468  36.684102    33.1300    188.509    -0.0297      7.981    83.6339 4.8439e-04  0.7600308    25.4173  0.000e+00
     52.545     52.987    10.4376  36.676810    33.1310    188.555    -0.0224      7.981    83.9179 1.7390e-03  1.1905863    25.4196  0.000e+00
     52.234     52.673    10.4495  36.686783    33.1303    187.822    -0.0150      7.981    84.3311 3.4694e-04  1.4555436    25.4170  0.000e+00
     51.724     52.159    10.4553  36.691207    33.1297    187.787    -0.0297      7.981    83.8663 7.6046e-04  2.4160137    25.4155  0.000e+00
     51.631     52.065    10.4575  36.693077    33.1296    188.032    -0.0297      7.981    83.6855 7.3199e-05  2.3828940    25.4151  0.000e+00
     51.884     52.320    10.4544  36.690584    33.1298    188.051    -0.0224      7.981    83.7113 3.4694e-04  1.9523385    25.4157  0.000e+00
     51.821     52.256    10.4562  36.692205    33.1298    188.461    -0.0297      7.981    83.7113 3.4694e-04  1.3561846    25.4155  0.000e+00
     51.460     51.892    10.4593  36.694698    33.1297    188.440    -0.0297      7.981    83.6339 1.1775e-03  0.3957145    25.4148  0.000e+00
     51.554     51.987    10.4595  36.694760    33.1295    188.185    -0.0150      7.981    83.5564 7.3199e-05  1.4555436    25.4147  0.000e+00
     52.235     52.674    10.4509  36.687593    33.1298    188.237    -0.0297      7.981    83.5822 1.0000e-12  1.2237060    25.4164  0.000e+00
     52.596     53.038    10.4394  36.678493    33.1310    187.872    -0.0297      7.981    83.7113 1.0000e-12  1.2899453    25.4193  0.000e+00
     52.182     52.620    10.4553  36.691832    33.1301    187.797    -0.0297      7.981    84.0987 1.0000e-12  1.9854581    25.4158  0.000e+00
     51.805     52.240    10.4573  36.693016    33.1297    188.037    -0.0370      7.981    83.6597 1.0000e-12  1.8860991    25.4152  0.000e+00
     51.951     52.387    10.4575  36.693141    33.1295    188.460    -0.0370      7.981    83.5822 1.0000e-12  1.5217829    25.4150  0.000e+00
     52.207     52.646    10.4527  36.689339    33.1299    188.485    -0.0224      7.981    83.6855 1.0000e-12  1.4555436    25.4162  0.000e+00
     52.129     52.567    10.4545  36.691022    33.1300    188.219    -0.0224      7.981    83.7888 7.6046e-04  1.7205009    25.4159  0.000e+00
     51.805     52.240    10.4590  36.694387    33.1295    188.194    -0.0297      7.981    83.8405 4.8439e-04  1.7205009    25.4147  0.000e+00
     51.593     52.026    10.4604  36.695571    33.1295    188.602    -0.0077      7.981    83.6597 7.6046e-04  1.0249880    25.4145  0.000e+00
     51.738     52.173    10.4604  36.695696    33.1295    188.606     0.0655      7.981    83.6855 6.2223e-04  1.2568256    25.4145  0.000e+00
     52.186     52.624    10.4549  36.691022    33.1297    188.383    -0.0224      7.981    83.6339 1.0000e-12  1.6873812    25.4156  0.000e+00
     52.547     52.988    10.4470  36.684664    33.1303    188.004    -0.0297      7.981    83.7888 1.0000e-12  1.8198598    25.4174  0.000e+00
     52.431     52.871    10.4518  36.688966    33.1303    188.401    -0.0297      7.981    84.0729 1.0000e-12  1.2568256    25.4166  0.000e+00
     52.084     52.521    10.4581  36.693702    33.1295    188.204    -0.0370      7.981    83.8663 1.0000e-12  1.0249880    25.4149  0.000e+00
     51.990     52.427    10.4574  36.693266    33.1297    187.948    -0.0077      7.981    83.7888 1.0000e-12  0.9256291    25.4152  0.000e+00
     51.915     52.351    10.4583  36.694014    33.1297    188.199     0.0143      7.981    83.8146 1.0000e-12  0.8925094    25.4150  0.000e+00
     51.620     52.053    10.4605  36.695758    33.1296    188.183    -0.0150      7.981    83.7630 1.0000e-12  1.5217829    25.4146  0.000e+00
     51.476     51.909    10.4628  36.697504    33.1293    188.590    -0.0224      7.981    83.7113 1.0000e-12  1.6211419    25.4139  0.000e+00
     51.781     52.216    10.4619  36.696943    33.1294    188.601    -0.0077      7.981    83.6855 1.0000e-12  1.2568256    25.4142  0.000e+00
     52.334     52.774    10.4536  36.690087    33.1299    188.392    -0.0077      7.981    83.6081 1.0000e-12  0.0313983    25.4160  0.000e+00
     52.705     53.148    10.4455  36.683667    33.1306    188.434    -0.0297      7.981    83.8663 1.0000e-12 -0.1342000    25.4179  0.000e+00
     52.517     52.958    10.4524  36.689527    33.1303    187.981    -0.0370      7.981    84.0987 1.0000e-12 -0.1342000    25.4165  0.000e+00
     51.837     52.273    10.4602  36.695821    33.1298    187.933    -0.0370      7.981    83.8663 1.0000e-12  0.5613128    25.4148  0.000e+00
     51.234     51.665    10.4646  36.698874    33.1292    188.158    -0.0370      7.981    83.6081 1.0000e-12  1.7536205    25.4135  0.000e+00
     51.183     51.613    10.4647  36.699186    33.1294    188.575    -0.0297      7.981    83.5306 1.0000e-12  1.6873812    25.4136  0.000e+00
     51.421     51.853    10.4636  36.698376    33.1295    188.586    -0.0297      7.981    83.5048 1.0000e-12  0.9918684    25.4139  0.000e+00
     51.308     51.739    10.4635  36.698313    33.1295    188.327    -0.0150      7.981    83.5564 2.0988e-04  1.1574667    25.4140  0.000e+00
     50.745     51.171    10.4648  36.699060    33.1294    188.308    -0.0297      7.981    83.6081 1.0000e-12  1.4886632    25.4136  0.000e+00
     50.228     50.650    10.4662  36.700180    33.1295    188.290    -0.0297      7.981    83.6081 1.0000e-12  0.5613128    25.4135  0.000e+00
     49.748     50.166    10.4671  36.700740    33.1294    188.274    -0.0077      7.981    83.5048 1.0000e-12  0.5613128    25.4132  0.000e+00
     48.626     49.034    10.4702  36.702980    33.1293    188.235    -0.0077      7.981    83.5306 1.0000e-12  0.6275521    25.4126  0.000e+00
     47.065     47.460    10.4840  36.714511    33.1291    188.559    -0.0297      7.981    83.6081 1.0000e-12  0.8593897    25.4100  0.000e+00
     46.040     46.426    10.4864  36.715629    33.1284    188.943    -0.0297      7.985    83.7630 3.4694e-04  1.9854581    25.4091  0.000e+00
     45.993     46.379    10.4836  36.713509    33.1289    188.697    -0.0370      7.985    84.1503 1.0000e-12  0.8593897    25.4099  0.000e+00
     46.303     46.691    10.4847  36.714258    33.1285    188.445    -0.0297      7.985    84.3827 2.0988e-04  0.4950735    25.4095  0.000e+00
     46.205     46.593    10.4853  36.714944    33.1287    188.440    -0.0370      7.985    84.3311 2.0988e-04  0.0645179    25.4095  0.000e+00
     45.481     45.862    10.4961  36.727602    33.1318    188.791    -0.0297      7.985    84.8475 8.9907e-04 -0.0017214    25.4100  0.000e+00
     44.448     44.821    10.7208  36.940151    33.1410    188.231    -0.0297      7.994    85.5189 2.0988e-04  0.1307573    25.3782  0.000e+00
     43.212     43.574    10.9934  37.174489    33.1281    188.474    -0.0297      8.012    86.6550 1.1775e-03  1.1905863    25.3202  0.000e+00
     42.041     42.393    11.4636  37.621325    33.1465    190.219    -0.0077      8.038    88.6175 2.0988e-04  0.7600308    25.2500  0.000e+00
     41.373     41.720    11.2116  37.373798    33.1296    198.799    -0.0004      8.067    90.5799 7.3199e-05 -0.7303538    25.2823  0.000e+00
     41.429     41.776    11.4987  37.652372    33.1457    202.611    -0.0004      8.080    92.4133 1.0381e-03 -0.6309949    25.2429  0.000e+00
     41.888     42.239    11.5371  37.669065    33.1275    204.615    -0.0004      8.085    92.1551 2.4498e-03 -0.4653966    25.2218  0.000e+00
     41.953     42.305    11.7254  37.850748    33.1367    205.135     0.0069      8.084    92.6198 8.9907e-04 -0.4653966    25.1943  0.000e+00
     40.713     41.054    12.0009  38.125409    33.1588    206.596     0.0509      8.088    95.0729 1.0000e-12 -0.5978752    25.1601  0.000e+00
     38.851     39.176    12.4893  38.572620    33.1578    207.714     0.0729      8.104    95.1504 4.8439e-04 -0.7303538    25.0665  0.000e+00
     37.224     37.535    12.8301  38.888275    33.1597    210.695     0.0948      8.127    96.0025 2.7370e-03 -0.5316359    25.0018  0.000e+00
     36.485     36.790    12.9388  39.033490    33.2024    215.080     0.0875      8.149    96.5189 1.3173e-03 -0.4653966    25.0136  0.000e+00
     36.567     36.872    13.0359  39.089930    33.1707    217.819     0.1315      8.158    96.3898 2.0988e-04 -0.4653966    24.9699  0.000e+00
     36.948     37.257    12.9867  39.039558    33.1660    218.460     0.1168      8.159    96.6739 7.6046e-04 -0.4653966    24.9759  0.000e+00
     36.834     37.142    12.9829  39.088915    33.2162    217.729     0.1901      8.168    96.9579 3.4694e-04 -0.4653966    25.0155  0.000e+00
     35.860     36.160    13.3967  39.462918    33.2073    215.860     0.3219      8.175    96.2091 7.6046e-04 -0.4985162    24.9262  0.000e+00
