Arg_Leg3_G04_NV.cnv
* Sea-Bird SBE 9 Data File:
* FileName = S:\CTD_Data\CTD\Data\Argentina 2014\Data\Leg3\Arg_Leg3_G04.hex
* Software Version Seasave V 7.21g
* Temperature SN = 5769
* Conductivity SN = 4244
* Number of Bytes Per Scan = 31
* Number of Voltage Words = 4
* Number of Scans Averaged by the Deck Unit = 24
* NMEA Latitude = 45 30.04 S
* NMEA Longitude = 066 52.29 W
* NMEA UTC (Time) = Feb 15 2014 08:58:02
* NMEA baud rate = 9600
** R/V Coriolis II
** MARES project, ARGENTINA 2014
** Chief scientist : Dr. Gustavo Ferreyra
** Co-Chief scientist : Dr. José Luis Esteves
# nquan = 13
# nvalues = 579                                   
# units = specified
# name 0 = depSM: Depth [salt water, m]
# name 1 = prDM: Pressure, Digiquartz [db]
# name 2 = t090C: Temperature [ITS-90, deg C]
# name 3 = c0mS/cm: Conductivity [mS/cm]
# name 4 = sal00: Salinity, Practical [PSU]
# name 5 = sbeox0Mm/Kg: Oxygen, SBE 43 [umol/Kg]
# name 6 = flECO-AFL: Fluorescence, WET Labs ECO-AFL/FL [mg/m^3]
# name 7 = ph: pH
# name 8 = CStarTr0: Beam Transmission, WET Labs C-Star [%]
# name 9 = par: PAR/Irradiance, Biospherical/Licor
# name 10 = upoly0: Upoly 0, Nitrate
# name 11 = sigma-é00: Density [sigma-theta, Kg/m^3]
# name 12 = flag:  0.000e+00
# span 0 =     -0.097,     81.416                 
# span 1 =     -0.098,     82.102                 
# span 2 =     8.7861,    14.9495                 
# span 3 =   4.071783,  41.075316                 
# span 4 =     2.7359,    33.4598                 
# span 5 =    127.116,    269.036                 
# span 6 =    -0.1249,     0.9593                 
# span 7 =      7.736,      8.230                 
# span 8 =    38.7299,    97.8875                 
# span 9 = 1.0000e-12, 1.0033e+00                 
# span 10 = -0.7634735,  4.0719966                
# span 11 =     1.2471,    25.9167                
# span 12 = 0.0000e+00, 0.0000e+00                
# interval = seconds: 1
# start_time = Feb 15 2014 08:58:02 [NMEA time, header]
# bad_flag = -9.990e-29
*END*
[from data line 112]
     72.635     73.246     8.9002  35.583414    33.4250    135.683    -0.0150      7.778    72.2723 1.0000e-12 -0.5978752    25.9018  0.000e+00
     73.550     74.169     8.8780  35.563894    33.4251    135.547    -0.0150      7.773    72.6338 1.0000e-12 -0.6309949    25.9054  0.000e+00
     74.322     74.947     8.8593  35.547333    33.4251    135.736    -0.0297      7.773    73.0212 1.0000e-12 -0.6309949    25.9082  0.000e+00
     74.732     75.361     8.8432  35.533113    33.4252    135.742    -0.0224      7.769    73.3052 1.0000e-12 -0.6309949    25.9109  0.000e+00
     75.184     75.817     8.8259  35.517479    33.4249    135.176    -0.0224      7.769    73.3568 1.0000e-12 -0.6309949    25.9133  0.000e+00
     75.783     76.421     8.8077  35.501172    33.4248    133.987    -0.0297      7.764    72.6855 1.0000e-12 -0.6309949    25.9160  0.000e+00
     76.484     77.128     8.8036  35.497728    33.4246    132.754    -0.0224      7.755    69.4061 1.0000e-12 -0.6309949    25.9166  0.000e+00
     76.986     77.635     8.8011  35.495268    33.4242    131.634    -0.0150      7.750    64.8098 1.0000e-12 -0.6309949    25.9167  0.000e+00
     77.456     78.108     8.8020  35.495947    33.4238    130.043    -0.0150      7.750    59.7230 1.0000e-12  2.5484923    25.9162  0.000e+00
     77.931     78.588     8.7977  35.492072    33.4236    129.675    -0.0077      7.750    57.4765 1.0000e-12  0.9587487    25.9167  0.000e+00
     78.336     78.996     8.7976  35.491827    33.4233    129.584    -0.0004      7.745    56.1337 1.0000e-12 -0.6309949    25.9165  0.000e+00
     78.438     79.099     8.7981  35.492258    33.4232    128.906     0.0069      7.745    55.2042 1.0000e-12 -0.6309949    25.9163  0.000e+00
     78.641     79.304     8.8019  35.495336    33.4228    129.139     0.0069      7.745    54.9976 1.0000e-12 -0.6309949    25.9154  0.000e+00
     79.024     79.690     8.7946  35.488630    33.4224    129.408     0.0143      7.745    54.2746 1.0000e-12 -0.6309949    25.9163  0.000e+00
     79.197     79.865     8.7955  35.489676    33.4226    129.069     0.0069      7.745    53.8098 1.0000e-12 -0.6309949    25.9163  0.000e+00
     79.275     79.943     8.8007  35.493922    33.4221    129.175     0.0069      7.745    54.3520 1.0000e-12 -0.3329179    25.9151  0.000e+00
     79.612     80.283     8.8002  35.493554    33.4221    129.303     0.0069      7.745    53.5774 1.0000e-12  3.6083214    25.9151  0.000e+00
     80.060     80.735     8.7994  35.492756    33.4218    129.144    -0.0004      7.745    53.3192 1.0000e-12  2.3497744    25.9151  0.000e+00
     80.292     80.968     8.7985  35.492326    33.4221    129.440    -0.0004      7.745    53.2417 1.0000e-12  1.2568256    25.9154  0.000e+00
     80.197     80.873     8.7993  35.492572    33.4216    129.267     0.0069      7.745    53.7323 1.0000e-12  0.3625949    25.9149  0.000e+00
     80.287     80.964     8.7980  35.491588    33.4217    128.812     0.0069      7.745    52.6736 1.0000e-12 -0.6309949    25.9152  0.000e+00
     80.390     81.067     8.8006  35.493742    33.4215    129.097    -0.0004      7.745    52.8544 1.0000e-12 -0.6309949    25.9146  0.000e+00
     80.310     80.987     8.7969  35.489926    33.4210    129.397     0.0069      7.745    52.8802 1.0000e-12 -0.6309949    25.9149  0.000e+00
     80.154     80.830     8.7942  35.487711    33.4213    128.942     0.0143      7.745    52.1572 1.0000e-12 -0.6309949    25.9155  0.000e+00
     80.012     80.686     8.7943  35.487587    33.4212    128.940     0.0143      7.740    51.6666 1.0000e-12 -0.6309949    25.9154  0.000e+00
     79.996     80.671     8.7950  35.488079    33.4210    128.768     0.0216      7.745    52.0023 1.0000e-12 -0.6309949    25.9152  0.000e+00
     80.168     80.844     8.7946  35.487772    33.4210    128.772     0.0216      7.740    51.7957 1.0000e-12  0.8262701    25.9152  0.000e+00
     80.390     81.067     8.7940  35.487158    33.4208    128.609     0.0069      7.740    51.5633 1.0000e-12  2.4160137    25.9152  0.000e+00
     80.502     81.180     8.7944  35.487589    33.4208    128.609     0.0069      7.740    51.3825 1.0000e-12  2.4160137    25.9151  0.000e+00
     80.534     81.213     8.7942  35.487281    33.4207    128.441     0.0216      7.740    51.2793 1.0000e-12  2.3166547    25.9150  0.000e+00
     80.503     81.182     8.7922  35.485681    33.4209    128.446     0.0216      7.741    51.2534 1.0000e-12  1.5880222    25.9155  0.000e+00
     80.330     81.007     8.7932  35.486358    33.4208    128.731     0.0069      7.740    51.8215 1.0000e-12  0.6606718    25.9153  0.000e+00
     80.187     80.862     8.7975  35.489926    33.4206    128.256     0.0143      7.740    52.1055 1.0000e-12 -0.6309949    25.9144  0.000e+00
     80.218     80.894     8.7985  35.490910    33.4206    128.254     0.0069      7.745    51.4858 1.0000e-12 -0.6309949    25.9142  0.000e+00
     80.238     80.914     8.7972  35.489680    33.4205    128.548     0.0069      7.740    52.0797 1.0000e-12  0.9587487    25.9144  0.000e+00
     80.243     80.920     8.7932  35.486111    33.4205    128.560     0.0143      7.740    52.3379 1.0000e-12  1.0581077    25.9151  0.000e+00
     80.385     81.063     8.7910  35.484143    33.4205    128.569     0.0143      7.741    52.1055 1.0000e-12 -0.6309949    25.9154  0.000e+00
     80.630     81.309     8.7906  35.483713    33.4203    128.574     0.0143      7.741    51.5375 1.0000e-12  0.2632359    25.9152  0.000e+00
     80.657     81.336     8.7909  35.483898    33.4203    128.115     0.0143      7.741    50.7628 1.0000e-12 -0.2997983    25.9152  0.000e+00
     80.466     81.145     8.7916  35.484512    33.4203    128.110     0.0143      7.741    50.2464 1.0000e-12 -0.6309949    25.9151  0.000e+00
     80.458     81.136     8.7917  35.484389    33.4201    128.399     0.0216      7.741    51.2018 1.0000e-12 -0.5978752    25.9149  0.000e+00
     80.577     81.256     8.7900  35.483036    33.4202    127.947     0.0143      7.741    49.6267 1.0000e-12  0.8925094    25.9153  0.000e+00
     80.488     81.166     8.7923  35.485066    33.4202    127.938     0.0216      7.741    50.1173 1.0000e-12  0.8925094    25.9149  0.000e+00
     80.278     80.954     8.7934  35.485865    33.4201    128.222     0.0289      7.740    50.7370 1.0000e-12  1.2568256    25.9147  0.000e+00
     80.350     81.027     8.7925  35.483712    33.4187    128.227     0.0289      7.741    49.8591 1.0000e-12  1.8860991    25.9137  0.000e+00
     80.683     81.364     8.7899  35.482913    33.4201    128.239     0.0143      7.741    49.1877 1.0000e-12  3.4427231    25.9153  0.000e+00
     80.760     81.441     8.7892  35.482237    33.4201    128.243     0.0143      7.741    49.1619 1.0000e-12  1.8860991    25.9153  0.000e+00
     80.544     81.223     8.7895  35.482482    33.4201    127.778     0.0216      7.741    49.3426 1.0000e-12  1.9192188    25.9153  0.000e+00
     80.482     81.160     8.7912  35.483712    33.4198    127.773     0.0289      7.741    49.9107 1.0000e-12  1.8198598    25.9148  0.000e+00
     80.698     81.378     8.7913  35.483959    33.4199    128.066     0.0216      7.741    48.5680 1.0000e-12 -0.6309949    25.9149  0.000e+00
     80.773     81.454     8.7903  35.483098    33.4198    128.070     0.0143      7.741    48.4905 1.0000e-12  0.1307573    25.9150  0.000e+00
     80.573     81.252     8.7916  35.484205    33.4199    128.063     0.0216      7.741    50.2722 1.0000e-12  0.3957145    25.9148  0.000e+00
     80.525     81.203     8.7944  35.486604    33.4198    128.054     0.0216      7.740    49.6008 1.0000e-12  0.2632359    25.9143  0.000e+00
     80.732     81.412     8.7947  35.486913    33.4198    128.057     0.0143      7.740    48.7487 1.0000e-12 -0.6309949    25.9142  0.000e+00
     80.757     81.438     8.7943  35.486605    33.4198    128.059    -0.0004      7.740    49.7558 1.0000e-12 -0.6309949    25.9143  0.000e+00
     80.577     81.256     8.7944  35.486728    33.4199    128.055     0.0143      7.740    51.5633 1.0000e-12 -0.1342000    25.9143  0.000e+00
     80.571     81.250     8.7940  35.486235    33.4198    128.057     0.0216      7.740    50.4271 1.0000e-12  0.2632359    25.9144  0.000e+00
     80.747     81.428     8.7935  35.485928    33.4198    128.061     0.0143      7.740    49.7558 1.0000e-12  0.3294752    25.9145  0.000e+00
     80.857     81.538     8.7929  35.485375    33.4198    128.065    -0.0004      7.741    50.2464 1.0000e-12  3.8401590    25.9146  0.000e+00
     80.844     81.525     8.7926  35.485252    33.4199    128.065     0.0289      7.741    50.4788 1.0000e-12  0.8262701    25.9146  0.000e+00
     80.763     81.444     8.7943  35.486667    33.4198    128.059     0.0362      7.740    50.4530 1.0000e-12 -0.6309949    25.9143  0.000e+00
     80.743     81.424     8.7950  35.487220    33.4198    128.057     0.0289      7.740    50.8403 1.0000e-12 -0.5978752    25.9142  0.000e+00
     80.810     81.491     8.7953  35.487528    33.4198    128.057     0.0289      7.740    50.6079 1.0000e-12  0.1638769    25.9142  0.000e+00
     80.840     81.521     8.7937  35.486052    33.4198    128.063     0.0289      7.740    50.3497 1.0000e-12  1.9192188    25.9144  0.000e+00
     80.844     81.525     8.7933  35.485867    33.4200    128.064     0.0143      7.740    50.6079 1.0000e-12  1.3230650    25.9146  0.000e+00
     80.831     81.512     8.7906  35.483467    33.4199    128.071     0.0216      7.741    50.6337 1.0000e-12 -0.6309949    25.9150  0.000e+00
     80.756     81.437     8.7909  35.483529    33.4198    128.070     0.0289      7.741    50.6595 1.0000e-12 -0.4653966    25.9149  0.000e+00
     80.750     81.431     8.7945  35.486667    33.4197    128.059     0.0289      7.740    50.6079 1.0000e-12 -0.5978752    25.9142  0.000e+00
     80.857     81.538     8.7951  35.487159    33.4196    127.600     0.0289      7.740    50.7370 1.0000e-12 -0.5647556    25.9140  0.000e+00
     80.929     81.611     8.7947  35.487036    33.4198    127.602     0.0216      7.740    50.6337 1.0000e-12 -0.5316359    25.9142  0.000e+00
     80.889     81.571     8.7937  35.486052    33.4197    127.894     0.0289      7.740    50.5821 1.0000e-12 -0.6309949    25.9143  0.000e+00
     80.888     81.570     8.7880  35.480945    33.4197    127.911     0.0216      7.741    50.4788 1.0000e-12 -0.6309949    25.9152  0.000e+00
     81.030     81.713     8.7861  35.479223    33.4197    127.919     0.0216      7.741    50.1173 1.0000e-12 -0.6309949    25.9155  0.000e+00
     81.126     81.810     8.7876  35.480515    33.4196    127.917     0.0216      7.741    49.0844 1.0000e-12 -0.6309949    25.9152  0.000e+00
     80.984     81.667     8.7910  35.483468    33.4195    127.904     0.0289      7.741    48.7745 1.0000e-12 -0.6309949    25.9146  0.000e+00
     80.757     81.438     8.7926  35.484821    33.4195    127.896     0.0289      7.741    50.3238 1.0000e-12 -0.6309949    25.9143  0.000e+00
     80.737     81.418     8.7940  35.485990    33.4194    127.432     0.0143      7.740    50.5304 1.0000e-12  0.1307573    25.9140  0.000e+00
     81.020     81.703     8.7930  35.485314    33.4195    127.899     0.0143      7.740    48.8778 1.0000e-12  0.7600308    25.9143  0.000e+00
     81.169     81.853     8.7928  35.485130    33.4195    127.733     0.0069      7.741    49.4717 1.0000e-12  1.0249880    25.9143  0.000e+00
     80.966     81.649     8.7929  35.485314    33.4197    127.899     0.0216      7.741    50.8919 1.0000e-12  3.0784068    25.9144  0.000e+00
     80.842     81.524     8.7926  35.485067    33.4197    128.187     0.0143      7.741    50.6595 1.0000e-12  0.9587487    25.9145  0.000e+00
     81.009     81.691     8.7922  35.484637    33.4196    127.901     0.0143      7.741    49.8849 1.0000e-12 -0.3660376    25.9144  0.000e+00
     81.040     81.723     8.7910  35.483530    33.4195    127.446     0.0143      7.741    49.4717 1.0000e-12  0.4288342    25.9146  0.000e+00
     80.807     81.488     8.7913  35.483652    33.4195    127.441     0.0143      7.741    50.5821 1.0000e-12 -0.5978752    25.9145  0.000e+00
     80.827     81.508     8.7911  35.483406    33.4195    127.733     0.0216      7.741    49.4459 1.0000e-12  1.2568256    25.9146  0.000e+00
     81.183     81.868     8.7901  35.482730    33.4195    127.741     0.0216      7.741    48.5163 1.0000e-12  2.4160137    25.9147  0.000e+00
     81.236     81.921     8.7901  35.482792    33.4195    127.742     0.0143      7.741    48.6454 1.0000e-12  2.2504154    25.9147  0.000e+00
     80.915     81.597     8.7912  35.483591    33.4195    127.734     0.0216      7.741    49.1360 1.0000e-12  0.6275521    25.9146  0.000e+00
     80.833     81.514     8.7902  35.482668    33.4195    127.735     0.0216      7.741    49.8074 1.0000e-12 -0.2997983    25.9147  0.000e+00
     81.107     81.790     8.7895  35.482238    33.4196    127.742     0.0216      7.741    47.7417 1.0000e-12 -0.1010803    25.9149  0.000e+00
     81.220     81.905     8.7898  35.482423    33.4194    127.743     0.0216      7.741    48.3356 1.0000e-12  0.3957145    25.9147  0.000e+00
     80.969     81.651     8.7917  35.484083    33.4195    127.734     0.0289      7.741    50.3238 1.0000e-12 -0.2335590    25.9145  0.000e+00
     80.847     81.528     8.7939  35.485867    33.4193    127.266     0.0289      7.740    50.2980 1.0000e-12  1.3230650    25.9140  0.000e+00
     81.055     81.739     8.7914  35.483653    33.4193    127.277     0.0143      7.741    48.8262 1.0000e-12  2.1510564    25.9144  0.000e+00
     81.138     81.822     8.7907  35.483222    33.4195    127.570     0.0143      7.741    49.1102 1.0000e-12  2.3166547    25.9146  0.000e+00
     81.016     81.699     8.7897  35.482237    33.4195    127.571     0.0143      7.741    51.1501 1.0000e-12  0.7600308    25.9148  0.000e+00
     80.990     81.673     8.7903  35.482791    33.4194    128.028     0.0143      7.741    50.7112 1.0000e-12  1.5217829    25.9146  0.000e+00
     81.105     81.789     8.7896  35.482115    33.4193    128.033     0.0069      7.741    49.8591 1.0000e-12  3.2440051    25.9147  0.000e+00
     81.136     81.820     8.7922  35.484576    33.4194    127.735     0.0143      7.741    49.8849 1.0000e-12  4.0719966    25.9144  0.000e+00
     81.128     81.812     8.7934  35.485437    33.4193    127.732     0.0216      7.740    50.0398 2.0988e-04  0.7269111    25.9141  0.000e+00
     81.104     81.787     8.7885  35.481376    33.4196    127.746     0.0289      7.741    49.5234 1.0000e-12  0.7269111    25.9151  0.000e+00
     81.041     81.724     8.7875  35.480453    33.4197    127.748     0.0289      7.741    49.9365 1.0000e-12 -0.1342000    25.9153  0.000e+00
     81.006     81.689     8.7875  35.480453    33.4196    127.287     0.0289      7.741    49.7299 1.0000e-12 -0.1010803    25.9152  0.000e+00
     80.996     81.679     8.7870  35.479653    33.4193    127.289     0.0362      7.741    49.7299 1.0000e-12  1.1905863    25.9150  0.000e+00
     80.990     81.673     8.7869  35.479776    33.4195    127.579     0.0289      7.741    49.4459 1.0000e-12  2.8465692    25.9152  0.000e+00
     81.088     81.772     8.7870  35.479654    33.4192    127.581     0.0289      7.741    49.2652 1.0000e-12  0.6937915    25.9150  0.000e+00
     81.304     81.989     8.7867  35.479531    33.4193    127.585     0.0143      7.741    49.3426 1.0000e-12 -0.5316359    25.9151  0.000e+00
     81.416     82.102     8.7872  35.479839    33.4191    127.586     0.0216      7.741    48.9295 1.0000e-12 -0.5978752    25.9149  0.000e+00
     81.281     81.966     8.7882  35.480885    33.4193    127.121     0.0216      7.736    48.1806 1.0000e-12 -0.6309949    25.9149  0.000e+00
     81.138     81.822     8.7892  35.481684    33.4193    127.116     0.0289      7.741    47.7933 1.0000e-12  0.3957145    25.9147  0.000e+00
