Arg_Leg3_G03_NV.cnv
* Sea-Bird SBE 9 Data File:
* FileName = S:\CTD_Data\CTD\Data\Argentina 2014\Data\Leg3\Arg_Leg3_G03.hex
* Software Version Seasave V 7.21g
* Temperature SN = 5769
* Conductivity SN = 4244
* Number of Bytes Per Scan = 31
* Number of Voltage Words = 4
* Number of Scans Averaged by the Deck Unit = 24
* NMEA Latitude = 45 51.02 S
* NMEA Longitude = 066 53.42 W
* NMEA UTC (Time) = Feb 15 2014 02:12:51
* NMEA baud rate = 9600
** R/V Coriolis II
** MARES project, ARGENTINA 2014
** Chief scientist : Dr. Gustavo Ferreyra
** Co-Chief scientist : Dr. José Luis Esteves
# nquan = 13
# nvalues = 680                                   
# units = specified
# name 0 = depSM: Depth [salt water, m]
# name 1 = prDM: Pressure, Digiquartz [db]
# name 2 = t090C: Temperature [ITS-90, deg C]
# name 3 = c0mS/cm: Conductivity [mS/cm]
# name 4 = sal00: Salinity, Practical [PSU]
# name 5 = sbeox0Mm/Kg: Oxygen, SBE 43 [umol/Kg]
# name 6 = flECO-AFL: Fluorescence, WET Labs ECO-AFL/FL [mg/m^3]
# name 7 = ph: pH
# name 8 = CStarTr0: Beam Transmission, WET Labs C-Star [%]
# name 9 = par: PAR/Irradiance, Biospherical/Licor
# name 10 = upoly0: Upoly 0, Nitrate
# name 11 = sigma-é00: Density [sigma-theta, Kg/m^3]
# name 12 = flag:  0.000e+00
# span 0 =     -0.093,     80.102                 
# span 1 =     -0.094,     80.780                 
# span 2 =     8.5189,    15.1343                 
# span 3 =   3.408307,  41.286005                 
# span 4 =     2.2456,    33.4442                 
# span 5 =    123.450,    273.435                 
# span 6 =    -0.1249,     2.8861                 
# span 7 =      7.713,      8.238                 
# span 8 =    40.6665,    96.4673                 
# span 9 = 1.0000e-12, 7.3447e-01                 
# span 10 = -0.6972342,  9.2386632                
# span 11 =     0.8166,    25.9587                
# span 12 = 0.0000e+00, 0.0000e+00                
# interval = seconds: 1
# start_time = Feb 15 2014 02:12:51 [NMEA time, header]
# bad_flag = -9.990e-29
*END*
[from data line 334]
     46.810     47.202     9.3853  35.996269    33.4107    138.788     0.0143      7.824    86.6292 3.0257e-03 -0.6972342    25.8131  0.000e+00
     46.262     46.650     9.4049  36.010314    33.4072    139.659     0.0143      7.838    86.9649 4.7929e-03 -0.6972342    25.8072  0.000e+00
     45.612     45.994     9.4472  36.038287    33.3969    141.780     0.0143      7.857    87.8945 3.7548e-03 -0.6309949    25.7923  0.000e+00
     44.892     45.268     9.4800  36.062306    33.3914    144.964     0.0069      7.866    88.0752 2.1643e-03 -0.4985162    25.7826  0.000e+00
     44.054     44.423     9.5321  36.105533    33.3877    148.561    -0.0077      7.871    87.7912 1.8804e-03 -0.5978752    25.7713  0.000e+00
     43.093     43.453     9.6204  36.175992    33.3784    152.066    -0.0150      7.870    87.8428 3.7548e-03 -0.4653966    25.7495  0.000e+00
     42.158     42.510     9.7159  36.257738    33.3739    152.972    -0.0150      7.875    87.9978 4.6433e-03 -0.6641145    25.7304  0.000e+00
     41.502     41.849     9.8176  36.340364    33.3644    152.469     0.0069      7.884    88.2043 3.4620e-03 -0.4653966    25.7061  0.000e+00
     41.251     41.596     9.8801  36.391492    33.3588    152.331    -0.0077      7.888    88.5400 4.7929e-03 -0.6641145    25.6914  0.000e+00
     40.994     41.337     9.8866  36.398327    33.3599    153.782    -0.0150      7.888    88.5658 3.6082e-03  3.5752017    25.6912  0.000e+00
     40.211     40.547     9.8786  36.393477    33.3627    157.096     0.0069      7.898    89.7020 4.6433e-03  1.9192188    25.6946  0.000e+00
     39.026     39.352     9.9314  36.447929    33.3699    158.771     0.0216      7.907    90.1151 4.6433e-03 -0.4653966    25.6915  0.000e+00
     37.933     38.250    10.1800  36.670180    33.3667    158.498     0.0362      7.925    89.9086 3.3161e-03 -0.4985162    25.6471  0.000e+00
     37.213     37.524    10.5692  37.047054    33.3893    159.458     0.0655      7.943    91.3546 4.0493e-03 -0.4653966    25.5979  0.000e+00
     36.794     37.101    11.4980  37.906454    33.3976    160.221     0.1022      7.954    92.1809 4.4942e-03 -0.4653966    25.4387  0.000e+00
     36.416     36.720    12.0269  38.383107    33.3872    165.155     0.1828      7.971    92.1551 5.3953e-03 -0.4985162    25.3325  0.000e+00
     35.774     36.073    12.2827  38.621117    33.3890    172.726     0.2487      8.026    94.2983 3.9018e-03 -0.4985162    25.2853  0.000e+00
     34.802     35.093    12.5596  38.880769    33.3923    178.035     0.2487      8.062    94.5565 4.9428e-03 -0.4985162    25.2347  0.000e+00
     33.765     34.047    13.3023  39.568968    33.3904    179.317     0.2707      8.097    94.3499 3.7548e-03 -0.4653966    25.0868  0.000e+00
     32.944     33.219    13.6381  39.858800    33.3686    184.515     0.3366      8.128    95.1504 2.7370e-03 -0.4653966    25.0020  0.000e+00
     32.465     32.736    14.2145  40.404547    33.3744    189.386     0.3732      8.130    95.4602 2.7370e-03 -0.4653966    24.8873  0.000e+00
     32.048     32.315    14.3648  40.544615    33.3737    197.670     0.5857      8.116    95.0213 2.4498e-03 -0.4985162    24.8552  0.000e+00
     31.264     31.525    14.1594  40.369688    33.3904    206.205     1.0765      8.145    94.2983 5.2440e-03 -0.4653966    24.9112  0.000e+00
     30.139     30.391    14.4162  40.622513    33.4016    206.724     1.2450      8.176    94.5823 4.6433e-03 -0.4653966    24.8658  0.000e+00
     29.128     29.371    14.4818  40.681364    33.3994    206.766     1.3549      8.190    94.1692 3.4620e-03 -0.4653966    24.8502  0.000e+00
     28.603     28.841    14.6583  40.845572    33.3978    207.616     1.5454      8.193    93.0588 2.1643e-03 -0.4653966    24.8113  0.000e+00
     28.744     28.983    14.4216  40.619908    33.3950    210.543     1.6480      8.190    92.5940 1.7390e-03 -0.4985162    24.8595  0.000e+00
     28.761     29.001    14.6753  40.874282    33.4093    210.722     1.8970      8.189    91.8968 3.0257e-03 -0.4653966    24.8166  0.000e+00
     28.440     28.677    14.7079  40.897460    33.4026    210.489     2.2633      8.198    92.2583 3.0257e-03 -0.4653966    24.8045  0.000e+00
     28.029     28.263    14.6995  40.892380    33.4053    211.337     2.4758      8.203    92.3100 1.7390e-03 -0.4653966    24.8083  0.000e+00
     27.868     28.100    14.7595  40.953870    33.4099    212.687     2.5051      8.207    92.1551 1.5980e-03 -0.4653966    24.7990  0.000e+00
     27.998     28.231    14.7834  40.977134    33.4104    213.683     2.2267      8.207    92.2067 2.4498e-03 -0.4985162    24.7943  0.000e+00
     28.279     28.515    14.7456  40.940710    33.4096    214.477     2.3732      8.212    91.9485 6.2223e-04 -0.4653966    24.8018  0.000e+00
     28.353     28.589    14.7374  40.934652    33.4112    214.303     2.4904      8.212    91.7677 4.8439e-04 -0.4653966    24.8048  0.000e+00
     28.090     28.324    14.7489  40.948137    33.4137    213.735     2.2194      8.212    91.7677 2.5932e-03 -0.4653966    24.8042  0.000e+00
     27.841     28.073    14.7854  40.985868    33.4168    213.628     2.3659      8.212    91.5353 1.0381e-03 -0.4653966    24.7987  0.000e+00
     27.913     28.146    14.7664  40.964687    33.4138    214.838     2.5930      8.216    91.5612 1.0000e-12 -0.4653966    24.8006  0.000e+00
     28.094     28.328    14.7479  40.948529    33.4149    214.691     2.4758      8.216    91.5870 1.5980e-03 -0.4653966    24.8053  0.000e+00
     28.083     28.317    14.7492  40.951265    33.4162    214.408     2.3146      8.216    91.6903 8.9907e-04 -0.4653966    24.8061  0.000e+00
     27.894     28.126    14.7736  40.977396    33.4192    214.779     2.3000      8.216    91.6386 1.1775e-03 -0.4653966    24.8031  0.000e+00
     27.740     27.971    14.8041  41.007183    33.4202    214.936     2.4318      8.216    91.4062 1.3173e-03 -0.5647556    24.7974  0.000e+00
     27.706     27.937    14.8131  41.017941    33.4223    214.851     2.6882      8.216    91.3804 1.0000e-12 -0.4985162    24.7970  0.000e+00
     27.765     27.996    14.8154  41.020940    33.4230    215.812     2.8861      8.216    91.4062 7.6046e-04 -0.4653966    24.7971  0.000e+00
     27.871     28.103    14.8015  41.005619    33.4209    215.690     2.7395      8.216    91.5612 1.8804e-03 -0.4985162    24.7985  0.000e+00
     27.940     28.173    14.8044  41.012335    33.4245    215.591     2.6882      8.216    91.4837 2.8812e-03 -0.4985162    24.8006  0.000e+00
     27.820     28.052    14.8115  41.018528    33.4241    215.894     2.4904      8.216    91.3804 1.3173e-03 -0.4653966    24.7988  0.000e+00
     27.586     27.816    14.8220  41.030264    33.4258    215.124     2.5857      8.221    91.3288 2.0988e-04 -0.6309949    24.7978  0.000e+00
     27.498     27.727    14.8717  41.079703    33.4282    215.387     2.4978      8.220    91.2513 1.8804e-03 -0.4985162    24.7890  0.000e+00
     27.604     27.834    14.8595  41.065873    33.4260    215.971     2.7249      8.220    91.2513 1.0000e-12 -0.4985162    24.7899  0.000e+00
     27.706     27.937    14.8218  41.030199    33.4259    216.772     2.6809      8.221    91.2771 1.0000e-12 -0.4653966    24.7980  0.000e+00
     27.622     27.853    14.8171  41.026026    33.4262    216.264     2.4758      8.221    91.1480 1.0000e-12 -0.4653966    24.7992  0.000e+00
     27.430     27.659    14.8159  41.024982    33.4264    215.696     2.3219      8.221    91.2771 1.0000e-12 -0.4653966    24.7996  0.000e+00
     27.322     27.549    14.8220  41.031241    33.4268    215.855     2.3293      8.221    91.2513 7.3199e-05 -0.4985162    24.7986  0.000e+00
     27.372     27.601    14.8177  41.026155    33.4259    216.214     2.4978      8.221    91.1997 2.0988e-04 -0.4985162    24.7989  0.000e+00
     27.484     27.713    14.8113  41.020353    33.4261    215.907     2.6370      8.221    91.3029 1.4574e-03 -0.4653966    24.8003  0.000e+00
     27.495     27.724    14.8061  41.015463    33.4261    216.753     2.6077      8.221    91.2513 1.7390e-03 -0.4653966    24.8015  0.000e+00
     27.308     27.535    14.8397  41.051980    33.4305    215.772     2.3293      8.221    91.1997 1.7390e-03 -0.4985162    24.7976  0.000e+00
     27.093     27.319    14.8903  41.101363    33.4321    214.980     2.3146      8.220    91.0189 1.4574e-03 -0.4653966    24.7879  0.000e+00
     27.068     27.293    14.9316  41.142546    33.4340    217.373     2.7102      8.220    90.8640 7.3199e-05 -0.5647556    24.7805  0.000e+00
     27.203     27.430    14.9426  41.151621    33.4328    218.001     2.4465      8.220    90.9156 8.9907e-04 -0.4985162    24.7772  0.000e+00
     27.319     27.547    14.9105  41.119832    33.4314    218.028     2.5491      8.225    90.9156 4.8439e-04 -0.4653966    24.7831  0.000e+00
     27.278     27.505    14.9151  41.126555    33.4336    217.963     2.4318      8.225    90.9156 7.3199e-05 -0.4653966    24.7838  0.000e+00
     27.189     27.415    14.9331  41.140914    33.4312    217.992     2.3732      8.225    90.8898 2.0988e-04 -0.4653966    24.7780  0.000e+00
     27.188     27.414    14.9413  41.147377    33.4301    218.105     2.4904      8.225    90.8123 4.8439e-04 -0.4653966    24.7754  0.000e+00
     27.264     27.491    14.8643  41.076114    33.4314    218.404     2.5930      8.225    90.8640 6.2223e-04 -0.4985162    24.7930  0.000e+00
     27.306     27.534    14.8722  41.085835    33.4334    217.843     2.5710      8.225    90.8898 1.0000e-12 -0.4985162    24.7929  0.000e+00
     27.275     27.502    14.8937  41.107041    33.4342    216.887     2.5710      8.220    90.9931 7.3199e-05 -0.4653966    24.7889  0.000e+00
     27.244     27.471    14.9074  41.120485    33.4347    217.014     2.6443      8.225    90.8381 1.0000e-12 -0.4653966    24.7863  0.000e+00
     27.147     27.373    14.9035  41.117352    33.4353    217.403     2.5710      8.225    90.9156 1.0000e-12 -0.4653966    24.7875  0.000e+00
     26.645     26.867    14.9231  41.136474    33.4360    217.303     2.3293      8.225    90.8640 1.0000e-12 -0.4985162    24.7838  0.000e+00
     26.055     26.272    14.9479  41.157296    33.4339    217.851     2.5271      8.225    90.8123 1.0000e-12 -0.4653966    24.7768  0.000e+00
     25.331     25.542    14.9783  41.179819    33.4285    218.709     2.6370      8.225    90.7865 1.0000e-12 -0.4985162    24.7661  0.000e+00
     24.413     24.616    14.9939  41.190460    33.4252    218.915     2.6077      8.229    90.8123 2.0988e-04 -0.4985162    24.7602  0.000e+00
     23.542     23.738    15.0159  41.204955    33.4198    218.909     2.3219      8.229    90.8123 1.0000e-12 -0.4985162    24.7512  0.000e+00
     22.997     23.188    15.0325  41.215796    33.4156    219.788     2.1095      8.229    90.8640 1.0000e-12 -0.4653966    24.7443  0.000e+00
     22.694     22.882    15.0447  41.223765    33.4126    220.357     1.8824      8.229    90.9414 1.0000e-12 -0.4653966    24.7393  0.000e+00
     22.214     22.398    15.0510  41.228074    33.4113    220.906     1.6773      8.229    91.0189 1.0000e-12 -0.4653966    24.7370  0.000e+00
     21.398     21.576    15.0547  41.230684    33.4108    221.308     1.5820      8.229    91.0447 1.0000e-12 -0.4653966    24.7357  0.000e+00
     20.448     20.618    15.0652  41.237606    33.4085    221.161     1.4428      8.229    91.0705 1.0000e-12 -0.4653966    24.7316  0.000e+00
     19.560     19.723    15.0746  41.244659    33.4071    221.869     1.6260      8.229    91.2255 1.0000e-12 -0.4653966    24.7285  0.000e+00
     18.853     19.010    15.0862  41.252106    33.4042    221.099     1.7652      8.229    91.4062 1.0000e-12 -0.4653966    24.7237  0.000e+00
     18.402     18.555    15.0893  41.254260    33.4037    220.997     1.6846      8.233    91.5095 1.0000e-12 -0.4653966    24.7227  0.000e+00
     18.110     18.260    15.0869  41.252821    33.4045    220.851     1.4868      8.233    91.5353 1.0000e-12 -0.4985162    24.7238  0.000e+00
     17.603     17.750    15.0825  41.249552    33.4056    220.816     1.4721      8.233    91.6644 6.2223e-04 -0.4653966    24.7255  0.000e+00
     16.757     16.896    15.1065  41.267193    33.4013    221.542     1.2743      8.233    91.5870 2.0988e-04 -0.4985162    24.7170  0.000e+00
     15.847     15.979    15.1078  41.267124    33.4006    221.990     1.2743      8.233    91.7936 1.0000e-12 -0.4653966    24.7161  0.000e+00
     15.164     15.290    15.1020  41.262939    33.4019    221.625     1.3036      8.233    91.8968 1.0000e-12 -0.5316359    24.7184  0.000e+00
     14.707     14.829    15.1066  41.266662    33.4016    220.891     1.2670      8.233    91.8710 6.2223e-04 -0.5316359    24.7171  0.000e+00
     14.180     14.298    15.1179  41.274503    33.3992    222.156     1.2157      8.233    91.7936 6.2223e-04 -0.4653966    24.7128  0.000e+00
     13.451     13.562    15.1206  41.276265    33.3988    221.646     1.1644      8.233    91.8968 7.3199e-05 -0.5647556    24.7119  0.000e+00
     12.709     12.814    15.1204  41.276001    33.3990    221.550     1.1498      8.233    91.9485 1.5980e-03 -0.5647556    24.7121  0.000e+00
     12.091     12.192    15.1212  41.276194    33.3988    220.905     1.3183      8.233    91.9227 2.0221e-03 -0.4653966    24.7117  0.000e+00
     11.543     11.639    15.1207  41.275669    33.3990    221.516     1.2817      8.233    91.9485 3.0257e-03 -0.4653966    24.7120  0.000e+00
     10.996     11.087    15.1178  41.273575    33.3997    221.735     1.2230      8.233    92.0259 3.4620e-03 -0.4653966    24.7131  0.000e+00
     10.378     10.464    15.1175  41.273050    33.3997    221.828     1.1205      8.233    92.0001 5.2440e-03 -0.4985162    24.7132  0.000e+00
      9.758      9.839    15.1200  41.274812    33.3995    222.315     1.1718      8.233    91.9485 7.4005e-03 -0.5647556    24.7125  0.000e+00
      9.193      9.269    15.1217  41.275725    33.3991    220.931     1.2157      8.233    91.9485 8.0324e-03 -0.5647556    24.7117  0.000e+00
      8.541      8.612    15.1240  41.277029    33.3985    221.050     1.2230      8.233    91.9743 1.1807e-02 -0.4985162    24.7108  0.000e+00
      7.831      7.896    15.1194  41.273432    33.3995    221.602     1.1718      8.233    92.0259 9.4805e-03 -0.4653966    24.7125  0.000e+00
      7.225      7.285    15.1190  41.273103    33.3997    221.733     1.1571      8.233    92.0518 1.2660e-02 -0.4653966    24.7128  0.000e+00
      6.775      6.832    15.1269  41.278395    33.3979    221.688     1.1791      8.233    92.0001 1.5653e-02 -0.4653966    24.7096  0.000e+00
      6.587      6.641    15.1293  41.279963    33.3974    221.819     1.1644      8.233    91.9743 1.5294e-02 -0.4985162    24.7087  0.000e+00
      6.457      6.511    15.1292  41.279897    33.3975    221.816     1.1278      8.233    92.0001 1.2147e-02 -0.5978752    24.7088  0.000e+00
      6.381      6.434    15.1287  41.279701    33.3978    221.632     1.1498      8.233    92.1551 1.6196e-02 -0.5978752    24.7091  0.000e+00
      6.601      6.656    15.1292  41.280224    33.3977    221.636     1.0912      8.233    92.1034 1.3526e-02 -0.5978752    24.7090  0.000e+00
      6.848      6.904    15.1295  41.280618    33.3977    221.311     1.0326      8.233    92.0001 1.3178e-02 -0.4985162    24.7089  0.000e+00
      6.666      6.721    15.1304  41.281467    33.3978    221.632     1.0252      8.233    92.0518 7.0872e-03 -0.5647556    24.7087  0.000e+00
      6.236      6.288    15.1294  41.280681    33.3981    222.469     1.0692      8.233    92.1034 4.4942e-03 -0.5978752    24.7092  0.000e+00
      6.221      6.272    15.1292  41.280746    33.3984    221.955     1.0692      8.233    92.0776 1.8804e-03 -0.5978752    24.7095  0.000e+00
      6.524      6.578    15.1264  41.278329    33.3984    221.607     1.0179      8.233    92.0518 2.3069e-03 -0.5978752    24.7101  0.000e+00
