Arg_Leg3_G10_NV.cnv
* Sea-Bird SBE 9 Data File:
* FileName = S:\CTD_Data\CTD\Data\Argentina 2014\Data\Leg3\Arg_Leg3_G10.hex
* Software Version Seasave V 7.21g
* Temperature SN = 5769
* Conductivity SN = 4244
* Number of Bytes Per Scan = 31
* Number of Voltage Words = 4
* Number of Scans Averaged by the Deck Unit = 24
* NMEA Latitude = 46 56.60 S
* NMEA Longitude = 066 12.59 W
* NMEA UTC (Time) = Feb 14 2014 12:54:44
* NMEA baud rate = 9600
** R/V Coriolis II
** MARES project, ARGENTINA 2014
** Chief scientist : Dr. Gustavo Ferreyra
** Co-Chief scientist : Dr. José Luis Esteves
# nquan = 13
# nvalues = 239                                   
# units = specified
# name 0 = depSM: Depth [salt water, m]
# name 1 = prDM: Pressure, Digiquartz [db]
# name 2 = t090C: Temperature [ITS-90, deg C]
# name 3 = c0mS/cm: Conductivity [mS/cm]
# name 4 = sal00: Salinity, Practical [PSU]
# name 5 = sbeox0Mm/Kg: Oxygen, SBE 43 [umol/Kg]
# name 6 = flECO-AFL: Fluorescence, WET Labs ECO-AFL/FL [mg/m^3]
# name 7 = ph: pH
# name 8 = CStarTr0: Beam Transmission, WET Labs C-Star [%]
# name 9 = par: PAR/Irradiance, Biospherical/Licor
# name 10 = upoly0: Upoly 0, Nitrate
# name 11 = sigma-é00: Density [sigma-theta, Kg/m^3]
# name 12 = flag:  0.000e+00
# span 0 =     -0.030,     34.448                 
# span 1 =     -0.030,     34.739                 
# span 2 =    14.1412,    14.4915                 
# span 3 =   4.683802,  40.120256                 
# span 4 =     3.2080,    33.1178                 
# span 5 =    177.989,    276.363                 
# span 6 =    -0.1396,    28.7542                 
# span 7 =      7.727,      8.181                 
# span 8 =    48.4905,    81.6198                 
# span 9 = 1.0000e-12, 9.8590e+02                 
# span 10 = -0.6972342,  41.695928                
# span 11 =     1.6711,    24.7040                
# span 12 = 0.0000e+00, 0.0000e+00                
# interval = seconds: 1
# start_time = Feb 14 2014 12:54:44 [NMEA time, header]
# bad_flag = -9.990e-29
*END*
      1.971      1.988    14.2131  40.110817    33.1172    204.391     0.6077      8.154    74.2606 6.5907e+01 -0.6641145    24.6881  0.000e+00
      1.963      1.979    14.2133  40.110882    33.1171    206.462     0.6150      8.154    74.4155 6.3899e+01 -0.6972342    24.6880  0.000e+00
      1.731      1.745    14.2126  40.109976    33.1170    201.970     0.6003      8.154    74.3122 7.4383e+01 -0.6972342    24.6881  0.000e+00
      1.515      1.528    14.2129  40.110234    33.1171    200.789     0.6003      8.154    74.2606 9.0572e+01 -0.6309949    24.6881  0.000e+00
      1.745      1.759    14.2125  40.110170    33.1172    205.067     0.6150      8.154    74.4155 6.4079e+01 -0.6309949    24.6883  0.000e+00
      2.237      2.256    14.2127  40.110625    33.1173    205.079     0.5857      8.154    73.7700 5.2919e+01 -0.6641145    24.6883  0.000e+00
      2.008      2.025    14.2125  40.110171    33.1171    205.477     0.5930      8.154    73.6667 6.0572e+01 -0.6972342    24.6882  0.000e+00
      1.549      1.562    14.2121  40.109653    33.1172    203.740     0.5930      8.154    73.8474 7.9802e+01 -0.6641145    24.6883  0.000e+00
      1.608      1.621    14.2120  40.109524    33.1171    203.649     0.5784      8.154    73.2794 6.9331e+01 -0.6309949    24.6883  0.000e+00
      1.791      1.806    14.2116  40.109266    33.1171    205.325     0.5784      8.154    73.2277 7.8026e+01 -0.6972342    24.6884  0.000e+00
      2.133      2.151    14.2112  40.109138    33.1172    206.671     0.5784      8.154    73.6151 6.3183e+01 -0.6972342    24.6885  0.000e+00
      2.413      2.433    14.2109  40.108945    33.1172    204.561     0.5930      8.154    73.6151 5.2622e+01 -0.6972342    24.6886  0.000e+00
      2.302      2.321    14.2111  40.109010    33.1172    205.305     0.6077      8.154    73.8474 5.8397e+01 -0.6972342    24.6885  0.000e+00
      2.491      2.511    14.2111  40.109140    33.1172    203.871     0.6150      8.154    73.8474 6.0232e+01 -0.6972342    24.6886  0.000e+00
      3.203      3.230    14.2116  40.109918    33.1172    203.944     0.6077      8.154    73.6409 4.1896e+01 -0.6972342    24.6885  0.000e+00
      3.784      3.815    14.2149  40.113086    33.1170    202.553     0.5784      8.158    73.6925 3.1705e+01 -0.6972342    24.6877  0.000e+00
      4.003      4.037    14.2138  40.112118    33.1170    203.012     0.5710      8.158    73.6925 2.7853e+01 -0.6641145    24.6879  0.000e+00
      4.019      4.053    14.2116  40.110244    33.1172    206.662     0.5857      8.158    73.8991 2.9800e+01 -0.6641145    24.6885  0.000e+00
      4.239      4.274    14.2134  40.112312    33.1174    204.690     0.6223      8.158    73.8991 2.7931e+01 -0.6641145    24.6883  0.000e+00
      4.861      4.902    14.2151  40.113865    33.1171    202.833     0.6223      8.158    73.7700 2.2868e+01 -0.6641145    24.6877  0.000e+00
      5.469      5.514    14.2151  40.114191    33.1172    206.051     0.5710      8.158    73.7958 1.8722e+01 -0.6641145    24.6878  0.000e+00
      6.028      6.078    14.2143  40.113741    33.1173    207.152     0.5710      8.158    74.1573 1.5719e+01 -0.6641145    24.6881  0.000e+00
      6.625      6.681    14.2159  40.115488    33.1173    203.715     0.5710      8.158    74.2089 1.3309e+01 -0.6641145    24.6877  0.000e+00
      7.205      7.265    14.2153  40.115167    33.1172    204.377     0.5564      8.158    73.9766 1.1989e+01 -0.6641145    24.6878  0.000e+00
      7.857      7.923    14.2109  40.111228    33.1171    205.590     0.5417      8.158    74.1315 1.0892e+01 -0.6641145    24.6887  0.000e+00
      8.649      8.722    14.1983  40.100119    33.1174    204.036     0.5417      8.163    74.0282 9.2982e+00 -0.6641145    24.6916  0.000e+00
      9.385      9.463    14.1877  40.090626    33.1175    203.405     0.5710      8.163    74.1315 8.0497e+00 -0.6641145    24.6939  0.000e+00
      9.960     10.043    14.1861  40.089336    33.1174    205.056     0.6077      8.163    74.0024 7.4788e+00 -0.6309949    24.6942  0.000e+00
     10.512     10.600    14.1815  40.085204    33.1174    203.751     0.6003      8.163    74.0282 6.9877e+00 -0.6309949    24.6951  0.000e+00
     11.216     11.310    14.1706  40.075518    33.1175    201.489     0.6003      8.163    74.1831 6.0136e+00 -0.6309949    24.6975  0.000e+00
     11.943     12.043    14.1664  40.071969    33.1175    203.203     0.6003      8.163    74.0798 5.1305e+00 -0.6309949    24.6984  0.000e+00
     12.480     12.585    14.1659  40.071583    33.1174    202.816     0.6150      8.168    73.7442 4.7250e+00 -0.6309949    24.6985  0.000e+00
     13.009     13.118    14.1656  40.071521    33.1173    203.131     0.6150      8.168    73.3827 4.3021e+00 -0.6309949    24.6985  0.000e+00
     13.796     13.912    14.1654  40.071782    33.1175    204.634     0.6150      8.168    73.3568 3.4160e+00 -0.6309949    24.6986  0.000e+00
     14.609     14.732    14.1649  40.071656    33.1174    201.486     0.5930      8.168    73.0986 2.6643e+00 -0.6309949    24.6987  0.000e+00
     15.161     15.288    14.1648  40.071400    33.1171    201.107     0.6077      8.168    72.7888 2.4589e+00 -0.6309949    24.6986  0.000e+00
     15.677     15.809    14.1637  40.070885    33.1174    203.744     0.6223      8.168    72.8146 2.3690e+00 -0.6309949    24.6990  0.000e+00
     16.446     16.584    14.1631  40.070566    33.1173    205.156     0.6003      8.168    73.0986 1.8605e+00 -0.6309949    24.6991  0.000e+00
     17.244     17.389    14.1615  40.069471    33.1173    202.506     0.5710      8.168    72.9695 1.3527e+00 -0.6309949    24.6995  0.000e+00
     17.788     17.938    14.1610  40.069085    33.1172    202.775     0.5857      8.168    72.9695 1.1896e+00 -0.6309949    24.6995  0.000e+00
     18.240     18.393    14.1609  40.069152    33.1172    203.277     0.6077      8.168    73.1503 1.1418e+00 -0.6309949    24.6995  0.000e+00
     18.934     19.093    14.1612  40.069671    33.1171    202.006     0.5857      8.168    73.0728 9.5990e-01 -0.6309949    24.6994  0.000e+00
     19.782     19.948    14.1619  40.070708    33.1171    202.072     0.5491      8.168    72.7371 6.9793e-01 -0.6309949    24.6993  0.000e+00
     20.500     20.672    14.1628  40.071938    33.1172    202.134     0.5637      8.172    72.4014 5.4927e-01 -0.6309949    24.6992  0.000e+00
     21.061     21.239    14.1644  40.073684    33.1172    201.992     0.6003      8.172    72.4014 4.9022e-01 -0.6309949    24.6988  0.000e+00
     21.606     21.788    14.1629  40.072523    33.1172    202.557     0.5930      8.172    72.6338 4.3427e-01 -0.6309949    24.6992  0.000e+00
     22.255     22.442    14.1630  40.072784    33.1171    203.119     0.5784      8.172    72.6338 3.5027e-01 -0.6309949    24.6991  0.000e+00
     23.069     23.264    14.1652  40.075048    33.1169    202.586     0.5564      8.172    72.2207 2.6113e-01 -0.6309949    24.6986  0.000e+00
     23.788     23.988    14.1638  40.074147    33.1170    202.760     0.5710      8.172    71.6784 2.0797e-01 -0.6309949    24.6989  0.000e+00
     24.371     24.576    14.1640  40.074536    33.1170    203.668     0.5857      8.172    71.7301 1.8329e-01 -0.6309949    24.6989  0.000e+00
     24.999     25.209    14.1597  40.070857    33.1170    203.156     0.5857      8.172    71.9625 1.4841e-01 -0.6309949    24.6998  0.000e+00
     25.652     25.868    14.1588  40.070473    33.1172    202.084     0.5857      8.172    71.9625 1.1461e-01 -0.6309949    24.7002  0.000e+00
     26.300     26.522    14.1577  40.069571    33.1171    203.000     0.5930      8.172    71.7559 9.0463e-02 -0.6309949    24.7003  0.000e+00
     27.003     27.231    14.1520  40.064730    33.1172    202.392     0.5784      8.172    71.4202 6.9558e-02 -0.6309949    24.7016  0.000e+00
     27.736     27.970    14.1458  40.059244    33.1172    202.389     0.6077      8.172    70.2324 5.1517e-02 -0.6309949    24.7029  0.000e+00
     28.438     28.678    14.1464  40.060474    33.1175    201.604     0.6516      8.172    66.8756 3.9140e-02 -0.6309949    24.7031  0.000e+00
     29.082     29.327    14.1453  40.059443    33.1172    202.822     0.6882      8.172    63.9319 2.6167e-02 -0.6309949    24.7031  0.000e+00
     29.675     29.925    14.1448  40.059187    33.1172    202.238     0.6956      8.172    62.4601 2.0130e-02 -0.6309949    24.7032  0.000e+00
     30.255     30.511    14.1446  40.059447    33.1174    202.855     0.7176      8.172    60.8591 1.1301e-02 -0.6309949    24.7034  0.000e+00
     30.916     31.177    14.1454  40.059967    33.1169    202.617     0.7249      8.172    59.4906 4.0493e-03 -0.6309949    24.7029  0.000e+00
     31.634     31.901    14.1433  40.058936    33.1175    202.197     0.7322      8.172    57.1924 7.6046e-04 -0.6309949    24.7038  0.000e+00
     32.245     32.518    14.1431  40.058551    33.1171    202.810     0.7542      8.172    55.5140 1.0000e-12 -0.6309949    24.7035  0.000e+00
     32.579     32.854    14.1439  40.059392    33.1171    201.570     0.7835      8.172    57.9154 1.0000e-12 -0.6309949    24.7034  0.000e+00
     32.829     33.106    14.1444  40.060103    33.1171    202.621     0.8201      8.172    60.2394 1.0000e-12 -0.6309949    24.7033  0.000e+00
     33.246     33.526    14.1442  40.059717    33.1168    202.880     0.8787      8.172    59.3615 1.0000e-12 -0.6309949    24.7032  0.000e+00
     33.797     34.082    14.1430  40.059526    33.1174    202.302     0.8714      8.172    57.1666 1.0000e-12 -0.6309949    24.7039  0.000e+00
     34.153     34.441    14.1426  40.058817    33.1169    202.862     0.8274      8.172    58.6384 1.0000e-12 -0.6309949    24.7036  0.000e+00
     34.073     34.361    14.1432  40.059591    33.1172    203.555     0.7029      8.172    61.3755 1.0000e-12 -0.6309949    24.7037  0.000e+00
     33.991     34.279    14.1446  40.060560    33.1170    203.000     0.6956      8.172    59.6455 1.0000e-12 -0.6309949    24.7032  0.000e+00
     34.167     34.455    14.1456  40.061788    33.1172    201.206     0.8128      8.172    59.3615 1.0000e-12 -0.6309949    24.7032  0.000e+00
     34.247     34.536    14.1475  40.063273    33.1168    202.098     0.7908      8.172    59.6713 1.0000e-12 -0.6309949    24.7025  0.000e+00
     34.155     34.444    14.1478  40.063660    33.1169    203.238     0.7322      8.172    59.4131 1.0000e-12 -0.6309949    24.7025  0.000e+00
     34.109     34.397    14.1483  40.063918    33.1168    202.837     0.7762      8.172    58.4577 1.0000e-12 -0.6309949    24.7023  0.000e+00
     34.135     34.424    14.1467  40.062304    33.1167    202.646     0.7908      8.172    57.8121 1.0000e-12 -0.6309949    24.7026  0.000e+00
     34.199     34.488    14.1466  40.062756    33.1172    202.997     0.7542      8.172    60.2394 1.0000e-12 -0.6309949    24.7029  0.000e+00
     34.347     34.637    14.1475  40.063209    33.1167    202.997     0.7542      8.172    60.6009 1.0000e-12 -0.6309949    24.7024  0.000e+00
     34.448     34.739    14.1478  40.063726    33.1169    203.149     0.7615      8.172    59.4906 1.0000e-12 -0.6309949    24.7025  0.000e+00
     34.271     34.560    14.1479  40.063790    33.1169    203.493     0.7322      8.172    58.6384 1.0000e-12 -0.6309949    24.7025  0.000e+00
     34.026     34.314    14.1477  40.063143    33.1166    203.638     0.7176      8.172    57.9413 1.0000e-12 -0.6309949    24.7023  0.000e+00
     34.067     34.355    14.1476  40.063402    33.1169    202.743     0.8128      8.172    58.1220 1.0000e-12 -0.6309949    24.7026  0.000e+00
     34.251     34.540    14.1480  40.063854    33.1170    202.547     0.8348      8.172    57.8380 1.0000e-12 -0.6309949    24.7025  0.000e+00
     34.286     34.576    14.1476  40.063338    33.1168    203.296     0.7542      8.172    59.2582 1.0000e-12 -0.6309949    24.7025  0.000e+00
     34.155     34.443    14.1482  40.063983    33.1169    202.592     0.7029      8.172    59.6971 1.0000e-12 -0.6309949    24.7024  0.000e+00
     33.960     34.247    14.1477  40.063530    33.1170    202.739     0.7029      8.172    57.8638 1.0000e-12 -0.6309949    24.7026  0.000e+00
     33.664     33.949    14.1478  40.063271    33.1168    202.780     0.7029      8.172    57.3474 1.0000e-12 -0.6309949    24.7024  0.000e+00
     33.311     33.592    14.1479  40.063334    33.1169    203.270     0.7542      8.172    57.4506 1.0000e-12 -0.6309949    24.7025  0.000e+00
     32.870     33.148    14.1470  40.062234    33.1168    203.461     0.8274      8.172    57.3474 1.0000e-12 -0.6309949    24.7026  0.000e+00
     32.283     32.556    14.1469  40.061909    33.1169    202.700     0.8494      8.172    57.0633 1.0000e-12 -0.6309949    24.7026  0.000e+00
     31.639     31.906    14.1468  40.061778    33.1171    203.033     0.8348      8.172    56.2887 1.0000e-12 -0.6309949    24.7027  0.000e+00
     31.016     31.278    14.1458  40.060354    33.1169    204.266     0.9227      8.172    55.9530 2.3069e-03 -0.6309949    24.7028  0.000e+00
     30.404     30.661    14.1449  40.059383    33.1170    203.009     0.9593      8.172    56.0304 6.6206e-03 -0.6309949    24.7031  0.000e+00
     29.701     29.951    14.1436  40.058218    33.1173    203.796     0.8861      8.172    55.9530 1.7482e-02 -0.6309949    24.7035  0.000e+00
     29.071     29.316    14.1426  40.056666    33.1170    204.379     0.8421      8.172    56.3403 3.0706e-02 -0.6309949    24.7035  0.000e+00
     28.626     28.867    14.1433  40.056987    33.1169    203.223     0.9227      8.172    56.9600 4.2914e-02 -0.6309949    24.7033  0.000e+00
     28.250     28.488    14.1437  40.057502    33.1172    203.211     0.9227      8.172    58.2511 4.8472e-02 -0.6309949    24.7034  0.000e+00
     27.698     27.931    14.1412  40.055111    33.1173    203.754     0.7908      8.172    58.9999 5.9100e-02 -0.6309949    24.7040  0.000e+00
     26.890     27.117    14.1476  40.060597    33.1173    203.707     0.7176      8.172    58.4835 8.5477e-02 -0.6309949    24.7026  0.000e+00
     26.036     26.255    14.1535  40.065760    33.1173    203.810     0.7615      8.172    57.9671 1.3300e-01 -0.6309949    24.7013  0.000e+00
     25.421     25.636    14.1506  40.062463    33.1169    204.155     0.8128      8.172    59.2065 1.7750e-01 -0.6309949    24.7017  0.000e+00
     25.037     25.248    14.1502  40.061881    33.1169    204.297     0.7908      8.172    58.8708 1.8989e-01 -0.6309949    24.7017  0.000e+00
     24.471     24.677    14.1562  40.067626    33.1173    205.452     0.7542      8.172    59.1807 2.1528e-01 -0.6309949    24.7007  0.000e+00
     23.512     23.710    14.1634  40.073370    33.1168    203.459     0.7469      8.172    62.3826 2.9700e-01 -0.6309949    24.6988  0.000e+00
     22.516     22.705    14.1631  40.072527    33.1167    203.340     0.6663      8.172    64.2159 4.4664e-01 -0.6309949    24.6988  0.000e+00
     21.842     22.026    14.1598  40.069424    33.1169    202.933     0.7615      8.172    66.1267 5.8207e-01 -0.6309949    24.6996  0.000e+00
     21.460     21.641    14.1619  40.071231    33.1169    204.258     0.6370      8.177    66.4624 6.4923e-01 -0.6309949    24.6992  0.000e+00
     21.001     21.178    14.1623  40.071423    33.1169    205.383     0.6809      8.172    67.0305 7.3008e-01 -0.6309949    24.6991  0.000e+00
     20.243     20.414    14.1657  40.074003    33.1167    202.623     0.6516      8.172    67.9859 9.2098e-01 -0.6309949    24.6981  0.000e+00
     19.398     19.561    14.1651  40.073096    33.1167    206.230     0.6223      8.172    69.3028 1.2539e+00 -0.6309949    24.6983  0.000e+00
     18.659     18.816    14.1650  40.072899    33.1169    205.113     0.6370      8.172    69.4836 1.6383e+00 -0.6309949    24.6984  0.000e+00
     18.069     18.221    14.1653  40.072897    33.1169    202.577     0.6809      8.177    69.6643 1.9880e+00 -0.6309949    24.6983  0.000e+00
     17.561     17.709    14.1654  40.072507    33.1167    203.401     0.7322      8.177    69.8193 2.3487e+00 -0.6309949    24.6982  0.000e+00
