Arg_Leg3_G8_NV.cnv
* Sea-Bird SBE 9 Data File:
* FileName = S:\CTD_Data\CTD\Data\Argentina 2014\Data\Leg3\Arg_Leg3_G8.hex
* Software Version Seasave V 7.21g
* Temperature SN = 5769
* Conductivity SN = 4244
* Number of Bytes Per Scan = 31
* Number of Voltage Words = 4
* Number of Scans Averaged by the Deck Unit = 24
* NMEA Latitude = 46 13.57 S
* NMEA Longitude = 066 11.85 W
* NMEA UTC (Time) = Feb 14 2014 05:51:45
* NMEA baud rate = 9600
** R/V Coriolis II
** MARES project, ARGENTINA 2014
** Chief scientist : Dr. Gustavo Ferreyra
** Co-Chief scientist : Dr. José Luis Esteves
# nquan = 13
# nvalues = 710                                   
# units = specified
# name 0 = depSM: Depth [salt water, m]
# name 1 = prDM: Pressure, Digiquartz [db]
# name 2 = t090C: Temperature [ITS-90, deg C]
# name 3 = c0mS/cm: Conductivity [mS/cm]
# name 4 = sal00: Salinity, Practical [PSU]
# name 5 = sbeox0Mm/Kg: Oxygen, SBE 43 [umol/Kg]
# name 6 = flECO-AFL: Fluorescence, WET Labs ECO-AFL/FL [mg/m^3]
# name 7 = ph: pH
# name 8 = CStarTr0: Beam Transmission, WET Labs C-Star [%]
# name 9 = par: PAR/Irradiance, Biospherical/Licor
# name 10 = upoly0: Upoly 0, Nitrate
# name 11 = sigma-é00: Density [sigma-theta, Kg/m^3]
# name 12 = flag:  0.000e+00
# span 0 =     -0.012,     92.928                 
# span 1 =     -0.012,     93.721                 
# span 2 =     7.7164,    15.5540                 
# span 3 =   6.285440,  41.856272                 
# span 4 =     4.2839,    34.2084                 
# span 5 =    143.748,    258.064                 
# span 6 =    -0.1249,     2.7908                 
# span 7 =      7.734,      8.218                 
# span 8 =    60.8591,    95.8734                 
# span 9 = 1.0000e-12, 8.5773e-01                 
# span 10 = -0.7634735,  5.7610991                
# span 11 =     2.3440,    26.0744                
# span 12 = 0.0000e+00, 0.0000e+00                
# interval = seconds: 1
# start_time = Feb 14 2014 05:51:45 [NMEA time, header]
# bad_flag = -9.990e-29
*END*
[from data line 556]
     21.257     21.435    15.4557  41.756708    33.5423    214.590     1.5014      8.209    91.1222 1.0000e-12 -0.5647556    24.7491  0.000e+00
     20.704     20.877    15.4605  41.761303    33.5426    213.143     1.5967      8.209    91.0705 1.0000e-12 -0.4653966    24.7482  0.000e+00
     20.166     20.335    15.4700  41.771678    33.5440    214.246     1.5893      8.209    91.0447 1.0000e-12 -0.4985162    24.7472  0.000e+00
     19.512     19.674    15.4837  41.784748    33.5443    214.023     1.4795      8.209    90.9673 1.0000e-12 -0.4985162    24.7444  0.000e+00
     18.882     19.040    15.4749  41.775811    33.5440    215.460     1.3842      8.209    91.0447 1.0000e-12 -0.4653966    24.7461  0.000e+00
     18.350     18.503    15.4785  41.780145    33.5450    214.630     1.4208      8.209    91.0189 1.0000e-12 -0.4653966    24.7460  0.000e+00
     17.720     17.867    15.4988  41.801362    33.5470    213.117     1.3696      8.209    91.0189 1.0000e-12 -0.4653966    24.7430  0.000e+00
     17.020     17.162    15.5227  41.824095    33.5473    214.187     1.3622      8.213    91.0189 1.0000e-12 -0.4653966    24.7379  0.000e+00
     16.434     16.571    15.5174  41.818309    33.5468    214.374     1.4941      8.208    91.0189 1.0000e-12 -0.4653966    24.7387  0.000e+00
     15.850     15.983    15.5159  41.818307    33.5483    214.329     1.5014      8.208    90.9931 1.0000e-12 -0.4653966    24.7402  0.000e+00
     15.058     15.183    15.5405  41.842029    33.5489    214.201     1.3842      8.208    91.0189 1.0000e-12 -0.4653966    24.7351  0.000e+00
     14.216     14.334    15.5422  41.844195    33.5497    214.316     1.2963      8.208    91.0705 1.0000e-12 -0.4653966    24.7354  0.000e+00
     13.706     13.821    15.5453  41.847151    33.5500    213.639     1.3036      8.208    91.0705 1.0000e-12 -0.4653966    24.7348  0.000e+00
     13.477     13.589    15.5477  41.849713    33.5502    215.066     1.2450      8.208    91.1222 1.0000e-12 -0.4653966    24.7345  0.000e+00
     12.996     13.104    15.5445  41.846491    33.5503    215.101     1.0472      8.208    91.0964 1.0000e-12 -0.4653966    24.7352  0.000e+00
     12.086     12.187    15.5415  41.843924    33.5509    213.218     0.9520      8.208    91.1222 1.0000e-12 -0.4653966    24.7363  0.000e+00
     11.163     11.255    15.5439  41.845892    33.5510    213.362     1.0839      8.208    91.1222 1.0000e-12 -0.4653966    24.7359  0.000e+00
     10.462     10.549    15.5450  41.846415    33.5508    213.877     1.1644      8.208    91.0964 1.0000e-12 -0.4653966    24.7355  0.000e+00
      9.951     10.034    15.5444  41.845755    33.5510    214.838     1.1132      8.208    91.0964 1.1775e-03 -0.4985162    24.7357  0.000e+00
      9.533      9.612    15.5437  41.845162    33.5511    213.857     0.9740      8.208    91.0705 1.0381e-03 -0.5647556    24.7360  0.000e+00
      8.980      9.055    15.5439  41.845291    33.5513    213.628     0.9227      8.208    91.1222 4.0493e-03 -0.4653966    24.7360  0.000e+00
      8.258      8.327    15.5440  41.845025    33.5513    213.821     0.9520      8.208    91.1480 6.4659e-03 -0.4985162    24.7360  0.000e+00
      7.683      7.747    15.5437  41.844497    33.5513    213.304     1.0033      8.208    91.1222 9.1555e-03 -0.5647556    24.7360  0.000e+00
      7.262      7.322    15.5434  41.844101    33.5514    213.797     0.9959      8.208    91.1222 1.5294e-02 -0.4653966    24.7361  0.000e+00
      6.730      6.786    15.5434  41.843902    33.5513    214.285     0.9593      8.208    91.1222 1.5294e-02 -0.4985162    24.7361  0.000e+00
      6.043      6.093    15.5433  41.843636    33.5515    214.412     0.9593      8.208    91.1222 2.1493e-02 -0.5978752    24.7362  0.000e+00
      5.317      5.361    15.5431  41.843239    33.5516    212.918     1.0106      8.208    91.1222 2.8728e-02 -0.4653966    24.7363  0.000e+00
      4.781      4.821    15.5433  41.843105    33.5515    214.021     1.0545      8.208    91.1222 3.6233e-02 -0.4985162    24.7362  0.000e+00
      4.433      4.470    15.5426  41.842446    33.5516    213.433     1.1278      8.213    91.1480 4.3429e-02 -0.6309949    24.7364  0.000e+00
      3.963      3.996    15.5428  41.842444    33.5516    214.000     1.1058      8.208    91.1222 4.1385e-02 -0.5316359    24.7363  0.000e+00
      3.372      3.400    15.5430  41.842508    33.5518    214.698     1.0033      8.208    91.1480 3.0929e-02 -0.5647556    24.7364  0.000e+00
      2.809      2.832    15.5431  41.842308    33.5517    214.616     1.0472      8.208    91.0705 8.3511e-03 -0.5647556    24.7363  0.000e+00
      2.726      2.748    15.5426  41.841782    33.5517    214.939     1.0765      8.213    91.1480 5.2440e-03 -0.5978752    24.7364  0.000e+00
      2.496      2.517    15.5416  41.840795    33.5518    214.256     1.0692      8.208    91.1480 3.0257e-03 -0.4985162    24.7367  0.000e+00
      1.703      1.717    15.5399  41.838886    33.5518    213.739     1.0033      8.208    91.1480 1.0000e-12 -0.6309949    24.7371  0.000e+00
      1.245      1.256    15.5375  41.836518    33.5519    213.916     1.0326      8.208    91.1738 1.0000e-12 -0.5316359    24.7377  0.000e+00
      1.514      1.527    15.5395  41.838556    33.5519    213.769     1.0106      8.213    91.1222 2.0711e-02 -0.5647556    24.7372  0.000e+00
      1.692      1.706    15.5415  41.840463    33.5519    213.442     0.9740      8.213    91.1480 2.2086e-02 -0.4653966    24.7368  0.000e+00
      1.124      1.133    15.5414  41.840198    33.5519    213.606     1.0106      8.213    91.1480 1.7390e-03 -0.4653966    24.7368  0.000e+00
      1.128      1.138    15.5410  41.839935    33.5521    213.786     0.9666      8.213    91.1480 2.4498e-03 -0.5316359    24.7370  0.000e+00
      1.697      1.712    15.5427  41.841778    33.5520    213.470     0.9520      8.213    91.1222 6.3117e-03 -0.5316359    24.7366  0.000e+00
      1.857      1.872    15.5417  41.840858    33.5520    213.803     1.0179      8.213    91.1222 1.9362e-02 -0.5647556    24.7368  0.000e+00
      1.812      1.827    15.5408  41.839806    33.5519    214.308     1.0106      8.213    90.0119 2.0323e-02 -0.5647556    24.7369  0.000e+00
      2.098      2.115    15.5416  41.840531    33.5517    213.486     1.0912      8.213    89.0823 3.2280e-02 -0.5978752    24.7366  0.000e+00
      2.461      2.482    15.5418  41.841058    33.5519    214.611     1.0545      8.213    90.8640 3.1153e-02 -0.5978752    24.7367  0.000e+00
      2.324      2.344    15.5408  41.840269    33.5521    214.321     1.0033      8.213    90.9931 3.0484e-02 -0.5978752    24.7371  0.000e+00
      1.938      1.955    15.5413  41.839873    33.5515    213.271     1.0033      8.213    90.5799 5.2440e-03 -0.5647556    24.7365  0.000e+00
      2.069      2.087    15.5417  41.840859    33.5519    212.658     0.9959      8.213    88.1785 1.0000e-12 -0.5978752    24.7368  0.000e+00
      2.426      2.446    15.5413  41.840926    33.5522    214.791     0.9813      8.213    90.6058 1.8415e-02 -0.5978752    24.7370  0.000e+00
      2.240      2.258    15.5409  41.840334    33.5521    214.676     0.9959      8.213    90.8640 8.9937e-03 -0.4985162    24.7371  0.000e+00
      2.229      2.247    15.5408  41.840268    33.5521    213.280     1.0326      8.213    90.6058 1.0000e-12 -0.5978752    24.7371  0.000e+00
      2.364      2.383    15.5409  41.840072    33.5517    212.993     1.0326      8.213    90.7349 1.0000e-12 -0.5978752    24.7368  0.000e+00
      2.616      2.638    15.5412  41.840993    33.5523    213.825     1.0839      8.213    90.9414 1.0000e-12 -0.4985162    24.7372  0.000e+00
      2.806      2.830    15.5412  41.840994    33.5522    214.835     1.1205      8.213    91.0964 1.0000e-12 -0.4653966    24.7371  0.000e+00
      3.009      3.034    15.5423  41.842178    33.5522    214.154     1.1278      8.213    91.1222 1.0000e-12 -0.4653966    24.7369  0.000e+00
      3.335      3.362    15.5435  41.843362    33.5521    214.449     1.1644      8.213    91.1480 1.0000e-12 -0.5978752    24.7366  0.000e+00
      3.512      3.541    15.5433  41.843297    33.5522    213.661     1.2084      8.213    91.1222 1.0000e-12 -0.4653966    24.7366  0.000e+00
      3.573      3.602    15.5425  41.842640    33.5523    213.309     1.1644      8.213    91.1480 1.0000e-12 -0.4653966    24.7369  0.000e+00
      3.809      3.841    15.5433  41.843627    33.5523    213.523     1.1278      8.213    91.0964 8.9907e-04 -0.5978752    24.7368  0.000e+00
      4.064      4.098    15.5432  41.843562    33.5523    214.179     1.1058      8.218    91.0964 6.2223e-04 -0.4653966    24.7368  0.000e+00
      3.914      3.946    15.5429  41.843299    33.5524    213.059     1.0472      8.213    91.0964 2.0988e-04 -0.4653966    24.7369  0.000e+00
      3.692      3.723    15.5426  41.842838    33.5523    213.021     1.0252      8.213    91.1480 1.4574e-03 -0.5978752    24.7369  0.000e+00
      3.807      3.838    15.5426  41.842904    33.5523    214.387     1.0472      8.213    91.1480 2.7370e-03 -0.4653966    24.7369  0.000e+00
      4.033      4.067    15.5427  41.843168    33.5523    214.861     1.0472      8.213    91.0964 8.9937e-03 -0.4653966    24.7369  0.000e+00
      3.947      3.980    15.5430  41.843430    33.5524    214.824     1.0912      8.213    91.0447 9.3178e-03 -0.6309949    24.7369  0.000e+00
      3.588      3.618    15.5434  41.843692    33.5524    214.131     1.0033      8.213    91.1222 1.0000e-12 -0.4985162    24.7368  0.000e+00
      3.590      3.619    15.5435  41.843692    33.5523    214.276     1.1058      8.213    91.1480 8.9907e-04 -0.5647556    24.7367  0.000e+00
      4.097      4.131    15.5436  41.844088    33.5524    212.848     0.9886      8.213    91.1222 1.0136e-02 -0.5978752    24.7368  0.000e+00
      4.174      4.209    15.5434  41.843957    33.5524    212.672     1.0472      8.213    91.1222 1.4404e-02 -0.5316359    24.7368  0.000e+00
      3.756      3.787    15.5435  41.843824    33.5524    214.526     1.0252      8.213    91.0964 5.6990e-03 -0.4653966    24.7367  0.000e+00
      3.614      3.644    15.5435  41.843758    33.5524    214.847     1.0545      8.213    91.0705 7.3199e-05 -0.6641145    24.7368  0.000e+00
      3.877      3.909    15.5436  41.844022    33.5524    213.669     1.0472      8.218    91.0705 7.5579e-03 -0.4653966    24.7368  0.000e+00
      4.063      4.097    15.5435  41.843957    33.5524    213.820     1.0692      8.213    91.0705 1.0799e-02 -0.4653966    24.7368  0.000e+00
      3.960      3.993    15.5434  41.843825    33.5524    214.823     1.0985      8.213    91.0964 1.3178e-02 -0.6309949    24.7368  0.000e+00
      3.728      3.759    15.5432  41.843692    33.5525    213.667     1.0765      8.213    91.1222 2.5932e-03 -0.5978752    24.7369  0.000e+00
      3.723      3.754    15.5432  41.843627    33.5525    213.957     1.0545      8.213    91.1222 2.5932e-03 -0.4985162    24.7369  0.000e+00
      3.833      3.865    15.5433  41.843693    33.5524    214.172     1.1058      8.213    91.1738 1.0000e-12 -0.5316359    24.7369  0.000e+00
      3.924      3.956    15.5432  41.843627    33.5524    214.141     1.1132      8.213    91.1480 1.0000e-12 -0.5316359    24.7369  0.000e+00
      3.974      4.007    15.5432  41.843628    33.5524    213.349     1.1351      8.213    91.1480 1.0000e-12 -0.4653966    24.7368  0.000e+00
      3.881      3.913    15.5436  41.844022    33.5524    213.814     1.1864      8.213    91.1738 1.0000e-12 -0.4653966    24.7368  0.000e+00
      3.807      3.838    15.5436  41.844021    33.5524    214.025     1.1864      8.213    91.1480 1.0000e-12 -0.4653966    24.7368  0.000e+00
      3.902      3.935    15.5430  41.843496    33.5524    214.320     1.1571      8.213    91.1480 1.0000e-12 -0.4653966    24.7369  0.000e+00
      3.867      3.899    15.5424  41.842838    33.5524    214.177     1.1205      8.213    91.1480 1.0000e-12 -0.4653966    24.7370  0.000e+00
      3.704      3.734    15.5427  41.843232    33.5525    214.461     1.1132      8.213    91.1480 1.0000e-12 -0.4653966    24.7370  0.000e+00
      3.704      3.734    15.5425  41.842903    33.5524    215.613     1.1351      8.218    91.1222 1.0000e-12 -0.4653966    24.7370  0.000e+00
      3.897      3.929    15.5428  41.843364    33.5525    213.315     1.1132      8.213    91.1222 1.0000e-12 -0.4653966    24.7370  0.000e+00
      3.966      3.999    15.5429  41.843430    33.5525    214.076     1.0765      8.213    91.1480 1.0000e-12 -0.4653966    24.7370  0.000e+00
      3.902      3.935    15.5429  41.843430    33.5525    213.851     1.1351      8.213    91.1222 1.0000e-12 -0.4653966    24.7370  0.000e+00
      3.829      3.861    15.5428  41.843298    33.5524    213.783     1.1425      8.218    91.1480 1.0000e-12 -0.4653966    24.7370  0.000e+00
      3.812      3.844    15.5429  41.843364    33.5524    214.497     1.1864      8.213    91.1997 1.0000e-12 -0.4653966    24.7369  0.000e+00
      3.821      3.852    15.5425  41.842904    33.5524    214.789     1.1278      8.218    91.0447 1.0000e-12 -0.4653966    24.7370  0.000e+00
      3.791      3.822    15.5422  41.842772    33.5525    214.789     1.1498      8.213    91.1480 1.0000e-12 -0.4653966    24.7371  0.000e+00
      3.809      3.841    15.5417  41.842247    33.5525    216.054     1.1425      8.213    91.1222 1.0000e-12 -0.4653966    24.7373  0.000e+00
      3.830      3.862    15.5409  41.841458    33.5525    214.115     1.1498      8.213    91.1222 1.0000e-12 -0.4653966    24.7374  0.000e+00
      3.845      3.876    15.5414  41.841984    33.5525    213.219     1.1351      8.213    91.1222 1.0000e-12 -0.4653966    24.7373  0.000e+00
      3.918      3.950    15.5432  41.843759    33.5525    213.962     1.1571      8.218    91.1738 1.0000e-12 -0.4653966    24.7369  0.000e+00
      3.981      4.014    15.5426  41.843102    33.5524    213.966     1.1644      8.218    91.1738 1.0000e-12 -0.4653966    24.7370  0.000e+00
      3.901      3.933    15.5421  41.842773    33.5526    213.497     1.1425      8.218    91.1480 1.0000e-12 -0.5978752    24.7372  0.000e+00
      3.683      3.713    15.5428  41.843298    33.5525    215.108     1.1278      8.213    91.0964 1.0000e-12 -0.4985162    24.7370  0.000e+00
      3.739      3.770    15.5423  41.842904    33.5526    214.821     1.1132      8.218    91.1222 1.0000e-12 -0.4653966    24.7372  0.000e+00
      3.895      3.928    15.5428  41.843299    33.5525    212.634     1.0912      8.218    91.1222 1.0000e-12 -0.4653966    24.7370  0.000e+00
      3.860      3.892    15.5424  41.843036    33.5526    214.288     1.1351      8.213    91.1222 1.0000e-12 -0.5647556    24.7371  0.000e+00
      3.877      3.909    15.5422  41.842838    33.5525    214.032     1.2157      8.213    91.0964 1.0000e-12 -0.4985162    24.7372  0.000e+00
      3.954      3.987    15.5421  41.842773    33.5526    213.320     1.2157      8.213    91.0964 1.0000e-12 -0.4653966    24.7372  0.000e+00
      3.806      3.838    15.5422  41.842838    33.5526    213.851     1.1425      8.218    91.1222 1.0000e-12 -0.5978752    24.7372  0.000e+00
      3.770      3.801    15.5422  41.842838    33.5526    215.146     1.1205      8.218    91.0964 1.0000e-12 -0.4985162    24.7372  0.000e+00
      3.923      3.956    15.5419  41.842576    33.5526    214.180     1.0985      8.218    91.1222 1.0000e-12 -0.4653966    24.7373  0.000e+00
      3.921      3.953    15.5416  41.842510    33.5528    213.790     1.1498      8.218    91.1222 1.0000e-12 -0.6309949    24.7375  0.000e+00
      3.880      3.912    15.5418  41.842378    33.5525    214.648     1.1571      8.218    91.1480 1.0000e-12 -0.4985162    24.7373  0.000e+00
      3.760      3.791    15.5415  41.842181    33.5526    213.819     1.1351      8.213    91.1480 1.0000e-12 -0.4653966    24.7374  0.000e+00
