Arg_Leg3_G01_NV.cnv
* Sea-Bird SBE 9 Data File:
* FileName = S:\CTD_Data\CTD\Data\Argentina 2014\Data\Leg3\Arg_Leg3_G01.hex
* Software Version Seasave V 7.21g
* Temperature SN = 5769
* Conductivity SN = 4244
* Number of Bytes Per Scan = 31
* Number of Voltage Words = 4
* Number of Scans Averaged by the Deck Unit = 24
* NMEA Latitude = 46 35.59 S
* NMEA Longitude = 066 55.08 W
* NMEA UTC (Time) = Feb 14 2014 18:30:14
* NMEA baud rate = 9600
** R/V Coriolis II
** MARES project, ARGENTINA 2014
** Chief scientist : Dr. Gustavo Ferreyra
** Co-Chief scientist : Dr. José Luis Esteves
# nquan = 13
# nvalues = 576                                   
# units = specified
# name 0 = depSM: Depth [salt water, m]
# name 1 = prDM: Pressure, Digiquartz [db]
# name 2 = t090C: Temperature [ITS-90, deg C]
# name 3 = c0mS/cm: Conductivity [mS/cm]
# name 4 = sal00: Salinity, Practical [PSU]
# name 5 = sbeox0Mm/Kg: Oxygen, SBE 43 [umol/Kg]
# name 6 = flECO-AFL: Fluorescence, WET Labs ECO-AFL/FL [mg/m^3]
# name 7 = ph: pH
# name 8 = CStarTr0: Beam Transmission, WET Labs C-Star [%]
# name 9 = par: PAR/Irradiance, Biospherical/Licor
# name 10 = upoly0: Upoly 0, Nitrate
# name 11 = sigma-é00: Density [sigma-theta, Kg/m^3]
# name 12 = flag:  0.000e+00
# span 0 =     -0.087,     79.138                 
# span 1 =     -0.087,     79.812                 
# span 2 =     8.4780,    15.6432                 
# span 3 =   2.073904,  41.251681                 
# span 4 =     1.3212,    33.4039                 
# span 5 =    143.136,    284.195                 
# span 6 =    -0.3374,    19.4135                 
# span 7 =      7.774,      8.302                 
# span 8 =    40.6149,    96.1058                 
# span 9 = 1.0000e-12, 1.7793e+03                 
# span 10 = -0.7634735,  4.2707145                
# span 11 =     0.0712,    25.9477                
# span 12 = 0.0000e+00, 0.0000e+00                
# interval = seconds: 1
# start_time = Feb 14 2014 18:30:14 [NMEA time, header]
# bad_flag = -9.990e-29
*END*
[from data line 112]
     70.978     71.582     8.8149  35.476047    33.3938    145.064     0.0069      7.821    60.7816 1.0000e-12 -0.6309949    25.8906  0.000e+00
     71.676     72.286     8.7951  35.459379    33.3948    144.751     0.0216      7.821    59.8262 1.0000e-12 -0.6309949    25.8945  0.000e+00
     72.218     72.832     8.7907  35.454890    33.3939    144.557     0.0289      7.816    59.2065 1.0000e-12 -0.6309949    25.8945  0.000e+00
     72.731     73.350     8.7896  35.453354    33.3932    144.352     0.0362      7.816    58.9483 1.0000e-12 -0.6309949    25.8940  0.000e+00
     73.278     73.902     8.7862  35.450281    33.3929    144.324     0.0509      7.811    58.5093 1.0000e-12 -0.6309949    25.8944  0.000e+00
     74.034     74.665     8.7822  35.446962    33.3928    144.761     0.0582      7.811    57.5281 1.0000e-12 -0.6309949    25.8949  0.000e+00
     74.959     75.598     8.7742  35.440262    33.3929    144.465     0.0289      7.812    56.1596 1.0000e-12  0.8925094    25.8962  0.000e+00
     75.673     76.317     8.7639  35.431164    33.3927    144.343     0.0362      7.812    55.3074 1.0000e-12  2.9790479    25.8977  0.000e+00
     76.080     76.728     8.7540  35.423418    33.3937    144.503     0.0509      7.812    55.9788 1.0000e-12 -0.6309949    25.9000  0.000e+00
     76.561     77.213     8.7431  35.413767    33.3937    144.838     0.0582      7.807    56.4694 1.0000e-12 -0.6309949    25.9017  0.000e+00
     76.971     77.627     8.7319  35.403870    33.3937    145.174     0.0655      7.807    56.1337 1.0000e-12 -0.6309949    25.9035  0.000e+00
     77.367     78.026     8.6953  35.372649    33.3953    144.841     0.0509      7.807    57.0375 1.0000e-12 -0.6309949    25.9103  0.000e+00
     77.592     78.254     8.6822  35.364171    33.3986    144.886     0.0509      7.802    56.4436 1.0000e-12 -0.6309949    25.9150  0.000e+00
     77.514     78.175     8.7173  35.390964    33.3937    144.603     0.0436      7.802    56.5727 1.0000e-12 -0.6309949    25.9057  0.000e+00
     77.387     78.046     8.7794  35.445560    33.3924    144.396     0.0436      7.802    56.5727 1.0000e-12 -0.6309949    25.8951  0.000e+00
     77.402     78.062     8.7694  35.426557    33.3819    145.190     0.0509      7.802    56.9600 1.0000e-12 -0.3660376    25.8885  0.000e+00
     77.588     78.249     8.6940  35.370991    33.3947    145.434     0.0582      7.802    57.2441 1.0000e-12  0.4288342    25.9101  0.000e+00
     77.832     78.495     8.6686  35.350040    33.3965    145.230     0.0729      7.802    56.7018 1.0000e-12 -0.5316359    25.9154  0.000e+00
     77.963     78.627     8.6551  35.339351    33.3979    144.814     0.0582      7.798    55.6431 1.0000e-12 -0.5978752    25.9186  0.000e+00
     77.955     78.620     8.6432  35.328664    33.3980    144.391     0.0289      7.798    55.1783 1.0000e-12 -0.5978752    25.9205  0.000e+00
     77.867     78.531     8.6516  35.334928    33.3967    144.655     0.0655      7.798    55.5657 1.0000e-12 -0.6309949    25.9182  0.000e+00
     77.864     78.528     8.6627  35.343344    33.3951    144.450     0.0509      7.798    56.2887 1.0000e-12 -0.6309949    25.9152  0.000e+00
     77.992     78.657     8.6492  35.331980    33.3958    144.034     0.0655      7.798    56.2112 1.0000e-12 -0.2666786    25.9179  0.000e+00
     78.229     78.896     8.6138  35.301582    33.3971    144.447     0.0436      7.793    55.8497 1.0000e-12 -0.0348410    25.9243  0.000e+00
     78.368     79.036     8.5399  35.241674    33.4039    144.518     0.0509      7.793    53.3708 1.0000e-12 -0.0679607    25.9409  0.000e+00
     78.157     78.823     8.6049  35.294950    33.3986    143.840     0.0655      7.788    50.0915 1.0000e-12 -0.6309949    25.9268  0.000e+00
     77.852     78.515     8.6510  35.330444    33.3926    143.981     0.0655      7.788    53.4741 1.0000e-12 -0.3329179    25.9150  0.000e+00
     77.965     78.630     8.6113  35.297221    33.3951    144.406     0.0582      7.788    54.8168 1.0000e-12 -0.3991573    25.9231  0.000e+00
     78.296     78.963     8.5623  35.258611    33.4006    144.570     0.0509      7.788    51.4858 1.0000e-12 -0.6309949    25.9349  0.000e+00
     78.338     79.006     8.6028  35.291267    33.3966    144.440     0.0509      7.788    52.1314 1.0000e-12 -0.6309949    25.9256  0.000e+00
     78.208     78.874     8.6174  35.303178    33.3954    143.926     0.0436      7.788    53.6807 1.0000e-12 -0.2004393    25.9224  0.000e+00
     78.173     78.840     8.5910  35.279663    33.3957    144.013     0.0436      7.788    53.8872 1.0000e-12 -0.3329179    25.9267  0.000e+00
     78.269     78.936     8.5784  35.271561    33.3991    144.347     0.0509      7.788    54.2746 1.0000e-12 -0.6309949    25.9312  0.000e+00
     78.358     79.026     8.6266  35.310731    33.3947    144.193     0.0509      7.788    54.9201 1.0000e-12 -0.6309949    25.9204  0.000e+00
     78.307     78.974     8.6413  35.322645    33.3933    143.681     0.0509      7.788    54.8426 1.0000e-12  0.0313983    25.9171  0.000e+00
     78.266     78.933     8.6247  35.307845    33.3934    143.735     0.0436      7.788    54.4553 1.0000e-12  1.2568256    25.9197  0.000e+00
     78.324     78.991     8.5372  35.234310    33.3987    144.316     0.0509      7.789    54.0938 1.0000e-12  2.1841761    25.9373  0.000e+00
     78.318     78.986     8.4953  35.201185    33.4035    143.985     0.0655      7.784    48.9295 1.0000e-12 -0.6309949    25.9473  0.000e+00
     78.172     78.838     8.4925  35.197627    33.4024    143.993     0.0729      7.784    47.1994 1.0000e-12 -0.6309949    25.9469  0.000e+00
     78.182     78.848     8.5015  35.204189    33.4008    144.260     0.0802      7.784    48.9553 1.0000e-12 -0.6309949    25.9443  0.000e+00
     78.490     79.159     8.4869  35.192169    33.4018    144.314     0.0802      7.784    48.6454 1.0000e-12  0.3625949    25.9473  0.000e+00
     78.680     79.350     8.4839  35.189349    33.4016    144.328     0.0729      7.779    46.9928 1.0000e-12  2.7803299    25.9476  0.000e+00
     78.543     79.213     8.5099  35.212226    33.4012    144.239     0.0729      7.779    46.1149 1.0000e-12 -0.4322769    25.9434  0.000e+00
     78.342     79.010     8.5504  35.244557    33.3970    144.104     0.0582      7.779    48.8004 1.0000e-12 -0.1342000    25.9339  0.000e+00
     78.248     78.915     8.5448  35.239709    33.3973    144.121     0.0729      7.779    51.3309 1.0000e-12 -0.1010803    25.9350  0.000e+00
     78.265     78.933     8.5487  35.243453    33.3975    144.108     0.0582      7.784    51.6666 1.0000e-12 -0.6309949    25.9346  0.000e+00
     78.430     79.098     8.5215  35.220568    33.3991    144.667     0.0802      7.784    51.0985 1.0000e-12 -0.6309949    25.9399  0.000e+00
     78.579     79.249     8.5181  35.218360    33.3999    144.214     0.0802      7.779    48.7745 1.0000e-12 -0.6309949    25.9411  0.000e+00
     78.502     79.171     8.5360  35.233145    33.3985    143.859     0.0655      7.779    47.2769 1.0000e-12 -0.6309949    25.9373  0.000e+00
     78.394     79.063     8.5273  35.225660    33.3990    144.181     0.0655      7.779    49.0586 1.0000e-12 -0.6309949    25.9390  0.000e+00
     78.438     79.107     8.5105  35.210814    33.3992    144.238     0.0729      7.779    49.4717 1.0000e-12  0.9587487    25.9417  0.000e+00
     78.526     79.196     8.5013  35.203577    33.4002    144.269     0.0802      7.779    48.0774 1.0000e-12 -0.1342000    25.9439  0.000e+00
     78.548     79.217     8.5008  35.203148    33.4002    144.271     0.0802      7.779    46.0633 1.0000e-12 -0.6309949    25.9440  0.000e+00
     78.597     79.267     8.5010  35.202841    33.3997    144.272     0.0802      7.779    46.4248 1.0000e-12 -0.5647556    25.9435  0.000e+00
     78.687     79.357     8.4960  35.198671    33.4000    144.290     0.0729      7.779    46.1924 1.0000e-12  0.0313983    25.9445  0.000e+00
     78.576     79.246     8.5040  35.205417    33.3996    144.262     0.0729      7.779    46.1149 1.0000e-12 -0.4985162    25.9430  0.000e+00
     78.266     78.934     8.5096  35.209342    33.3986    144.239     0.0655      7.779    45.9600 1.0000e-12  1.0912274    25.9414  0.000e+00
     78.238     78.905     8.5167  35.215721    33.3986    144.214     0.0802      7.779    49.3684 1.0000e-12  2.5484923    25.9403  0.000e+00
     78.570     79.240     8.5083  35.209220    33.3995    144.247     0.0875      7.779    44.9529 1.0000e-12 -0.6309949    25.9423  0.000e+00
     78.729     79.400     8.5144  35.213944    33.3986    144.231     0.0802      7.779    44.9013 1.0000e-12  0.3294752    25.9407  0.000e+00
     78.621     79.292     8.5142  35.213698    33.3986    144.230     0.0802      7.779    46.2182 1.0000e-12  2.7803299    25.9407  0.000e+00
     78.543     79.213     8.5136  35.213268    33.3988    144.230     0.0729      7.779    45.5726 1.0000e-12  4.2707145    25.9409  0.000e+00
     78.600     79.270     8.5066  35.207073    33.3989    144.255     0.0729      7.779    45.6501 1.0000e-12 -0.6309949    25.9420  0.000e+00
     78.606     79.276     8.5061  35.207012    33.3993    144.256     0.0802      7.774    45.8050 1.0000e-12 -0.6309949    25.9424  0.000e+00
     78.491     79.160     8.5077  35.208054    33.3989    144.249     0.0729      7.774    45.9342 1.0000e-12 -0.6309949    25.9419  0.000e+00
     78.518     79.187     8.5055  35.206153    33.3990    144.257     0.0729      7.774    45.7018 1.0000e-12 -0.4985162    25.9423  0.000e+00
     78.645     79.316     8.5027  35.203638    33.3989    143.802     0.0802      7.774    45.7018 1.0000e-12 -0.0348410    25.9426  0.000e+00
     78.634     79.304     8.5015  35.202718    33.3990    143.806     0.0875      7.774    45.8825 1.0000e-12 -0.0348410    25.9429  0.000e+00
     78.608     79.279     8.5024  35.203577    33.3992    144.099     0.0729      7.774    45.5985 1.0000e-12 -0.4322769    25.9429  0.000e+00
     78.634     79.304     8.5104  35.210570    33.3990    144.073     0.0729      7.774    45.8567 1.0000e-12 -0.6309949    25.9416  0.000e+00
     78.579     79.249     8.5192  35.217685    33.3981    144.043     0.0729      7.774    46.4506 1.0000e-12 -0.6309949    25.9395  0.000e+00
     78.509     79.178     8.5182  35.216887    33.3982    144.045     0.0509      7.774    46.6572 1.0000e-12 -0.6309949    25.9398  0.000e+00
     78.635     79.306     8.5145  35.214005    33.3987    144.525     0.0655      7.779    46.9928 1.0000e-12  1.7536205    25.9407  0.000e+00
     78.763     79.435     8.5270  35.224741    33.3981    144.021     0.0802      7.774    47.3543 1.0000e-12  1.9523385    25.9383  0.000e+00
     78.542     79.211     8.5219  35.219771    33.3978    143.739     0.0655      7.774    47.7675 1.0000e-12  0.6606718    25.9389  0.000e+00
     78.309     78.977     8.5322  35.228604    33.3975    143.996     0.0582      7.774    47.3802 1.0000e-12  0.0313983    25.9371  0.000e+00
     78.441     79.110     8.5269  35.223267    33.3968    144.017     0.0655      7.774    46.2957 1.0000e-12  1.0912274    25.9373  0.000e+00
     78.712     79.383     8.4824  35.186896    33.4004    144.166     0.0802      7.774    44.9787 1.0000e-12  0.6606718    25.9469  0.000e+00
     78.860     79.532     8.4780  35.183094    33.4005    144.184     0.0802      7.774    44.2041 1.0000e-12 -0.4985162    25.9477  0.000e+00
     78.868     79.541     8.4794  35.184198    33.4004    144.180     0.0875      7.774    43.7393 1.0000e-12  2.4822530    25.9473  0.000e+00
     78.583     79.253     8.4820  35.186160    33.4001    144.166     0.0802      7.774    43.4553 1.0000e-12  1.0912274    25.9467  0.000e+00
     78.256     78.924     8.4926  35.194683    33.3992    144.126     0.0655      7.774    44.9529 1.0000e-12  0.6275521    25.9444  0.000e+00
     78.336     79.004     8.4898  35.192598    33.3997    144.136     0.0875      7.774    44.7722 1.0000e-12  0.3625949    25.9452  0.000e+00
     78.698     79.369     8.4893  35.192108    33.3994    144.145     0.0655      7.774    42.3449 1.0000e-12 -0.6309949    25.9451  0.000e+00
     78.825     79.498     8.4852  35.188675    33.3996    144.161     0.0729      7.774    42.3191 1.0000e-12 -0.6309949    25.9459  0.000e+00
     78.574     79.244     8.4990  35.200510    33.3991    143.644     0.0729      7.774    43.7651 1.0000e-12 -0.5316359    25.9434  0.000e+00
     78.258     78.925     8.5076  35.207072    33.3981    144.077     0.0729      7.774    43.7651 1.0000e-12  0.1638769    25.9412  0.000e+00
     78.268     78.935     8.4993  35.200080    33.3986    144.400     0.0875      7.774    43.7651 1.0000e-12  2.1510564    25.9429  0.000e+00
     78.756     79.427     8.4850  35.188368    33.3995    143.694     0.0802      7.774    42.4224 1.0000e-12 -0.3329179    25.9458  0.000e+00
     79.138     79.812     8.4803  35.184874    33.4001    143.716     0.0729      7.774    41.3379 1.0000e-12 -0.6309949    25.9470  0.000e+00
     78.821     79.493     8.4887  35.191434    33.3992    143.979     0.0729      7.774    42.4224 1.0000e-12 -0.6309949    25.9450  0.000e+00
     78.269     78.936     8.4943  35.196400    33.3994    143.950     0.0729      7.774    43.4036 1.0000e-12 -0.6309949    25.9443  0.000e+00
     78.177     78.843     8.4925  35.194314    33.3990    143.955     0.0875      7.774    42.3966 1.0000e-12 -0.6309949    25.9442  0.000e+00
     78.564     79.234     8.4850  35.188306    33.3995    143.986     0.0655      7.774    40.9764 1.0000e-12 -0.2666786    25.9458  0.000e+00
     78.870     79.543     8.4804  35.184750    33.4000    144.007     0.0729      7.774    40.6149 1.0000e-12  0.0976376    25.9469  0.000e+00
     78.706     79.377     8.4887  35.192047    33.3999    143.976     0.0802      7.774    42.5257 1.0000e-12  0.4619538    25.9455  0.000e+00
     78.317     78.985     8.4980  35.199283    33.3989    143.939     0.0655      7.774    43.5069 1.0000e-12  0.4619538    25.9433  0.000e+00
     78.172     78.839     8.4996  35.200509    33.3987    143.931     0.0729      7.774    42.6548 1.0000e-12  0.9587487    25.9430  0.000e+00
     78.479     79.148     8.4907  35.192844    33.3990    143.967     0.0802      7.774    41.6994 1.0000e-12  1.2237060    25.9445  0.000e+00
     78.656     79.327     8.4853  35.188858    33.3998    143.987     0.0802      7.774    41.1571 1.0000e-12  1.2899453    25.9460  0.000e+00
     78.359     79.027     8.4944  35.196462    33.3993    144.419     0.0729      7.774    41.9834 1.0000e-12 -0.6309949    25.9443  0.000e+00
     77.557     78.218     8.5186  35.217866    33.3993    144.322     0.0509      7.774    42.8614 1.0000e-12 -0.6309949    25.9405  0.000e+00
     76.672     77.325     8.6094  35.294761    33.3949    143.713     0.0509      7.774    43.3778 1.0000e-12 -0.6309949    25.9232  0.000e+00
     76.141     76.790     8.6227  35.303600    33.3918    143.662     0.0875      7.774    44.3590 1.0000e-12 -0.6309949    25.9188  0.000e+00
     76.002     76.650     8.6054  35.288680    33.3926    144.180     0.0582      7.779    43.3778 1.0000e-12 -0.6309949    25.9220  0.000e+00
     75.805     76.451     8.5802  35.268361    33.3951    143.794     0.0509      7.779    43.9459 1.0000e-12  0.3625949    25.9278  0.000e+00
     75.314     75.955     8.6419  35.325952    33.3976    143.284     0.0802      7.779    44.7205 1.0000e-12  0.0645179    25.9203  0.000e+00
     74.766     75.403     8.7316  35.395809    33.3865    143.742     0.0802      7.783    45.3661 1.0000e-12 -0.6309949    25.8978  0.000e+00
     74.283     74.915     8.7446  35.406135    33.3854    144.151     0.0948      7.783    46.3731 1.0000e-12 -0.6309949    25.8949  0.000e+00
     73.861     74.490     8.7557  35.415293    33.3847    143.817     0.0948      7.783    48.1290 1.0000e-12 -0.2004393    25.8927  0.000e+00
