Arg_L2_SF01_NV.cnv
* Sea-Bird SBE 9 Data File:
* FileName = S:\CTD_Data\CTD\Data\Argentina 2014\Data\Arg_L2_SF01.hex
* Software Version Seasave V 7.21g
* Temperature SN = 5769
* Conductivity SN = 4244
* Number of Bytes Per Scan = 31
* Number of Voltage Words = 4
* Number of Scans Averaged by the Deck Unit = 24
* NMEA Latitude = 45 56.52 S
* NMEA Longitude = 065 37.50 W
* NMEA UTC (Time) = Feb 06 2014 17:04:02
* NMEA baud rate = 9600
** R/V Coriolis II
** MARES project, ARGENTINA 2014
** Chief scientist : Dr. Gustavo Ferreyra
** Co-Chief scientist : Dr. José Luis Esteves
# nquan = 13
# nvalues = 552                                   
# units = specified
# name 0 = depSM: Depth [salt water, m]
# name 1 = prDM: Pressure, Digiquartz [db]
# name 2 = t090C: Temperature [ITS-90, deg C]
# name 3 = c0mS/cm: Conductivity [mS/cm]
# name 4 = sal00: Salinity, Practical [PSU]
# name 5 = sbeox0Mm/Kg: Oxygen, SBE 43 [umol/Kg]
# name 6 = flECO-AFL: Fluorescence, WET Labs ECO-AFL/FL [mg/m^3]
# name 7 = ph: pH
# name 8 = CStarTr0: Beam Transmission, WET Labs C-Star [%]
# name 9 = par: PAR/Irradiance, Biospherical/Licor
# name 10 = upoly0: Upoly 0, Nitrate
# name 11 = sigma-é00: Density [sigma-theta, Kg/m^3]
# name 12 = flag:  0.000e+00
# span 0 =     -0.339,     86.355                 
# span 1 =     -0.341,     87.088                 
# span 2 =     8.7307,    14.3107                 
# span 3 =   1.797142,  40.449279                 
# span 4 =     1.1757,    33.3594                 
# span 5 =    133.801,    274.378                 
# span 6 =    -0.3520,    22.4904                 
# span 7 =      7.523,      8.265                 
# span 8 =    47.8966,    96.4156                 
# span 9 = 1.0000e-12, 1.6171e+03                 
# span 10 = -0.6972342,  7.2846034                
# span 11 =     0.1607,    25.8769                
# span 12 = 0.0000e+00, 0.0000e+00                
# interval = seconds: 1
# start_time = Feb 06 2014 17:04:02 [NMEA time, header]
# bad_flag = -9.990e-29
*END*
[from data line 112]
     69.217     69.802     9.6042  36.098053    33.3016    150.118     0.0069      7.927    91.7677 2.9218e-01  5.1980650    25.6927  0.000e+00
     69.613     70.201     9.5798  36.073961    33.2993    145.623     0.0216      7.922    91.2771 2.7996e-01  4.9331077    25.6949  0.000e+00
     70.386     70.980     9.5285  36.025920    33.2972    143.013    -0.0004      7.908    91.4062 2.3850e-01  3.6414410    25.7016  0.000e+00
     71.232     71.834     9.3493  35.852654    33.2849    142.210    -0.0077      7.900    90.8898 2.0510e-01  2.9128085    25.7210  0.000e+00
     72.018     72.626     9.2887  35.797197    33.2837    141.673    -0.0150      7.890    90.5283 1.9191e-01  3.1115265    25.7297  0.000e+00
     72.704     73.319     9.2713  35.780098    33.2819    140.453    -0.0150      7.886    90.6058 1.7560e-01  4.7343897    25.7311  0.000e+00
     73.269     73.888     9.2516  35.763744    33.2831    138.673    -0.0150      7.881    90.8123 1.5747e-01  5.1318256    25.7352  0.000e+00
     73.743     74.366     9.2173  35.739926    33.2902    138.272    -0.0150      7.876    90.9414 1.4242e-01  5.2974239    25.7462  0.000e+00
     74.283     74.911     9.1756  35.709454    33.2973    138.797    -0.0077      7.877    90.9931 1.2649e-01  5.4630222    25.7584  0.000e+00
     74.985     75.620     9.1148  35.664750    33.3073    138.989    -0.0077      7.877    90.8640 1.1188e-01  6.1585350    25.7759  0.000e+00
     75.693     76.334     9.0703  35.631653    33.3143    139.024    -0.0004      7.872    90.2442 1.0227e-01  5.7942188    25.7884  0.000e+00
     76.401     77.048     9.0057  35.582614    33.3234    139.744    -0.0004      7.868    89.3663 9.0463e-02  5.2311846    25.8057  0.000e+00
     77.138     77.791     8.9766  35.559091    33.3258    140.080    -0.0077      7.863    88.5400 7.7797e-02  4.5687915    25.8122  0.000e+00
     77.765     78.423     8.9288  35.522893    33.3326    140.354    -0.0004      7.858    87.4039 6.6933e-02  4.2044752    25.8251  0.000e+00
     78.103     78.764     8.8967  35.500185    33.3389    140.117    -0.0004      7.854    85.9320 6.2479e-02  5.3967829    25.8350  0.000e+00
     78.439     79.103     8.8928  35.497232    33.3393    139.052     0.0069      7.849    84.5893 5.8196e-02  5.8273385    25.8359  0.000e+00
     79.174     79.845     8.8721  35.481791    33.3423    137.872    -0.0077      7.840    83.7372 5.0677e-02  6.0591761    25.8415  0.000e+00
     80.247     80.927     8.8121  35.436955    33.3513    137.558    -0.0150      7.835    81.1550 3.5758e-02  6.0591761    25.8579  0.000e+00
     81.300     81.989     8.7620  35.399701    33.3589    137.504    -0.0224      7.826    77.7207 2.3085e-02  6.0591761    25.8716  0.000e+00
     81.454     82.144     8.7712  35.406094    33.3569    136.511    -0.0297      7.816    72.2207 2.6167e-02  5.7279795    25.8686  0.000e+00
     81.000     81.686     8.8166  35.440832    33.3508    135.403    -0.0224      7.821    75.0352 3.0706e-02  5.9266974    25.8568  0.000e+00
     81.049     81.736     8.8370  35.451717    33.3429    135.131    -0.0150      7.826    74.2348 3.3654e-02  6.5890906    25.8475  0.000e+00
     81.783     82.476     8.7475  35.386795    33.3589    135.641    -0.0150      7.821    74.8803 2.7011e-02  5.6948598    25.8739  0.000e+00
     82.768     83.470     8.7375  35.378502    33.3592    136.101    -0.0224      7.812    72.4014 1.7482e-02  6.2247744    25.8756  0.000e+00
     83.421     84.129     8.7307  35.372973    33.3594    135.793    -0.0297      7.807    67.5211 1.5294e-02  6.3903726    25.8769  0.000e+00
     83.254     83.960     8.7348  35.376045    33.3589    135.147    -0.0077      7.807    63.7253 1.6379e-02  6.3241333    25.8758  0.000e+00
     82.889     83.592     8.7318  35.372725    33.3584    135.272    -0.0150      7.807    66.4624 1.8793e-02  6.2910137    25.8759  0.000e+00
     82.905     83.607     8.7360  35.375982    33.3579    135.382     0.0069      7.807    65.2746 2.0516e-02  6.7546889    25.8748  0.000e+00
     83.340     84.047     8.7346  35.374878    33.3578    135.224    -0.0077      7.802    63.9835 1.7297e-02  6.3241333    25.8751  0.000e+00
     83.958     84.670     8.7310  35.372176    33.3581    135.075    -0.0077      7.802    62.2793 1.0301e-02  5.4630222    25.8758  0.000e+00
     84.381     85.097     8.7313  35.372300    33.3578    134.912    -0.0077      7.797    61.1173 4.6433e-03  6.2578940    25.8755  0.000e+00
     84.205     84.919     8.7332  35.373898    33.3577    134.733    -0.0004      7.797    59.3873 5.0932e-03  6.1585350    25.8751  0.000e+00
     83.623     84.332     8.7430  35.380594    33.3557    134.987    -0.0004      7.797    61.7112 8.8324e-03  6.0922957    25.8721  0.000e+00
     83.319     84.025     8.7400  35.378135    33.3561    134.820    -0.0004      7.797    62.0469 1.2318e-02  6.0922957    25.8728  0.000e+00
     83.687     84.396     8.7367  35.375493    33.3563    134.837    -0.0004      7.797    62.2277 1.0632e-02  6.0922957    25.8736  0.000e+00
     84.229     84.944     8.7322  35.372300    33.3569    135.151    -0.0150      7.793    61.6079 6.7757e-03  6.5228513    25.8747  0.000e+00
     84.439     85.155     8.7317  35.371809    33.3568    135.157    -0.0077      7.793    61.1948 4.1972e-03  6.5228513    25.8747  0.000e+00
     84.457     85.173     8.7316  35.371502    33.3565    134.696    -0.0077      7.793    60.5234 4.7929e-03  6.3903726    25.8745  0.000e+00
     84.410     85.125     8.7320  35.371932    33.3566    134.694    -0.0077      7.793    60.2136 5.6990e-03  6.1585350    25.8745  0.000e+00
     84.288     85.002     8.7316  35.371255    33.3564    134.985    -0.0004      7.793    59.7746 4.1972e-03  5.6617402    25.8744  0.000e+00
     84.204     84.918     8.7317  35.371255    33.3564    134.983    -0.0004      7.793    59.7488 2.4498e-03  5.8935778    25.8743  0.000e+00
     84.387     85.102     8.7318  35.371440    33.3563    134.986    -0.0004      7.788    59.7230 4.1972e-03  6.0260564    25.8743  0.000e+00
     84.891     85.611     8.7323  35.371933    33.3561    134.994    -0.0004      7.788    59.8004 1.7390e-03  6.0260564    25.8741  0.000e+00
     85.141     85.863     8.7326  35.372241    33.3561    134.536    -0.0077      7.788    59.4389 1.0000e-12  5.0324667    25.8740  0.000e+00
     84.647     85.365     8.7339  35.373039    33.3559    134.523    -0.0077      7.788    58.7676 1.0381e-03  6.0260564    25.8736  0.000e+00
     84.053     84.766     8.7369  35.375003    33.3555    134.796    -0.0004      7.788    59.2323 5.6990e-03  6.5228513    25.8729  0.000e+00
     84.245     84.959     8.7335  35.372300    33.3557    134.810    -0.0004      7.783    58.4835 6.7757e-03  6.4897316    25.8736  0.000e+00
     85.000     85.721     8.7335  35.372610    33.3557    134.823    -0.0150      7.783    57.9413 4.4942e-03  6.4897316    25.8736  0.000e+00
     85.272     85.995     8.7340  35.373041    33.3555    134.364    -0.0077      7.783    57.7089 3.6082e-03  6.6222103    25.8733  0.000e+00
     84.939     85.660     8.7340  35.372855    33.3555    134.359     0.0216      7.783    57.1666 6.4659e-03  7.0196462    25.8733  0.000e+00
     84.665     85.383     8.7332  35.372055    33.3556    134.648     0.0143      7.783    57.6056 6.6206e-03  7.2846034    25.8735  0.000e+00
     84.728     85.446     8.7335  35.372363    33.3555    134.649     0.0289      7.783    56.9084 7.4005e-03  6.0260564    25.8734  0.000e+00
     84.765     85.483     8.7333  35.372056    33.3554    134.650    -0.0004      7.783    56.9859 6.9313e-03  5.7610991    25.8734  0.000e+00
     84.718     85.436     8.7323  35.371318    33.3556    134.652    -0.0004      7.779    57.2957 6.9313e-03  5.8273385    25.8736  0.000e+00
     84.911     85.631     8.7318  35.370950    33.3556    134.195     0.0069      7.779    57.2957 4.7929e-03  5.8935778    25.8737  0.000e+00
     85.240     85.963     8.7319  35.371074    33.3554    134.201    -0.0004      7.779    57.5281 5.3953e-03  5.5955009    25.8736  0.000e+00
     85.316     86.039     8.7336  35.372549    33.3554    134.489    -0.0004      7.779    58.1220 4.0493e-03  6.1585350    25.8733  0.000e+00
     85.115     85.837     8.7328  35.371688    33.3553    134.488     0.0143      7.779    56.8826 6.7757e-03  5.9598171    25.8734  0.000e+00
     84.918     85.638     8.7329  35.371687    33.3553    134.484     0.0069      7.779    55.3591 5.3953e-03  5.7610991    25.8734  0.000e+00
     84.912     85.632     8.7339  35.372363    33.3551    134.482     0.0069      7.779    57.4765 4.4942e-03  6.1585350    25.8730  0.000e+00
     85.037     85.758     8.7338  35.372302    33.3550    134.484     0.0143      7.779    57.2441 4.7929e-03  6.3903726    25.8730  0.000e+00
     85.260     85.983     8.7342  35.372672    33.3549    134.487     0.0143      7.779    56.9859 3.7548e-03  6.4234923    25.8729  0.000e+00
     85.496     86.221     8.7354  35.373779    33.3549    134.487    -0.0004      7.779    56.7535 3.6082e-03  6.5890906    25.8726  0.000e+00
     85.392     86.117     8.7356  35.373778    33.3547    134.485     0.0143      7.779    56.9084 4.4942e-03  6.7878085    25.8725  0.000e+00
     85.030     85.751     8.7352  35.373347    33.3549    134.480     0.0143      7.779    55.2558 6.7757e-03  5.7610991    25.8727  0.000e+00
     85.000     85.721     8.7360  35.373900    33.3546    134.477     0.0069      7.774    56.1854 6.0045e-03  5.9266974    25.8724  0.000e+00
     85.401     86.125     8.7363  35.374270    33.3546    134.484     0.0069      7.774    55.4882 4.6433e-03  5.9266974    25.8723  0.000e+00
     85.759     86.486     8.7360  35.374148    33.3546    134.029     0.0069      7.774    55.2042 2.5932e-03  5.8935778    25.8723  0.000e+00
     85.823     86.551     8.7358  35.374026    33.3546    134.031     0.0069      7.774    54.7910 2.0221e-03  6.5890906    25.8724  0.000e+00
     85.689     86.416     8.7357  35.373902    33.3546    134.321     0.0143      7.774    54.5328 4.3455e-03  5.3636632    25.8724  0.000e+00
     85.522     86.247     8.7355  35.373717    33.3547    134.318     0.0216      7.774    53.1901 5.8515e-03  5.2974239    25.8725  0.000e+00
     85.270     85.993     8.7354  35.373471    33.3547    134.315     0.0143      7.774    53.4741 8.1915e-03  5.8604581    25.8725  0.000e+00
     85.037     85.758     8.7355  35.373408    33.3546    134.310     0.0216      7.774    53.9647 8.0324e-03  5.8273385    25.8724  0.000e+00
     85.108     85.830     8.7355  35.373470    33.3546    134.311     0.0143      7.774    54.6361 7.5579e-03  6.2578940    25.8724  0.000e+00
     85.483     86.208     8.7349  35.373164    33.3548    134.320    -0.0004      7.774    52.2863 6.4659e-03  6.4566120    25.8726  0.000e+00
     85.948     86.677     8.7346  35.373104    33.3547    134.329    -0.0004      7.774    55.7206 5.6990e-03  6.5228513    25.8727  0.000e+00
     86.294     87.026     8.7341  35.372737    33.3547    134.337    -0.0004      7.769    55.5657 3.0257e-03  6.5228513    25.8727  0.000e+00
     86.175     86.906     8.7338  35.372675    33.3549    134.335     0.0069      7.769    55.2816 2.8812e-03  5.3967829    25.8729  0.000e+00
     85.641     86.367     8.7346  35.372919    33.3547    134.324     0.0143      7.769    55.5140 6.1579e-03  5.7610991    25.8727  0.000e+00
     85.111     85.833     8.7347  35.372733    33.3547    134.315     0.0069      7.769    54.7652 7.8738e-03  6.0260564    25.8726  0.000e+00
     85.130     85.852     8.7347  35.372733    33.3547    134.315    -0.0004      7.769    53.9905 6.0045e-03  5.9266974    25.8726  0.000e+00
     85.764     86.492     8.7347  35.373104    33.3548    134.326    -0.0077      7.769    54.0164 3.7548e-03  6.4566120    25.8727  0.000e+00
     86.190     86.922     8.7345  35.373044    33.3546    134.334    -0.0150      7.769    54.1971 2.7370e-03  5.9929368    25.8726  0.000e+00
     85.936     86.665     8.7346  35.373043    33.3547    134.329     0.0069      7.769    55.2300 4.7929e-03  6.0922957    25.8726  0.000e+00
     85.571     86.297     8.7348  35.372980    33.3546    134.323     0.0289      7.769    55.3849 4.1972e-03  6.9534068    25.8725  0.000e+00
     85.496     86.221     8.7352  35.373164    33.3545    134.320     0.0143      7.769    54.0938 7.0872e-03  6.5890906    25.8724  0.000e+00
     85.567     86.293     8.7347  35.372857    33.3545    134.323     0.0143      7.769    54.6619 6.0045e-03  5.9929368    25.8725  0.000e+00
     85.705     86.432     8.7348  35.372981    33.3546    134.325     0.0143      7.769    55.2300 7.4005e-03  6.1585350    25.8725  0.000e+00
     86.014     86.744     8.7347  35.373105    33.3546    134.331     0.0069      7.769    55.2300 5.8515e-03  6.9865265    25.8726  0.000e+00
     86.355     87.088     8.7349  35.373413    33.3546    134.336     0.0069      7.769    55.4365 4.3455e-03  5.9266974    25.8725  0.000e+00
     86.342     87.075     8.7349  35.373290    33.3544    134.336     0.0069      7.769    56.2112 3.4620e-03  5.9266974    25.8724  0.000e+00
     85.865     86.594     8.7350  35.373288    33.3546    134.328    -0.0004      7.769    57.2182 5.3953e-03  6.0260564    25.8725  0.000e+00
     85.379     86.104     8.7352  35.373225    33.3545    134.319     0.0069      7.769    56.1337 7.7156e-03  6.0922957    25.8724  0.000e+00
     85.465     86.190     8.7350  35.373041    33.3545    134.321     0.0069      7.769    55.3074 9.6436e-03  5.8604581    25.8724  0.000e+00
     85.939     86.668     8.7348  35.373043    33.3545    134.330    -0.0004      7.764    55.1267 6.9313e-03  6.6553299    25.8725  0.000e+00
     85.926     86.655     8.7348  35.373166    33.3546    133.868    -0.0077      7.769    55.6173 4.0493e-03  6.6222103    25.8725  0.000e+00
     85.195     85.917     8.7344  35.372487    33.3546    133.856     0.0069      7.764    57.0891 4.0493e-03  6.1254154    25.8726  0.000e+00
     84.302     85.016     8.7350  35.372423    33.3544    134.131    -0.0004      7.764    55.4624 9.1555e-03  4.7343897    25.8723  0.000e+00
     83.634     84.343     8.7346  35.371867    33.3545    134.582     0.0069      7.764    54.6877 1.3875e-02  5.5292615    25.8724  0.000e+00
     83.291     83.997     8.7349  35.371866    33.3544    134.576     0.0143      7.764    55.2042 1.5115e-02  5.5955009    25.8723  0.000e+00
     82.859     83.561     8.7351  35.371803    33.3544    133.815     0.0143      7.764    55.5398 1.8415e-02  5.9266974    25.8722  0.000e+00
     81.999     82.694     8.7348  35.371124    33.3543    133.801     0.0069      7.764    56.1079 2.9163e-02  7.1521248    25.8723  0.000e+00
     81.028     81.714     8.7366  35.372350    33.3543    134.531     0.0069      7.764    55.4882 3.8404e-02  6.1585350    25.8720  0.000e+00
     80.308     80.988     8.7504  35.382917    33.3528    134.478     0.0143      7.764    55.5398 3.9387e-02  6.4897316    25.8686  0.000e+00
     79.769     80.444     8.7717  35.399203    33.3500    134.114     0.0069      7.769    57.7089 4.3429e-02  6.7546889    25.8631  0.000e+00
     79.160     79.830     8.7940  35.416659    33.3476    134.497    -0.0004      7.769    62.6408 4.6316e-02  6.6884496    25.8577  0.000e+00
     78.507     79.172     8.8287  35.442913    33.3428    134.382    -0.0077      7.774    64.1901 5.0399e-02  5.7610991    25.8486  0.000e+00
     77.769     78.427     8.8467  35.455887    33.3397    134.486    -0.0077      7.773    68.0376 5.9403e-02  4.9662274    25.8434  0.000e+00
     76.999     77.650     8.8807  35.481413    33.3348    134.829     0.0069      7.778    69.3545 7.2243e-02  5.1980650    25.8343  0.000e+00
     76.576     77.224     8.9115  35.502701    33.3283    134.901    -0.0150      7.783    72.1690 7.8866e-02  6.1254154    25.8243  0.000e+00
