Arg_Leg3_G01_NV.cnv
* Sea-Bird SBE 9 Data File:
* FileName = S:\CTD_Data\CTD\Data\Argentina 2014\Data\Leg3\Arg_Leg3_G01.hex
* Software Version Seasave V 7.21g
* Temperature SN = 5769
* Conductivity SN = 4244
* Number of Bytes Per Scan = 31
* Number of Voltage Words = 4
* Number of Scans Averaged by the Deck Unit = 24
* NMEA Latitude = 46 35.59 S
* NMEA Longitude = 066 55.08 W
* NMEA UTC (Time) = Feb 14 2014 18:30:14
* NMEA baud rate = 9600
** R/V Coriolis II
** MARES project, ARGENTINA 2014
** Chief scientist : Dr. Gustavo Ferreyra
** Co-Chief scientist : Dr. José Luis Esteves
# nquan = 13
# nvalues = 576                                   
# units = specified
# name 0 = depSM: Depth [salt water, m]
# name 1 = prDM: Pressure, Digiquartz [db]
# name 2 = t090C: Temperature [ITS-90, deg C]
# name 3 = c0mS/cm: Conductivity [mS/cm]
# name 4 = sal00: Salinity, Practical [PSU]
# name 5 = sbeox0Mm/Kg: Oxygen, SBE 43 [umol/Kg]
# name 6 = flECO-AFL: Fluorescence, WET Labs ECO-AFL/FL [mg/m^3]
# name 7 = ph: pH
# name 8 = CStarTr0: Beam Transmission, WET Labs C-Star [%]
# name 9 = par: PAR/Irradiance, Biospherical/Licor
# name 10 = upoly0: Upoly 0, Nitrate
# name 11 = sigma-é00: Density [sigma-theta, Kg/m^3]
# name 12 = flag:  0.000e+00
# span 0 =     -0.087,     79.138                 
# span 1 =     -0.087,     79.812                 
# span 2 =     8.4780,    15.6432                 
# span 3 =   2.073904,  41.251681                 
# span 4 =     1.3212,    33.4039                 
# span 5 =    143.136,    284.195                 
# span 6 =    -0.3374,    19.4135                 
# span 7 =      7.774,      8.302                 
# span 8 =    40.6149,    96.1058                 
# span 9 = 1.0000e-12, 1.7793e+03                 
# span 10 = -0.7634735,  4.2707145                
# span 11 =     0.0712,    25.9477                
# span 12 = 0.0000e+00, 0.0000e+00                
# interval = seconds: 1
# start_time = Feb 14 2014 18:30:14 [NMEA time, header]
# bad_flag = -9.990e-29
*END*
[from data line 445]
     20.261     20.431    14.1099  40.147289    33.2323    238.258     3.3989      8.228    86.2419 1.8201e+01 -0.4985162    24.7991  0.000e+00
     20.432     20.603    14.1025  40.140827    33.2327    236.953     3.4062      8.228    86.4743 1.6772e+01 -0.4985162    24.8009  0.000e+00
     20.202     20.371    14.1074  40.145479    33.2329    237.175     3.1937      8.228    86.6292 1.7349e+01 -0.4985162    24.8000  0.000e+00
     19.917     20.084    14.1149  40.152523    33.2330    237.424     3.3256      8.228    86.3710 1.9585e+01 -0.4985162    24.7985  0.000e+00
     20.014     20.182    14.1165  40.153493    33.2325    237.522     3.6406      8.228    86.2677 2.0488e+01 -0.4985162    24.7978  0.000e+00
     20.387     20.558    14.1032  40.141279    33.2325    237.646     3.7798      8.228    86.3452 1.8564e+01 -0.4985162    24.8006  0.000e+00
     20.548     20.720    14.0964  40.135140    33.2326    237.984     3.4648      8.228    86.6292 1.7155e+01 -0.5647556    24.8021  0.000e+00
     20.385     20.556    14.0999  40.138435    33.2327    238.160     3.2157      8.224    86.7325 1.7058e+01 -0.4985162    24.8015  0.000e+00
     20.092     20.260    14.1062  40.144186    33.2328    237.027     3.2230      8.228    86.4743 1.8048e+01 -0.4985162    24.8002  0.000e+00
     19.742     19.907    14.1155  40.153104    33.2331    238.712     3.3549      8.228    86.2935 2.0145e+01 -0.5647556    24.7985  0.000e+00
     19.630     19.795    14.1246  40.161507    33.2330    238.364     3.6406      8.228    86.2161 2.1799e+01 -0.4985162    24.7965  0.000e+00
     20.018     20.186    14.1159  40.152911    33.2324    235.340     3.9630      8.228    86.2677 1.9975e+01 -0.4985162    24.7979  0.000e+00
     20.469     20.640    14.0981  40.136561    33.2325    238.970     3.4502      8.228    86.3710 1.6867e+01 -0.5647556    24.8017  0.000e+00
     20.353     20.523    14.0988  40.137724    33.2330    238.410     3.2817      8.224    86.7325 1.6915e+01 -0.4985162    24.8019  0.000e+00
     19.968     20.135    14.1087  40.146771    33.2330    236.567     3.1351      8.228    86.5001 1.9311e+01 -0.4985162    24.7998  0.000e+00
     19.939     20.107    14.1129  40.150390    33.2327    236.144     3.4428      8.228    86.3193 2.0431e+01 -0.5978752    24.7988  0.000e+00
     20.226     20.395    14.1060  40.144057    33.2327    236.882     3.7872      8.228    86.3968 1.8934e+01 -0.4985162    24.8002  0.000e+00
     20.459     20.630    14.0965  40.135139    33.2326    237.729     3.5747      8.228    86.5776 1.7301e+01 -0.4985162    24.8021  0.000e+00
     20.279     20.449    14.0983  40.137142    33.2330    236.969     3.2524      8.224    86.8100 1.7349e+01 -0.6309949    24.8020  0.000e+00
     19.657     19.822    14.1171  40.155043    33.2336    237.207     3.1498      8.228    86.5517 1.9919e+01 -0.4985162    24.7985  0.000e+00
     19.158     19.318    14.1380  40.174823    33.2340    238.330     3.4428      8.228    86.2419 2.3128e+01 -0.4985162    24.7944  0.000e+00
     19.035     19.194    14.1413  40.178314    33.2344    239.850     3.7359      8.228    86.2419 2.3456e+01 -0.6309949    24.7941  0.000e+00
     18.822     18.979    14.1809  40.219830    33.2387    237.314     3.6113      8.233    86.2161 2.3588e+01 -0.4985162    24.7891  0.000e+00
     18.209     18.362    14.3355  40.375639    33.2492    237.967     3.3915      8.232    85.8029 2.6327e+01 -0.4985162    24.7648  0.000e+00
     17.488     17.635    14.4294  40.465077    33.2509    239.828     3.1644      8.236    85.8287 3.1174e+01 -0.6309949    24.7463  0.000e+00
     16.987     17.130    14.4600  40.496333    33.2534    238.987     3.7139      8.236    85.6996 3.5285e+01 -0.4985162    24.7418  0.000e+00
     16.618     16.757    14.4752  40.513911    33.2566    238.808     3.6187      8.241    85.5189 3.7329e+01 -0.4985162    24.7410  0.000e+00
     16.148     16.283    14.5353  40.573740    33.2600    239.815     3.1864      8.240    84.7959 3.9826e+01 -0.5978752    24.7309  0.000e+00
     15.429     15.558    14.5693  40.605549    33.2602    237.540     3.1791      8.240    84.5118 4.5331e+01 -0.4985162    24.7238  0.000e+00
     14.700     14.823    14.5735  40.609702    33.2607    238.920     3.3403      8.245    83.9954 5.4737e+01 -0.4985162    24.7233  0.000e+00
     14.237     14.356    14.5830  40.619051    33.2613    240.157     3.4575      8.245    83.5306 6.1430e+01 -0.4985162    24.7217  0.000e+00
     13.888     14.005    14.5902  40.626648    33.2622    241.489     3.4721      8.249    83.0400 6.3540e+01 -0.4985162    24.7208  0.000e+00
     13.371     13.483    14.6414  40.676277    33.2638    241.025     3.1278      8.249    82.8334 6.8748e+01 -0.4985162    24.7111  0.000e+00
     12.781     12.888    14.7600  40.785170    33.2618    241.609     2.8787      8.249    83.2724 7.8467e+01 -0.4985162    24.6842  0.000e+00
     12.144     12.246    14.9673  40.969812    33.2528    241.252     3.0472      8.252    83.8146 8.7319e+01 -0.4985162    24.6327  0.000e+00
     11.543     11.640    15.1291  41.112169    33.2441    241.958     2.8494      8.252    83.5564 1.0484e+02 -0.4985162    24.5908  0.000e+00
     11.122     11.215    15.1856  41.160666    33.2400    242.627     2.9227      8.251    83.3240 1.1471e+02 -0.4985162    24.5753  0.000e+00
     10.741     10.831    15.2032  41.177315    33.2403    242.857     2.8421      8.251    82.8334 1.2307e+02 -0.4985162    24.5717  0.000e+00
     10.137     10.221    15.2618  41.232311    33.2404    239.841     1.6553      8.251    82.4461 1.4046e+02 -0.4985162    24.5589  0.000e+00
      9.353      9.431    15.2788  41.246356    33.2388    239.301     1.7725      8.251    82.6527 1.6442e+02 -0.4985162    24.5540  0.000e+00
      8.635      8.708    15.2795  41.247725    33.2398    238.396     1.9630      8.251    82.8076 1.9739e+02 -0.4985162    24.5545  0.000e+00
      8.043      8.111    15.2749  41.243737    33.2403    239.021     1.8677      8.251    82.7818 2.0590e+02 -0.4985162    24.5559  0.000e+00
      7.474      7.537    15.2629  41.233215    33.2412    239.826     1.5820      8.256    82.5494 2.4306e+02 -0.4985162    24.5593  0.000e+00
      6.803      6.860    15.2584  41.229423    33.2419    240.924     1.4062      8.251    82.3170 2.8133e+02 -0.5978752    24.5607  0.000e+00
      6.230      6.282    15.2563  41.227265    33.2420    240.770     1.3915      8.256    82.2653 3.8008e+02 -0.4985162    24.5613  0.000e+00
      5.849      5.898    15.2533  41.225172    33.2428    238.213     1.4428      8.256    82.2395 3.6336e+02 -0.4985162    24.5625  0.000e+00
      5.242      5.285    15.2632  41.234056    33.2426    239.646     1.3769      8.251    82.1620 4.2533e+02 -0.5978752    24.5601  0.000e+00
      4.302      4.338    15.2606  41.231373    33.2427    240.543     1.1205      8.256    82.2395 5.8276e+02 -0.4985162    24.5608  0.000e+00
      3.490      3.520    15.2570  41.227580    33.2428    239.148     1.2084      8.256    82.3428 7.5692e+02 -0.4985162    24.5616  0.000e+00
      3.196      3.223    15.2400  41.212227    33.2434    239.877     1.2084      8.256    81.9555 7.9398e+02 -0.6641145    24.5658  0.000e+00
      2.802      2.825    15.2364  41.209286    33.2440    240.576     1.0912      8.256    82.1620 8.9602e+02 -0.5647556    24.5670  0.000e+00
      1.758      1.773    15.2650  41.235283    33.2435    241.357     1.0179      8.256    82.1879 1.2346e+03 -0.6641145    24.5604  0.000e+00
      1.086      1.095    15.2841  41.251681    33.2424    237.781     1.0179      8.256    82.1879 1.5031e+03 -0.5316359    24.5553  0.000e+00
      1.093      1.102    15.2689  41.237763    33.2427    236.794     0.9813      8.256    81.6198 1.2987e+03 -0.5647556    24.5589  0.000e+00
      0.931      0.939    15.2536  41.224892    33.2442    239.668     0.9666      8.256    81.9296 1.6400e+03 -0.6641145    24.5633  0.000e+00
      1.465      1.477    15.2665  41.236850    33.2438    238.491     0.9080      8.256    82.2137 1.1284e+03 -0.4985162    24.5603  0.000e+00
      1.903      1.919    15.2667  41.236982    33.2436    238.614     0.8421      8.256    82.2137 9.0870e+02 -0.4985162    24.5600  0.000e+00
      1.410      1.422    15.2627  41.233322    33.2438    240.004     0.8348      8.256    81.3357 1.3893e+03 -0.6641145    24.5611  0.000e+00
      1.467      1.479    15.2697  41.240117    33.2441    240.265     0.8787      8.256    80.1738 9.8590e+02 -0.4985162    24.5598  0.000e+00
      1.782      1.797    15.2735  41.243516    33.2438    239.235     0.8787      8.256    81.4390 3.9534e+02 -0.4985162    24.5587  0.000e+00
      1.606      1.620    15.2658  41.236720    33.2442    238.901     0.8128      8.256    82.0329 1.1936e+03 -0.5978752    24.5607  0.000e+00
      1.898      1.914    15.2682  41.239335    33.2444    240.248     0.8421      8.256    81.9555 7.8731e+02 -0.5978752    24.5604  0.000e+00
      2.336      2.356    15.2703  41.241362    33.2443    239.594     0.8274      8.256    82.1104 5.0919e+02 -0.6309949    24.5598  0.000e+00
      2.376      2.395    15.2687  41.239990    33.2444    238.399     0.7981      8.256    82.1104 8.0522e+02 -0.6309949    24.5603  0.000e+00
      2.101      2.118    15.2675  41.238682    33.2444    239.090     0.8421      8.256    81.9813 1.0459e+03 -0.5647556    24.5605  0.000e+00
      2.029      2.046    15.2668  41.238094    33.2445    239.127     0.8861      8.256    78.5728 1.0757e+03 -0.4985162    24.5607  0.000e+00
      2.478      2.499    15.2678  41.239468    33.2447    239.610     0.9080      8.256    81.1292 9.0870e+02 -0.4985162    24.5607  0.000e+00
      2.419      2.439    15.2666  41.238030    33.2444    240.125     0.8934      8.256    81.8005 8.0749e+02 -0.4985162    24.5607  0.000e+00
      2.263      2.282    15.2675  41.238487    33.2441    239.095     0.8861      8.256    81.6973 1.0284e+03 -0.5647556    24.5603  0.000e+00
      2.460      2.481    15.2680  41.239598    33.2446    239.244     0.8934      8.256    81.3874 9.6397e+02 -0.5647556    24.5606  0.000e+00
      2.343      2.363    15.2675  41.237703    33.2434    238.952     0.8934      8.256    81.6714 9.8868e+02 -0.4985162    24.5598  0.000e+00
      2.069      2.086    15.2685  41.236852    33.2419    239.088     0.8934      8.256    80.7677 1.2173e+03 -0.4985162    24.5584  0.000e+00
      2.347      2.367    15.2679  41.236396    33.2419    239.135     0.9154      8.256    78.7278 1.1315e+03 -0.5316359    24.5585  0.000e+00
      2.660      2.682    15.2684  41.237116    33.2420    239.289     0.8787      8.256    78.3146 8.5902e+02 -0.5978752    24.5585  0.000e+00
      2.383      2.403    15.2700  41.239075    33.2425    239.454     0.8934      8.256    80.4836 1.1033e+03 -0.5316359    24.5585  0.000e+00
      2.002      2.019    15.2746  41.244432    33.2436    238.579     0.8934      8.256    80.0963 1.2037e+03 -0.5978752    24.5583  0.000e+00
      2.172      2.190    15.2743  41.241688    33.2413    238.918     0.8861      8.256    79.4249 1.0818e+03 -0.5316359    24.5567  0.000e+00
      2.504      2.525    15.2756  41.245741    33.2437    239.283     0.8861      8.256    80.4836 9.0615e+02 -0.5647556    24.5582  0.000e+00
      2.455      2.475    15.2752  41.242996    33.2415    239.761     0.8787      8.256    81.4907 9.6669e+02 -0.6309949    24.5566  0.000e+00
      2.322      2.342    15.2814  41.250184    33.2429    238.412     0.8934      8.256    80.8710 1.1475e+03 -0.6309949    24.5563  0.000e+00
      2.414      2.434    15.2776  41.246394    33.2426    238.397     0.9227      8.256    80.7418 1.0727e+03 -0.6309949    24.5570  0.000e+00
      2.489      2.509    15.2748  41.245937    33.2446    241.438     0.9227      8.256    81.2066 1.0971e+03 -0.6309949    24.5591  0.000e+00
      2.346      2.366    15.2736  41.244891    33.2446    239.614     0.9080      8.256    81.5423 1.1315e+03 -0.5647556    24.5594  0.000e+00
      2.223      2.241    15.2749  41.244367    33.2431    238.331     0.9300      8.256    81.2066 1.0971e+03 -0.4985162    24.5579  0.000e+00
      2.168      2.186    15.2744  41.244694    33.2439    238.585     0.9373      8.256    81.5165 1.1508e+03 -0.5978752    24.5586  0.000e+00
      2.485      2.505    15.2734  41.244042    33.2440    239.584     0.9373      8.256    81.5165 1.1638e+03 -0.4985162    24.5589  0.000e+00
      2.482      2.503    15.2741  41.245545    33.2448    239.616     0.9373      8.256    81.4649 9.3725e+02 -0.4985162    24.5594  0.000e+00
      2.240      2.258    15.2741  41.244956    33.2443    238.734     0.9154      8.256    81.4390 1.1540e+03 -0.6309949    24.5590  0.000e+00
      2.314      2.334    15.2741  41.245152    33.2445    237.933     0.9300      8.256    81.5940 1.0818e+03 -0.5647556    24.5592  0.000e+00
      2.425      2.446    15.2745  41.245610    33.2445    238.773     0.9080      8.256    81.7747 1.1347e+03 -0.5316359    24.5591  0.000e+00
      2.362      2.382    15.2741  41.244695    33.2441    239.649     0.8934      8.256    81.8522 1.1002e+03 -0.5978752    24.5588  0.000e+00
      2.335      2.355    15.2740  41.244564    33.2440    237.970     0.9007      8.256    81.8522 1.1347e+03 -0.5647556    24.5588  0.000e+00
      2.430      2.450    15.2742  41.244368    33.2437    238.119     0.9080      8.256    81.9813 9.8313e+02 -0.6309949    24.5585  0.000e+00
      2.310      2.329    15.2744  41.244433    33.2436    241.143     0.9080      8.256    81.7747 1.1475e+03 -0.6309949    24.5584  0.000e+00
      2.293      2.312    15.2742  41.245152    33.2444    239.646     0.9300      8.256    81.8005 9.9146e+02 -0.6309949    24.5591  0.000e+00
      2.361      2.380    15.2739  41.244956    33.2445    240.345     0.9447      8.260    81.6456 1.0400e+03 -0.6309949    24.5592  0.000e+00
      2.248      2.267    15.2738  41.244302    33.2440    239.757     0.9520      8.260    81.8005 1.0848e+03 -0.6309949    24.5588  0.000e+00
      2.365      2.385    15.2738  41.244695    33.2443    238.995     0.9520      8.256    82.0329 1.2242e+03 -0.6309949    24.5591  0.000e+00
      2.479      2.500    15.2736  41.244499    33.2443    238.743     0.9520      8.260    81.9555 1.0313e+03 -0.6309949    24.5591  0.000e+00
      2.245      2.264    15.2729  41.244106    33.2446    241.185     0.9373      8.260    81.8780 1.0284e+03 -0.6309949    24.5595  0.000e+00
      2.354      2.373    15.2730  41.243845    33.2442    238.778     0.9227      8.256    81.9296 1.0667e+03 -0.5978752    24.5592  0.000e+00
      2.417      2.437    15.2735  41.244172    33.2441    236.992     0.9300      8.260    81.8522 1.1671e+03 -0.5978752    24.5590  0.000e+00
      2.336      2.355    15.2730  41.244237    33.2446    240.602     0.9447      8.260    81.8522 1.1220e+03 -0.5978752    24.5595  0.000e+00
      2.492      2.513    15.2729  41.244107    33.2445    239.476     0.9373      8.260    82.1104 1.1064e+03 -0.5316359    24.5594  0.000e+00
      2.323      2.342    15.2722  41.243192    33.2444    238.709     0.9300      8.260    82.1620 9.3725e+02 -0.5647556    24.5595  0.000e+00
      1.920      1.936    15.2722  41.243582    33.2448    240.082     0.9080      8.260    81.9038 1.2485e+03 -0.5978752    24.5598  0.000e+00
      2.005      2.021    15.2725  41.243452    33.2445    237.602     0.8861      8.260    81.5940 1.0879e+03 -0.6309949    24.5595  0.000e+00
      2.395      2.415    15.2699  41.241951    33.2451    240.875     0.9007      8.260    81.8522 1.0255e+03 -0.6309949    24.5605  0.000e+00
      2.054      2.071    15.2725  41.244236    33.2451    240.157     0.8714      8.260    82.0846 1.1803e+03 -0.6309949    24.5600  0.000e+00
      1.341      1.353    15.2749  41.245475    33.2444    237.791     0.8494      8.260    81.9555 1.3738e+03 -0.6309949    24.5589  0.000e+00
