Arg_L2_F1_NV.cnv
* Sea-Bird SBE 9 Data File:
* FileName = S:\CTD_Data\CTD\Data\Argentina 2014\Data\Arg_L2_F1.hex
* Software Version Seasave V 7.21g
* Temperature SN = 5769
* Conductivity SN = 4244
* Number of Bytes Per Scan = 31
* Number of Voltage Words = 4
* Number of Scans Averaged by the Deck Unit = 24
* NMEA Latitude = 46 33.58 S
* NMEA Longitude = 065 51.09 W
* NMEA UTC (Time) = Feb 06 2014 21:28:04
* NMEA baud rate = 9600
** R/V Coriolis II
** MARES project, ARGENTINA 2014
** Chief scientist : Dr. Gustavo Ferreyra
** Co-Chief scientist : Dr. José Luis Esteves
# nquan = 13
# nvalues = 669                                   
# units = specified
# name 0 = depSM: Depth [salt water, m]
# name 1 = prDM: Pressure, Digiquartz [db]
# name 2 = t090C: Temperature [ITS-90, deg C]
# name 3 = c0mS/cm: Conductivity [mS/cm]
# name 4 = sal00: Salinity, Practical [PSU]
# name 5 = sbeox0Mm/Kg: Oxygen, SBE 43 [umol/Kg]
# name 6 = flECO-AFL: Fluorescence, WET Labs ECO-AFL/FL [mg/m^3]
# name 7 = ph: pH
# name 8 = CStarTr0: Beam Transmission, WET Labs C-Star [%]
# name 9 = par: PAR/Irradiance, Biospherical/Licor
# name 10 = upoly0: Upoly 0, Nitrate
# name 11 = sigma-é00: Density [sigma-theta, Kg/m^3]
# name 12 = flag:  0.000e+00
# span 0 =     -0.297,     84.302                 
# span 1 =     -0.299,     85.022                 
# span 2 =    10.8705,    12.9543                 
# span 3 =  17.478764,  38.727468                 
# span 4 =    13.8324,    33.2006                 
# span 5 =    174.273,    264.832                 
# span 6 =    -0.2422,    25.1058                 
# span 7 =      8.007,      8.188                 
# span 8 =     6.3494,    96.0025                 
# span 9 = 1.0000e-12, 1.0112e+03                 
# span 10 = -0.5316359,  18.412809                
# span 11 =    10.1069,    25.3987                
# span 12 = 0.0000e+00, 0.0000e+00                
# interval = seconds: 1
# start_time = Feb 06 2014 21:28:04 [NMEA time, header]
# bad_flag = -9.990e-29
*END*
[from data line 334]
     59.977     60.485    11.2836  37.492018    33.1733    196.011     0.0582      8.053    86.0869 2.0086e-01  10.563450    25.3038  0.000e+00
     60.076     60.585    11.2936  37.501766    33.1739    195.970     0.0362      8.053    86.0095 1.8989e-01  10.099774    25.3024  0.000e+00
     60.133     60.642    11.2842  37.492962    33.1736    196.415     0.0436      8.053    86.5517 1.8069e-01  9.5698598    25.3039  0.000e+00
     60.290     60.801    11.2500  37.465173    33.1769    196.965     0.0509      8.053    86.2935 1.7123e-01  10.795287    25.3127  0.000e+00
     60.532     61.045    11.2619  37.475295    33.1761    196.678     0.0436      8.053    85.5447 1.5517e-01  10.298492    25.3099  0.000e+00
     60.606     61.120    11.2499  37.465426    33.1772    196.082     0.0436      8.048    85.5189 1.4404e-01  10.166014    25.3129  0.000e+00
     60.345     60.857    11.2504  37.466053    33.1775    195.669     0.0436      8.053    85.3898 1.4512e-01  10.066655    25.3130  0.000e+00
     60.032     60.541    11.2695  37.481204    33.1753    195.423     0.0509      8.048    85.8546 1.5289e-01  9.8348171    25.3079  0.000e+00
     60.008     60.517    11.2720  37.483216    33.1750    195.252     0.0582      8.053    85.8804 1.5233e-01  9.8016974    25.3072  0.000e+00
     60.177     60.687    11.2673  37.479004    33.1751    195.923     0.0582      8.053    85.7771 1.4028e-01  9.8348171    25.3081  0.000e+00
     60.273     60.784    11.2507  37.465550    33.1767    196.238     0.0436      8.053    85.5963 1.3454e-01  9.8679368    25.3124  0.000e+00
     60.337     60.848    11.2308  37.449773    33.1790    196.482     0.0362      8.048    84.8475 1.2846e-01  9.8348171    25.3177  0.000e+00
     60.433     60.945    11.2325  37.451470    33.1791    196.072     0.0362      8.048    84.4860 1.2211e-01  10.066655    25.3175  0.000e+00
     60.487     61.000    11.2441  37.460522    33.1776    194.975     0.0362      8.048    85.1315 1.1785e-01  9.8679368    25.3143  0.000e+00
     60.423     60.935    11.2519  37.466871    33.1768    194.377     0.0362      8.048    85.0541 1.1553e-01  9.7685778    25.3122  0.000e+00
     60.330     60.841    11.2616  37.474792    33.1760    194.822     0.0362      8.048    85.3123 1.1692e-01  9.7354581    25.3098  0.000e+00
     60.344     60.855    11.2696  37.481393    33.1753    195.277     0.0362      8.053    85.7513 1.1143e-01  9.4373812    25.3079  0.000e+00
     60.478     60.991    11.2483  37.463350    33.1766    196.177     0.0362      8.053    85.6738 1.0876e-01  9.4042615    25.3127  0.000e+00
     60.498     61.011    11.2461  37.462659    33.1779    196.185     0.0362      8.053    85.1315 1.0526e-01  9.2386632    25.3141  0.000e+00
     60.373     60.885    11.2634  37.476804    33.1763    195.623     0.0289      8.053    85.1315 1.0744e-01  9.0399453    25.3098  0.000e+00
     60.298     60.810    11.2739  37.484914    33.1749    195.578     0.0509      8.053    85.5963 1.1324e-01  9.0399453    25.3068  0.000e+00
     60.335     60.847    11.2723  37.483531    33.1750    195.990     0.0436      8.053    85.7254 1.1415e-01  10.166014    25.3071  0.000e+00
     60.434     60.947    11.2605  37.473912    33.1760    196.445     0.0362      8.053    85.6738 1.1324e-01  10.066655    25.3101  0.000e+00
     60.579     61.092    11.2516  37.467060    33.1773    196.242     0.0509      8.053    85.3639 1.1324e-01  9.8016974    25.3127  0.000e+00
     60.706     61.221    11.2389  37.455619    33.1773    196.055     0.0436      8.053    85.1057 1.1054e-01  9.5698598    25.3150  0.000e+00
     60.692     61.207    11.2313  37.450402    33.1790    195.680     0.0436      8.048    84.6926 1.1098e-01  9.7354581    25.3177  0.000e+00
     60.548     61.061    11.2329  37.451345    33.1786    195.266     0.0509      8.048    84.5635 1.1739e-01  9.8348171    25.3170  0.000e+00
     60.420     60.932    11.2337  37.451721    33.1783    195.100     0.0509      8.048    84.7184 1.2356e-01  9.7685778    25.3166  0.000e+00
     60.409     60.921    11.2255  37.445185    33.1792    194.972     0.0509      8.048    84.5118 1.2600e-01  9.6692188    25.3188  0.000e+00
     60.480     60.992    11.2197  37.440345    33.1797    194.838     0.0509      8.048    83.5822 1.2260e-01  10.132894    25.3203  0.000e+00
     60.548     61.061    11.2188  37.439717    33.1798    194.683     0.0436      8.048    83.8146 1.1739e-01  10.430971    25.3206  0.000e+00
     60.573     61.087    11.2278  37.447134    33.1790    194.486     0.0509      8.048    84.0470 1.1370e-01  10.066655    25.3183  0.000e+00
     60.599     61.113    11.2412  37.457693    33.1773    194.676     0.0436      8.048    84.6926 1.1279e-01  9.4705009    25.3146  0.000e+00
     60.698     61.213    11.2364  37.454111    33.1781    194.942     0.0436      8.048    84.6409 1.0832e-01  9.9010564    25.3160  0.000e+00
     60.711     61.225    11.2601  37.473661    33.1761    194.845     0.0436      8.053    84.8217 1.0142e-01  9.8679368    25.3102  0.000e+00
     60.532     61.045    11.2429  37.459013    33.1772    195.316     0.0436      8.053    85.2607 1.0184e-01  10.099774    25.3142  0.000e+00
     60.441     60.954    11.2507  37.465613    33.1767    195.685     0.0436      8.048    85.1832 1.0269e-01  10.364732    25.3123  0.000e+00
     60.577     61.091    11.2438  37.459642    33.1770    195.878     0.0582      8.048    84.7959 1.0100e-01  10.563450    25.3138  0.000e+00
     60.763     61.278    11.2296  37.448643    33.1788    195.697     0.0582      8.048    84.6409 9.3623e-02  9.9010564    25.3178  0.000e+00
     60.866     61.383    11.2295  37.448517    33.1787    195.456     0.0509      8.048    84.6409 8.6991e-02  9.9341761    25.3177  0.000e+00
     60.726     61.241    11.2278  37.447134    33.1789    195.055     0.0582      8.048    84.4085 8.8523e-02  9.9672957    25.3182  0.000e+00
     60.383     60.895    11.2312  37.449961    33.1788    195.032     0.0509      8.048    84.5118 9.7675e-02  9.9010564    25.3175  0.000e+00
     60.325     60.837    11.2370  37.454109    33.1777    195.252     0.0436      8.048    85.0541 1.0058e-01  10.430971    25.3156  0.000e+00
     60.651     61.165    11.2310  37.449585    33.1785    194.880     0.0436      8.048    84.6668 9.0854e-02  10.828407    25.3173  0.000e+00
     60.755     61.270    11.2299  37.448643    33.1786    194.887     0.0362      8.048    84.4860 8.5854e-02  10.795287    25.3176  0.000e+00
     60.577     61.091    11.2284  37.447385    33.1787    195.133     0.0509      8.048    84.4860 9.0463e-02  10.430971    25.3180  0.000e+00
     60.497     61.010    11.2288  37.447448    33.1785    195.130     0.0509      8.048    84.5376 9.4424e-02  9.9672957    25.3177  0.000e+00
     60.524     61.037    11.2340  37.451847    33.1781    195.109     0.0436      8.048    84.6926 9.4424e-02  9.9341761    25.3165  0.000e+00
     60.287     60.798    11.2364  37.453481    33.1777    195.498     0.0289      8.048    84.7442 9.8086e-02  9.9010564    25.3157  0.000e+00
     59.686     60.192    11.2387  37.455176    33.1775    195.473     0.0362      8.048    84.6926 1.0876e-01  10.000415    25.3151  0.000e+00
     58.939     59.438    11.2472  37.462213    33.1771    195.175     0.0655      8.048    84.5376 1.2308e-01  10.298492    25.3133  0.000e+00
     58.178     58.671    11.2868  37.495030    33.1742    194.993     0.0875      8.053    84.5118 1.4082e-01  9.7023385    25.3039  0.000e+00
     57.514     58.001    11.3216  37.523771    33.1714    195.637     0.0729      8.053    84.7959 1.5922e-01  9.6360991    25.2954  0.000e+00
     56.956     57.438    11.3501  37.546479    33.1684    196.309     0.0729      8.057    85.3898 1.7309e-01  9.7354581    25.2879  0.000e+00
     56.365     56.843    11.4003  37.590090    33.1665    197.603     0.0875      8.057    86.4226 1.9124e-01  9.9010564    25.2773  0.000e+00
     55.449     55.918    11.4230  37.607084    33.1632    199.005     0.0729      8.062    86.9132 2.1603e-01  8.8412274    25.2706  0.000e+00
     54.369     54.829    11.4513  37.631197    33.1619    200.051     0.0362      8.066    86.2677 2.5853e-01  9.4042615    25.2644  0.000e+00
     53.576     54.029    11.4588  37.636421    33.1607    201.195     0.0729      8.066    87.3522 2.9507e-01  9.5367402    25.2621  0.000e+00
     53.344     53.795    11.4755  37.650969    33.1601    201.673     0.0436      8.071    87.5846 3.0288e-01  8.9074667    25.2585  0.000e+00
     53.157     53.607    11.4865  37.659724    33.1589    202.576     0.0362      8.071    88.4884 3.0486e-01  9.6360991    25.2556  0.000e+00
     52.350     52.793    11.4920  37.664257    33.1587    202.929     0.0289      8.071    89.1856 3.3704e-01  9.4705009    25.2545  0.000e+00
     51.112     51.544    11.4943  37.666457    33.1594    202.646     0.0289      8.076    88.5658 4.0660e-01  9.3711419    25.2545  0.000e+00
     50.044     50.467    11.5135  37.681826    33.1577    203.172     0.0436      8.075    88.4884 4.7824e-01  9.3380222    25.2497  0.000e+00
     49.566     49.985    11.5098  37.678989    33.1584    203.255     0.0509      8.075    88.8241 5.1500e-01  9.3049026    25.2509  0.000e+00
     49.330     49.747    11.5446  37.709741    33.1574    203.335     0.0436      8.075    89.4438 5.2137e-01  9.1393043    25.2438  0.000e+00
     48.725     49.137    11.5568  37.720454    33.1573    203.583     0.0436      8.080    90.1151 5.5433e-01  8.8743470    25.2414  0.000e+00
     47.824     48.228    11.5593  37.722783    33.1578    204.025     0.0362      8.080    89.7795 6.2608e-01  8.7418684    25.2413  0.000e+00
     47.018     47.415    11.5691  37.731732    33.1581    204.277     0.0436      8.080    89.8311 6.9584e-01  9.0399453    25.2397  0.000e+00
     46.404     46.795    11.5928  37.753356    33.1583    204.236     0.0362      8.080    90.0119 7.5003e-01  8.6425094    25.2356  0.000e+00
     45.829     46.216    11.6126  37.771832    33.1589    204.845     0.0362      8.084    90.4508 8.0098e-01  8.3113128    25.2324  0.000e+00
     45.170     45.551    11.6518  37.810247    33.1616    204.966     0.0436      8.084    90.8123 8.6798e-01  7.9801162    25.2273  0.000e+00
     44.504     44.879    11.7698  37.914535    33.1582    204.902     0.0436      8.089    91.0705 9.3748e-01  7.5164410    25.2028  0.000e+00
     43.811     44.180    11.8363  37.970576    33.1538    206.083     0.0436      8.093    91.6903 1.0182e+00  8.7418684    25.1870  0.000e+00
     43.170     43.534    11.9116  38.039235    33.1537    207.758     0.0509      8.097    92.1034 1.0959e+00  8.1457145    25.1729  0.000e+00
     42.528     42.887    11.9860  38.104527    33.1511    209.356     0.0655      8.102    92.4907 1.1689e+00  7.5495607    25.1570  0.000e+00
     41.756     42.108    12.0351  38.150611    33.1524    210.980     0.0729      8.106    92.8522 1.2649e+00  7.1190051    25.1488  0.000e+00
     41.118     41.465    12.0739  38.183795    33.1503    212.813     0.0875      8.115    92.8781 1.3765e+00  7.3177231    25.1399  0.000e+00
     40.725     41.068    12.1131  38.219399    33.1501    213.644     0.1168      8.115    93.4461 1.4337e+00  7.3177231    25.1322  0.000e+00
     40.117     40.455    12.1281  38.233466    33.1506    214.355     0.0875      8.120    93.8076 1.5019e+00  6.2910137    25.1298  0.000e+00
     39.190     39.520    12.1472  38.250892    33.1509    215.493     0.0948      8.125    93.5753 1.6622e+00  5.3636632    25.1264  0.000e+00
     38.418     38.741    12.1827  38.284238    33.1520    215.403     0.1095      8.124    93.6269 1.8444e+00  6.2578940    25.1205  0.000e+00
     37.885     38.204    12.2040  38.303387    33.1517    215.774     0.0948      8.129    93.8593 1.9595e+00  5.9266974    25.1163  0.000e+00
     37.380     37.695    12.2392  38.332881    33.1492    216.381     0.1315      8.129    94.2983 2.0578e+00  5.5292615    25.1076  0.000e+00
     36.765     37.075    12.2654  38.355911    33.1485    216.798     0.1168      8.133    94.5307 2.1860e+00  5.2974239    25.1021  0.000e+00
     36.057     36.361    12.2815  38.369172    33.1473    217.104     0.1241      8.133    94.5048 2.3554e+00  5.3636632    25.0981  0.000e+00
     35.434     35.732    12.2953  38.380214    33.1460    218.187     0.1388      8.138    94.7631 2.5304e+00  5.8935778    25.0944  0.000e+00
     34.869     35.162    12.3116  38.393923    33.1450    219.101     0.1461      8.138    94.9696 2.6796e+00  5.7610991    25.0905  0.000e+00
     34.178     34.465    12.3267  38.406109    33.1436    219.187     0.1608      8.143    95.1246 2.8783e+00  5.5292615    25.0866  0.000e+00
     33.423     33.704    12.3347  38.412646    33.1431    219.909     0.1828      8.142    95.0987 3.1448e+00  5.2643043    25.0846  0.000e+00
     32.711     32.986    12.3471  38.422041    33.1415    220.077     0.1681      8.142    95.0729 3.4356e+00  5.7610991    25.0810  0.000e+00
     32.010     32.279    12.3623  38.434676    33.1405    220.007     0.1828      8.147    95.2020 3.6998e+00  5.4299026    25.0773  0.000e+00
     31.208     31.470    12.3777  38.447757    33.1398    220.001     0.2047      8.147    95.4086 4.0296e+00  5.1649453    25.0738  0.000e+00
     30.514     30.771    12.3960  38.463127    33.1386    221.122     0.1754      8.147    95.4861 4.4010e+00  5.1649453    25.0694  0.000e+00
     30.031     30.284    12.4044  38.469732    33.1378    222.140     0.2047      8.152    95.5635 4.6320e+00  5.1318256    25.0671  0.000e+00
     29.526     29.774    12.4155  38.478562    33.1366    221.338     0.2047      8.151    95.7443 4.8473e+00  4.5025521    25.0641  0.000e+00
     28.841     29.083    12.4233  38.484468    33.1357    221.906     0.1974      8.151    95.5893 5.2335e+00  4.3038342    25.0618  0.000e+00
     28.045     28.281    12.4291  38.488913    33.1352    222.391     0.1901      8.156    95.5893 5.7960e+00  4.4031932    25.0603  0.000e+00
     27.272     27.501    12.4435  38.500285    33.1337    222.169     0.2121      8.156    95.6668 6.4368e+00  4.8999880    25.0564  0.000e+00
     26.631     26.854    12.4473  38.502952    33.1332    222.822     0.2194      8.156    95.7185 6.9679e+00  4.7675094    25.0552  0.000e+00
     25.958     26.176    12.4507  38.505428    33.1328    222.721     0.2194      8.156    95.7959 7.4156e+00  4.6019111    25.0543  0.000e+00
     25.034     25.244    12.4496  38.503963    33.1328    223.167     0.2047      8.156    95.7701 8.1874e+00  4.4031932    25.0545  0.000e+00
     24.126     24.328    12.4553  38.507836    33.1319    223.648     0.1974      8.156    95.7959 9.2982e+00  4.1382359    25.0526  0.000e+00
     23.616     23.814    12.4530  38.504847    33.1313    222.980     0.2267      8.161    95.6668 9.8945e+00  4.4363128    25.0525  0.000e+00
     23.321     23.517    12.4498  38.503448    33.1329    223.295     0.1974      8.161    95.7959 1.0007e+01  4.3369538    25.0544  0.000e+00
     22.634     22.824    12.4697  38.518827    33.1303    223.562     0.2194      8.161    95.8217 1.0559e+01  4.1713556    25.0486  0.000e+00
     21.629     21.810    12.4708  38.519459    33.1304    223.085     0.1828      8.161    95.7701 1.1722e+01  3.9395179    25.0484  0.000e+00
     20.816     20.990    12.4713  38.519201    33.1301    222.839     0.1828      8.161    95.7701 1.3309e+01  3.9395179    25.0480  0.000e+00
     20.267     20.437    12.4644  38.514178    33.1315    223.607     0.1828      8.161    95.7959 1.4121e+01  3.8401590    25.0505  0.000e+00
     19.552     19.715    12.4967  38.541066    33.1291    223.061     0.1974      8.161    95.7959 1.4941e+01  4.0719966    25.0423  0.000e+00
     18.568     18.724    12.4981  38.541125    33.1283    223.339     0.1974      8.160    95.7959 1.7203e+01  4.5025521    25.0415  0.000e+00
