Arg_L2_SF14_moy.cnv
* Sea-Bird SBE 9 Data File:
* FileName = S:\CTD_Data\CTD\Data\Argentina 2014\Data\Arg_L2_SF14.hex
* Software Version Seasave V 7.21g
* Temperature SN = 5769
* Conductivity SN = 4244
* Number of Bytes Per Scan = 31
* Number of Voltage Words = 4
* Number of Scans Averaged by the Deck Unit = 24
* NMEA Latitude = 45 56.69 S
* NMEA Longitude = 065 33.61 W
* NMEA UTC (Time) = Feb 08 2014 04:01:49
* NMEA baud rate = 9600
** R/V Coriolis II
** MARES project, ARGENTINA 2014
** Chief scientist : Dr. Gustavo Ferreyra
** Co-Chief scientist : Dr. José Luis Esteves
# nquan = 13
# nvalues = 674                                   
# units = specified
# name 0 = depSM: Depth [salt water, m]
# name 1 = prDM: Pressure, Digiquartz [db]
# name 2 = t090C: Temperature [ITS-90, deg C]
# name 3 = c0mS/cm: Conductivity [mS/cm]
# name 4 = sal00: Salinity, Practical [PSU]
# name 5 = sbeox0Mm/Kg: Oxygen, SBE 43 [umol/Kg]
# name 6 = flECO-AFL: Fluorescence, WET Labs ECO-AFL/FL [mg/m^3]
# name 7 = ph: pH
# name 8 = CStarTr0: Beam Transmission, WET Labs C-Star [%]
# name 9 = par: PAR/Irradiance, Biospherical/Licor
# name 10 = upoly0: Upoly 0, Nitrate
# name 11 = sigma-é00: Density [sigma-theta, Kg/m^3]
# name 12 = flag:  0.000e+00
# span 0 =     -0.267,     83.795                 
# span 1 =     -0.269,     84.505                 
# span 2 =     9.8003,    13.9444                 
# span 3 =  16.133367,  39.939378                 
# span 4 =    12.2705,    33.2427                 
# span 5 =    153.355,    263.199                 
# span 6 =    -0.0370,     1.4575                 
# span 7 =      7.884,      8.225                 
# span 8 =    61.2723,    97.3969                 
# span 9 = 1.0000e-12, 4.5649e-01                 
# span 10 = -0.7303538,  3.4096034                
# span 11 =     8.7054,    25.6075                
# span 12 = 0.0000e+00, 0.0000e+00                
# interval = seconds: 1
# start_time = Feb 08 2014 04:01:49 [NMEA time, header]
# bad_flag = -9.990e-29
*END*
[from data line 112]
     58.869     59.364    10.4570  36.699027    33.1329    188.724    -0.0297      8.000    85.4930 1.0000e-12  0.5613128    25.4179  0.000e+00
     59.692     60.194    10.4492  36.692608    33.1331    188.449    -0.0297      8.000    85.2607 1.0000e-12  0.3625949    25.4194  0.000e+00
     60.438     60.947    10.4329  36.677898    33.1329    188.371    -0.0370      8.000    85.3123 1.0000e-12 -0.6641145    25.4221  0.000e+00
     60.986     61.500    10.3885  36.640381    33.1353    188.238    -0.0370      8.000    85.4414 1.0000e-12 -0.6641145    25.4316  0.000e+00
     61.506     62.024    10.3705  36.625617    33.1366    188.160    -0.0297      7.995    85.6996 1.0000e-12 -0.2335590    25.4357  0.000e+00
     62.066     62.589    10.3667  36.624186    33.1384    188.282    -0.0297      7.995    85.9062 1.0000e-12  0.8262701    25.4377  0.000e+00
     62.641     63.169    10.3652  36.622817    33.1382    187.716    -0.0370      7.995    85.6480 1.0000e-12  1.4555436    25.4378  0.000e+00
     63.263     63.796    10.3670  36.626870    33.1403    186.712    -0.0370      7.995    85.7254 1.0000e-12  0.1307573    25.4392  0.000e+00
     63.902     64.441    10.3677  36.628056    33.1406    186.397    -0.0370      7.990    85.3381 1.0000e-12 -0.2335590    25.4393  0.000e+00
     64.527     65.071    10.3677  36.628369    33.1407    185.921    -0.0297      7.990    84.9508 1.0000e-12  0.1638769    25.4394  0.000e+00
     65.232     65.782    10.3501  36.616099    33.1440    185.253    -0.0297      7.986    84.6668 1.0000e-12  0.2632359    25.4450  0.000e+00
     66.007     66.564    10.3008  36.579730    33.1520    184.969    -0.0297      7.981    84.2536 1.0000e-12 -0.6309949    25.4596  0.000e+00
     66.686     67.249    10.2706  36.558750    33.1581    184.182    -0.0297      7.977    82.6268 1.0000e-12 -0.1342000    25.4696  0.000e+00
     67.117     67.683    10.2720  36.559997    33.1579    181.994    -0.0370      7.972    80.2771 1.0000e-12  0.3625949    25.4691  0.000e+00
     67.576     68.146    10.2671  36.555828    33.1580    179.666    -0.0224      7.972    79.5540 1.0000e-12  0.5613128    25.4701  0.000e+00
     68.190     68.766    10.2492  36.541886    33.1600    179.022    -0.0150      7.972    79.1925 1.0000e-12  0.2632359    25.4747  0.000e+00
     68.827     69.408    10.2194  36.520542    33.1654    179.109    -0.0150      7.967    77.2043 1.0000e-12 -0.3329179    25.4840  0.000e+00
     69.490     70.077    10.1968  36.504055    33.1691    179.074    -0.0150      7.963    75.8357 1.0000e-12 -0.3660376    25.4907  0.000e+00
     70.247     70.841    10.1689  36.484026    33.1741    178.371    -0.0077      7.958    75.1127 1.0000e-12  0.0976376    25.4993  0.000e+00
     70.971     71.570    10.1536  36.472957    33.1765    176.501    -0.0077      7.954    74.0798 1.0000e-12  0.6937915    25.5038  0.000e+00
     71.466     72.069    10.1363  36.460893    33.1799    174.893    -0.0150      7.954    73.1761 1.0000e-12  0.6275521    25.5094  0.000e+00
     71.827     72.434    10.1247  36.452375    33.1819    173.790    -0.0224      7.949    72.0657 1.0000e-12  2.8465692    25.5129  0.000e+00
     72.402     73.013    10.1200  36.448584    33.1820    172.667    -0.0224      7.944    71.3686 1.0000e-12  2.2835350    25.5138  0.000e+00
     73.254     73.873    10.1184  36.447779    33.1823    171.538    -0.0224      7.944    70.4648 1.0000e-12  0.9587487    25.5143  0.000e+00
     74.146     74.773    10.1093  36.441315    33.1837    171.294    -0.0150      7.944    69.6901 1.0000e-12  0.4619538    25.5169  0.000e+00
     74.745     75.377    10.0955  36.432116    33.1867    171.060    -0.0150      7.940    68.5798 1.0000e-12 -0.1342000    25.5216  0.000e+00
     75.094     75.729    10.0928  36.429320    33.1863    170.254    -0.0150      7.940    67.3404 1.0000e-12  0.0313983    25.5218  0.000e+00
     75.571     76.210    10.0774  36.418070    33.1888    169.924     0.0069      7.940    66.7981 1.0000e-12  0.3294752    25.5263  0.000e+00
     76.255     76.900    10.0686  36.411794    33.1901    169.575    -0.0077      7.935    65.9202 1.0000e-12  0.4619538    25.5289  0.000e+00
     77.062     77.714    10.0508  36.398683    33.1928    168.995    -0.0150      7.935    64.2934 1.0000e-12 -0.2666786    25.5339  0.000e+00
     77.848     78.507    10.0212  36.377932    33.1986    168.022    -0.0004      7.930    63.6479 1.0000e-12  0.1307573    25.5434  0.000e+00
     78.430     79.094    10.0089  36.368925    33.2005    166.984    -0.0004      7.926    64.1127 1.0000e-12  0.5613128    25.5470  0.000e+00
     78.841     79.509     9.9999  36.362465    33.2020    166.197    -0.0004      7.926    63.9577 1.0000e-12  0.5613128    25.5497  0.000e+00
     79.321     79.993     9.9877  36.353460    33.2038    164.990    -0.0077      7.921    64.4742 1.0000e-12 -0.6309949    25.5531  0.000e+00
     79.808     80.484     9.9707  36.341226    33.2068    164.230    -0.0004      7.921    64.0610 1.0000e-12 -0.4985162    25.5583  0.000e+00
     80.303     80.983     9.9602  36.333588    33.2085    163.717    -0.0004      7.916    63.7511 1.0000e-12 -0.0679607    25.5614  0.000e+00
     80.755     81.439     9.9439  36.321605    33.2111    162.954    -0.0077      7.917    63.6995 1.0000e-12  0.5613128    25.5661  0.000e+00
     81.088     81.775     9.9298  36.311423    33.2136    162.180    -0.0077      7.912    63.7511 1.0000e-12  0.6606718    25.5705  0.000e+00
     81.264     81.953     9.9210  36.304967    33.2150    161.819    -0.0077      7.907    63.8028 1.0000e-12 -0.0348410    25.5730  0.000e+00
     81.433     82.123     9.9204  36.304223    33.2147    160.998    -0.0077      7.907    63.5962 1.0000e-12  0.1969966    25.5729  0.000e+00
     81.581     82.272     9.9116  36.297580    33.2160    160.368    -0.0150      7.907    63.7253 1.0000e-12  0.7931504    25.5754  0.000e+00
     81.568     82.259     9.9162  36.300746    33.2150    160.393    -0.0150      7.907    63.4671 1.0000e-12 -0.6309949    25.5739  0.000e+00
     81.611     82.302     9.9148  36.299443    33.2149    160.171    -0.0150      7.907    63.3638 1.0000e-12 -0.4322769    25.5740  0.000e+00
     81.825     82.518     9.8968  36.286718    33.2184    160.173    -0.0150      7.907    63.3896 1.0000e-12 -0.1673197    25.5797  0.000e+00
     82.293     82.991     9.8778  36.272817    33.2215    159.749    -0.0077      7.903    63.4155 1.0000e-12  0.1969966    25.5853  0.000e+00
     82.674     83.375     9.8567  36.257801    33.2255    159.059    -0.0004      7.903    62.8474 1.0000e-12  1.2237060    25.5920  0.000e+00
     82.627     83.327     9.8623  36.262269    33.2249    158.106    -0.0004      7.898    62.6925 1.0000e-12  1.2237060    25.5906  0.000e+00
     82.177     82.873     9.8945  36.283864    33.2175    157.498    -0.0004      7.898    62.2793 1.0000e-12  0.6275521    25.5794  0.000e+00
     81.781     82.474     9.9022  36.289946    33.2168    157.236    -0.0077      7.903    61.9436 1.0000e-12 -0.0348410    25.5775  0.000e+00
     81.887     82.581     9.8968  36.285849    33.2175    157.629     0.0143      7.903    61.8145 1.0000e-12 -0.6309949    25.5791  0.000e+00
     82.322     83.019     9.8891  36.280451    33.2189    158.906     0.0069      7.903    61.9694 1.0000e-12  1.6542615    25.5814  0.000e+00
     82.567     83.267     9.8708  36.267233    33.2222    159.242    -0.0004      7.898    62.9249 1.0000e-12  0.7931504    25.5870  0.000e+00
     82.424     83.123     9.8740  36.269590    33.2217    158.524    -0.0004      7.898    63.2605 1.0000e-12 -0.0348410    25.5861  0.000e+00
     82.254     82.951     9.8835  36.276230    33.2198    157.618    -0.0004      7.898    62.4084 1.0000e-12 -0.3660376    25.5831  0.000e+00
     82.344     83.042     9.8803  36.273624    33.2200    157.465    -0.0077      7.898    62.4342 1.0000e-12  1.7867402    25.5837  0.000e+00
     82.570     83.270     9.8709  36.266798    33.2216    157.605    -0.0004      7.898    63.1056 1.0000e-12  1.0249880    25.5866  0.000e+00
     82.604     83.304     9.8624  36.260841    33.2234    157.904    -0.0004      7.898    63.3896 1.0000e-12  0.4950735    25.5894  0.000e+00
     82.544     83.244     9.8637  36.261585    33.2229    157.297    -0.0004      7.893    63.1314 1.0000e-12  0.5613128    25.5888  0.000e+00
     82.634     83.334     9.8612  36.259724    33.2233    156.871    -0.0077      7.893    63.0023 1.0000e-12 -0.5978752    25.5895  0.000e+00
     82.879     83.582     9.8577  36.257243    33.2239    156.992    -0.0077      7.893    63.0540 1.0000e-12 -0.2335590    25.5905  0.000e+00
     83.018     83.722     9.8467  36.249301    33.2259    156.866    -0.0077      7.893    63.2347 1.0000e-12 -0.0017214    25.5939  0.000e+00
     82.825     83.527     9.8555  36.255629    33.2244    156.667    -0.0004      7.893    62.6666 1.0000e-12  0.0645179    25.5913  0.000e+00
     82.490     83.189     9.8622  36.260220    33.2230    156.473    -0.0077      7.893    61.9694 1.0000e-12  0.4288342    25.5891  0.000e+00
     82.331     83.029     9.8762  36.270397    33.2205    156.258    -0.0004      7.893    61.8403 1.0000e-12  1.6542615    25.5848  0.000e+00
     82.521     83.221     9.8687  36.264626    33.2214    156.556     0.0216      7.893    62.3310 1.0000e-12  1.2568256    25.5868  0.000e+00
     82.923     83.626     9.8543  36.254699    33.2244    156.882     0.0069      7.893    63.1314 1.0000e-12  0.2301162    25.5915  0.000e+00
     83.247     83.952     9.8542  36.254390    33.2241    157.325    -0.0004      7.889    62.9765 1.0000e-12 -0.6309949    25.5912  0.000e+00
     83.329     84.035     9.8348  36.240554    33.2278    156.955    -0.0004      7.889    63.0023 1.0000e-12  2.3166547    25.5974  0.000e+00
     83.273     83.979     9.8527  36.253211    33.2242    156.189    -0.0077      7.889    62.9249 1.0000e-12  2.1179368    25.5916  0.000e+00
     83.259     83.965     9.8512  36.252280    33.2246    155.591    -0.0077      7.889    62.7699 1.0000e-12  1.2237060    25.5922  0.000e+00
     83.366     84.072     9.8506  36.251722    33.2246    155.866    -0.0004      7.889    62.7441 1.0000e-12  0.1638769    25.5923  0.000e+00
     83.455     84.162     9.8476  36.249613    33.2252    155.982    -0.0004      7.889    62.8474 1.0000e-12  0.9256291    25.5932  0.000e+00
     83.307     84.013     9.8478  36.249674    33.2252    155.979    -0.0004      7.889    62.7957 1.0000e-12  0.5944325    25.5932  0.000e+00
     83.076     83.780     9.8474  36.249301    33.2252    156.245    -0.0150      7.889    61.9178 1.0000e-12  0.3957145    25.5933  0.000e+00
     82.865     83.568     9.8546  36.254451    33.2240    155.782    -0.0004      7.889    61.7887 1.0000e-12  1.1243470    25.5911  0.000e+00
     83.118     83.823     9.8503  36.251039    33.2243    155.801    -0.0004      7.889    62.0986 1.0000e-12  1.1243470    25.5921  0.000e+00
     83.433     84.140     9.8450  36.247627    33.2255    156.095     0.0069      7.889    62.4601 1.0000e-12  1.0249880    25.5939  0.000e+00
     83.586     84.295     9.8279  36.234910    33.2283    156.155    -0.0004      7.889    62.9507 7.3199e-05  0.5281932    25.5989  0.000e+00
     83.636     84.345     9.8264  36.234228    33.2290    155.724    -0.0004      7.889    62.7183 1.0000e-12 -0.1673197    25.5997  0.000e+00
     83.710     84.419     9.8140  36.224427    33.2304    155.331    -0.0004      7.889    62.3568 1.0000e-12  0.4288342    25.6029  0.000e+00
     83.795     84.505     9.8003  36.215061    33.2334    154.773    -0.0077      7.884    62.6666 1.0000e-12  0.3957145    25.6074  0.000e+00
     83.697     84.406     9.8009  36.215681    33.2336    154.166    -0.0004      7.884    62.6408 1.0000e-12  1.0581077    25.6075  0.000e+00
     83.272     83.978     9.8326  36.238197    33.2275    153.725    -0.0004      7.884    62.1244 1.0000e-12  2.0185778    25.5975  0.000e+00
     82.978     83.681     9.8429  36.244958    33.2250    153.355    -0.0077      7.884    61.9178 1.0000e-12  1.3230650    25.5938  0.000e+00
     83.140     83.845     9.8375  36.241298    33.2262    154.352    -0.0004      7.889    61.2723 1.0000e-12 -0.1673197    25.5957  0.000e+00
     83.417     84.124     9.8300  36.236150    33.2277    155.359    -0.0004      7.884    61.4014 1.0000e-12  0.1638769    25.5981  0.000e+00
     83.564     84.273     9.8232  36.231312    33.2290    155.551    -0.0004      7.884    62.3568 1.0000e-12  1.2237060    25.6003  0.000e+00
     83.494     84.202     9.8215  36.230071    33.2293    155.284    -0.0077      7.884    62.6666 1.0000e-12  1.5217829    25.6008  0.000e+00
     83.337     84.043     9.8185  36.227651    33.2297    154.584    -0.0077      7.884    62.2277 1.0000e-12  1.2237060    25.6016  0.000e+00
     82.965     83.668     9.8277  36.234597    33.2284    154.110    -0.0077      7.884    61.8920 1.0000e-12  1.1574667    25.5990  0.000e+00
     82.901     83.604     9.8410  36.244151    33.2259    154.336    -0.0004      7.884    61.7371 1.0000e-12  1.2899453    25.5949  0.000e+00
     83.058     83.762     9.8408  36.243469    33.2254    154.611     0.0143      7.889    61.5563 1.0000e-12  1.7536205    25.5945  0.000e+00
     83.170     83.875     9.8187  36.227712    33.2296    155.122     0.0069      7.884    62.6408 1.0000e-12  0.9587487    25.6015  0.000e+00
     83.207     83.913     9.8164  36.226410    33.2304    155.567    -0.0004      7.884    62.9765 1.0000e-12  1.2237060    25.6025  0.000e+00
     83.210     83.915     9.8185  36.227340    33.2294    154.853    -0.0004      7.884    62.7699 7.3199e-05  0.9587487    25.6014  0.000e+00
     83.170     83.875     9.8200  36.228705    33.2295    154.140    -0.0004      7.884    62.7957 1.0000e-12 -0.6309949    25.6011  0.000e+00
     82.943     83.646     9.8386  36.242600    33.2265    153.909    -0.0077      7.884    62.6408 1.0000e-12  0.5281932    25.5957  0.000e+00
     82.588     83.288     9.8660  36.261896    33.2211    154.083     0.0069      7.889    62.2018 1.0000e-12 -0.1673197    25.5870  0.000e+00
     82.615     83.315     9.8656  36.261647    33.2213    154.791     0.0069      7.889    62.0986 1.0000e-12 -0.0348410    25.5872  0.000e+00
     82.760     83.461     9.8627  36.259600    33.2218    155.675    -0.0077      7.889    62.0211 1.0000e-12  1.4886632    25.5881  0.000e+00
     82.792     83.494     9.8583  36.256808    33.2230    156.727    -0.0077      7.889    63.0540 1.0000e-12  2.3497744    25.5897  0.000e+00
     82.716     83.417     9.8569  36.255753    33.2232    156.626    -0.0077      7.889    63.1056 2.0988e-04  2.0185778    25.5901  0.000e+00
     82.642     83.342     9.8635  36.260407    33.2219    156.228    -0.0004      7.889    62.9507 1.0000e-12  1.7536205    25.5880  0.000e+00
     82.676     83.377     9.8614  36.258731    33.2221    156.402    -0.0004      7.889    63.0281 1.0000e-12  1.6211419    25.5885  0.000e+00
     82.717     83.418     9.8569  36.255629    33.2231    156.148    -0.0077      7.889    63.1572 1.0000e-12  1.6211419    25.5900  0.000e+00
     82.588     83.288     9.8576  36.256125    33.2230    156.309    -0.0150      7.889    63.1314 1.0000e-12  1.0249880    25.5898  0.000e+00
     82.416     83.115     9.8559  36.254635    33.2231    156.311    -0.0004      7.889    62.6150 2.0988e-04  0.6275521    25.5902  0.000e+00
     82.513     83.212     9.8343  36.238876    33.2269    156.115     0.0069      7.889    62.4601 7.3199e-05  0.4288342    25.5968  0.000e+00
     82.839     83.541     9.8375  36.241731    33.2267    156.110     0.0069      7.884    62.7957 7.3199e-05  0.8925094    25.5961  0.000e+00
     83.091     83.795     9.8418  36.244648    33.2257    155.230     0.0069      7.889    62.8990 1.0000e-12  0.4619538    25.5946  0.000e+00
