Arg_L2_F4_NV.cnv
* Sea-Bird SBE 9 Data File:
* FileName = S:\CTD_Data\CTD\Data\Argentina 2014\Data\Arg_L2_F4.hex
* Software Version Seasave V 7.21g
* Temperature SN = 5769
* Conductivity SN = 4244
* Number of Bytes Per Scan = 31
* Number of Voltage Words = 4
* Number of Scans Averaged by the Deck Unit = 24
* NMEA Latitude = 46 32.13 S
* NMEA Longitude = 065 54.04 W
* NMEA UTC (Time) = Feb 06 2014 01:28:36
* NMEA baud rate = 9600
** R/V Coriolis II
** MARES project, ARGENTINA 2014
** Chief scientist : Dr. Gustavo Ferreyra
** Co-Chief scientist : Dr. José Luis Esteves
# nquan = 13
# nvalues = 358                                   
# units = specified
# name 0 = depSM: Depth [salt water, m]
# name 1 = prDM: Pressure, Digiquartz [db]
# name 2 = t090C: Temperature [ITS-90, deg C]
# name 3 = c0mS/cm: Conductivity [mS/cm]
# name 4 = sal00: Salinity, Practical [PSU]
# name 5 = sbeox0Mm/Kg: Oxygen, SBE 43 [umol/Kg]
# name 6 = flECO-AFL: Fluorescence, WET Labs ECO-AFL/FL [mg/m^3]
# name 7 = ph: pH
# name 8 = CStarTr0: Beam Transmission, WET Labs C-Star [%]
# name 9 = par: PAR/Irradiance, Biospherical/Licor
# name 10 = upoly0: Upoly 0, Nitrate
# name 11 = sigma-é00: Density [sigma-theta, Kg/m^3]
# name 12 = flag:  0.000e+00
# span 0 =     -0.281,     86.467                 
# span 1 =     -0.284,     87.205                 
# span 2 =    10.8184,    12.6477                 
# span 3 =   5.881760,  38.689765                 
# span 4 =     4.3069,    33.2018                 
# span 5 =    183.786,    270.603                 
# span 6 =    -0.1249,     0.4172                 
# span 7 =      8.008,      8.175                 
# span 8 =    71.5493,    96.0800                 
# span 9 = 1.0000e-12, 1.0063e+00                 
# span 10 = -0.7634735,  6.3903726                
# span 11 =     2.7971,    25.4088                
# span 12 = 0.0000e+00, 0.0000e+00                
# interval = seconds: 1
# start_time = Feb 06 2014 01:28:36 [NMEA time, header]
# bad_flag = -9.990e-29
*END*
[from data line 334]
      1.567      1.580    12.6151  38.658759    33.1449    223.254     0.3073      8.174    95.6152 1.1469e-02 -0.6309949    25.0313  0.000e+00
      1.365      1.377    12.6164  38.659968    33.1450    224.486     0.3073      8.174    95.5377 1.0000e-12 -0.5978752    25.0311  0.000e+00
      1.469      1.482    12.6155  38.659204    33.1450    225.020     0.3073      8.174    95.6410 1.0000e-12 -0.5978752    25.0313  0.000e+00
      1.336      1.347    12.6153  38.659013    33.1450    224.427     0.3219      8.174    95.7185 1.0000e-12 -0.6309949    25.0313  0.000e+00
      1.399      1.411    12.6158  38.659459    33.1450    223.618     0.3439      8.174    95.6926 1.0000e-12 -0.5647556    25.0312  0.000e+00
      1.698      1.712    12.6157  38.659396    33.1449    224.218     0.2926      8.174    95.6410 1.0000e-12 -0.5978752    25.0312  0.000e+00
      1.729      1.743    12.6156  38.659460    33.1450    224.809     0.2926      8.174    95.6926 1.0000e-12 -0.4985162    25.0313  0.000e+00
      1.602      1.615    12.6154  38.659141    33.1450    224.216     0.3146      8.174    95.6410 1.0000e-12 -0.5316359    25.0313  0.000e+00
      1.617      1.631    12.6154  38.658886    33.1447    223.999     0.3146      8.174    95.6152 1.0000e-12 -0.4985162    25.0311  0.000e+00
      1.827      1.843    12.6150  38.659078    33.1451    224.597     0.3659      8.174    95.6926 1.0000e-12 -0.5647556    25.0315  0.000e+00
      1.740      1.754    12.6149  38.658823    33.1450    225.340     0.3659      8.174    95.6926 1.0000e-12 -0.5316359    25.0314  0.000e+00
      1.477      1.489    12.6147  38.658440    33.1449    223.626     0.3146      8.174    95.7185 1.0000e-12 -0.4985162    25.0314  0.000e+00
      1.313      1.324    12.6146  38.658185    33.1448    223.931     0.3000      8.174    95.7185 1.0000e-12 -0.5978752    25.0314  0.000e+00
      0.888      0.895    12.6146  38.657674    33.1445    225.535     0.3073      8.174    95.6668 1.0000e-12 -0.5647556    25.0311  0.000e+00
      0.582      0.587    12.6147  38.658182    33.1451    224.345     0.3000      8.174    95.6152 1.0000e-12 -0.5647556    25.0315  0.000e+00
      0.664      0.669    12.6143  38.657801    33.1451    223.541     0.3146      8.174    95.6926 3.4694e-04 -0.6309949    25.0316  0.000e+00
      0.693      0.699    12.6145  38.657992    33.1450    224.349     0.3073      8.174    95.6926 1.3352e-02 -0.6309949    25.0315  0.000e+00
      0.303      0.306    12.6136  38.656653    33.1447    224.188     0.3513      8.174    95.6926 9.2826e-02 -0.6309949    25.0314  0.000e+00
      0.134      0.135    12.6130  38.656398    33.1450    223.968     0.2633      8.174    95.2795 2.1603e-01 -0.6309949    25.0318  0.000e+00
      0.196      0.198    12.6128  38.650159    33.1392    225.687     0.3586      8.174    92.5940 2.6113e-01 -0.6309949    25.0273  0.000e+00
     -0.235     -0.237    12.5679  19.507399    15.6325    254.605     0.2780      8.174    83.9696 2.9603e-01 -0.6309949    11.5104  0.000e+00
     -0.255     -0.257    12.3946   5.881760     4.3069    270.603     0.3439      8.175    79.1409 3.1290e-01 -0.4985162     2.7971  0.000e+00
     -0.281     -0.284    12.3848   8.341887     6.2653    261.584     0.0362      8.175    94.7889 3.4692e-01 -0.4653966     4.3123  0.000e+00
     -0.267     -0.270    12.3536  18.575112    14.9045    244.823    -0.1249      8.170    88.6433 1.0063e+00 -0.4653966    10.9823  0.000e+00
