Arg_L2_F9_NV.cnv
* Sea-Bird SBE 9 Data File:
* FileName = S:\CTD_Data\CTD\Data\Argentina 2014\Data\Arg_L2_F9.hex
* Software Version Seasave V 7.21g
* Temperature SN = 5769
* Conductivity SN = 4244
* Number of Bytes Per Scan = 31
* Number of Voltage Words = 4
* Number of Scans Averaged by the Deck Unit = 24
* NMEA Latitude = 46 33.72 S
* NMEA Longitude = 065 50.87 W
* NMEA UTC (Time) = Feb 09 2014 20:02:01
* NMEA baud rate = 9600
** R/V Coriolis II
** MARES project, ARGENTINA 2014
** Chief scientist : Dr. Gustavo Ferreyra
** Co-Chief scientist : Dr. José Luis Esteves
# nquan = 13
# nvalues = 279                                   
# units = specified
# name 0 = depSM: Depth [salt water, m]
# name 1 = prDM: Pressure, Digiquartz [db]
# name 2 = t090C: Temperature [ITS-90, deg C]
# name 3 = c0mS/cm: Conductivity [mS/cm]
# name 4 = sal00: Salinity, Practical [PSU]
# name 5 = sbeox0Mm/Kg: Oxygen, SBE 43 [umol/Kg]
# name 6 = flECO-AFL: Fluorescence, WET Labs ECO-AFL/FL [mg/m^3]
# name 7 = ph: pH
# name 8 = CStarTr0: Beam Transmission, WET Labs C-Star [%]
# name 9 = par: PAR/Irradiance, Biospherical/Licor
# name 10 = upoly0: Upoly 0, Nitrate
# name 11 = sigma-é00: Density [sigma-theta, Kg/m^3]
# name 12 = flag:  0.000e+00
# span 0 =     -0.257,     80.136                 
# span 1 =     -0.259,     80.819                 
# span 2 =    10.8909,    14.6413                 
# span 3 =   9.416321,  40.610312                 
# span 4 =     6.7778,    33.3321                 
# span 5 =    183.069,    267.244                 
# span 6 =    -0.1323,     1.7578                 
# span 7 =      8.036,      8.266                 
# span 8 =    34.5209,    96.8288                 
# span 9 = 1.0000e-12, 1.2485e+03                 
# span 10 = -0.7634735,  0.5613128                
# span 11 =     4.4167,    25.3840                
# span 12 = 0.0000e+00, 0.0000e+00                
# interval = seconds: 1
# start_time = Feb 09 2014 20:02:01 [NMEA time, header]
# bad_flag = -9.990e-29
*END*
      2.192      2.210    14.4850  40.598495    33.3314    221.678     0.4318      8.255    90.6832 8.1892e+02 -0.6309949    24.7962  0.000e+00
      2.292      2.311    14.4885  40.602001    33.3316    220.304     0.4538      8.254    90.6574 9.1640e+02 -0.5978752    24.7956  0.000e+00
      2.706      2.729    14.4949  40.608366    33.3317    218.244     0.4465      8.254    90.6316 6.9962e+02 -0.5978752    24.7944  0.000e+00
      2.487      2.507    14.4948  40.608300    33.3318    217.985     0.4318      8.254    90.6316 8.0976e+02 -0.4985162    24.7945  0.000e+00
      2.053      2.070    14.4927  40.606286    33.3320    219.474     0.4611      8.254    90.6574 9.6669e+02 -0.5978752    24.7950  0.000e+00
      2.082      2.100    14.4969  40.610312    33.3321    221.733     0.4831      8.259    90.6574 9.6397e+02 -0.6309949    24.7942  0.000e+00
      1.984      2.000    14.4968  40.610181    33.3321    221.879     0.4831      8.254    90.6574 8.4227e+02 -0.5316359    24.7942  0.000e+00
      1.831      1.847    14.4907  40.603752    33.3315    219.242     0.4904      8.254    90.6574 1.0607e+03 -0.6309949    24.7951  0.000e+00
      2.055      2.072    14.4883  40.601481    33.3314    218.727     0.4758      8.259    90.6832 9.5857e+02 -0.5647556    24.7955  0.000e+00
      2.207      2.226    14.4849  40.598300    33.3313    220.727     0.4318      8.259    90.6316 8.8103e+02 -0.6309949    24.7961  0.000e+00
      2.640      2.662    14.4895  40.603366    33.3318    221.250     0.4245      8.259    90.6832 8.9350e+02 -0.6309949    24.7956  0.000e+00
      3.440      3.469    14.4146  40.527104    33.3260    220.017     0.4318      8.259    90.6574 6.1474e+02 -0.4985162    24.8070  0.000e+00
      4.080      4.114    14.3942  40.508877    33.3267    219.589     0.5124      8.260    90.6316 5.4320e+02 -0.5316359    24.8118  0.000e+00
      4.487      4.524    14.3938  40.506997    33.3251    221.895     0.5271      8.260    90.6316 5.4168e+02 -0.6309949    24.8107  0.000e+00
      4.945      4.986    14.3917  40.506934    33.3267    219.713     0.5564      8.260    90.6058 4.3869e+02 -0.6641145    24.8124  0.000e+00
      5.460      5.506    14.3983  40.511347    33.3248    217.707     0.6223      8.260    90.5541 4.5502e+02 -0.6309949    24.8095  0.000e+00
      6.057      6.107    14.2629  40.371779    33.3130    220.729     0.6663      8.260    90.5799 3.5032e+02 -0.6641145    24.8290  0.000e+00
      6.702      6.758    14.1053  40.215265    33.3045    222.062     0.7395      8.261    90.5283 3.0782e+02 -0.5978752    24.8554  0.000e+00
      7.405      7.467    13.9694  40.083992    33.3004    221.764     0.7615      8.261    90.4250 2.6594e+02 -0.6309949    24.8804  0.000e+00
      8.139      8.207    13.9608  40.075598    33.2998    220.776     0.8274      8.261    90.3734 2.1720e+02 -0.5316359    24.8818  0.000e+00
      8.834      8.908    13.9574  40.072178    33.2993    222.060     0.9447      8.261    90.2442 2.1058e+02 -0.4985162    24.8821  0.000e+00
      9.555      9.634    13.9516  40.068047    33.3002    222.703     1.0692      8.261    90.1926 1.9084e+02 -0.6309949    24.8840  0.000e+00
     10.351     10.437    13.9506  40.067275    33.3001    221.083     1.2011      8.261    90.1151 1.4900e+02 -0.5647556    24.8841  0.000e+00
     10.980     11.072    13.9490  40.066826    33.3007    220.756     1.3256      8.261    90.1410 1.4447e+02 -0.5647556    24.8850  0.000e+00
     11.431     11.526    13.9510  40.070057    33.3019    222.407     1.4428      8.266    90.0893 1.4205e+02 -0.5647556    24.8855  0.000e+00
     11.958     12.058    13.9548  40.075291    33.3032    222.952     1.5381      8.261    90.0119 1.2203e+02 -0.6641145    24.8857  0.000e+00
     12.548     12.652    13.9596  40.081558    33.3046    221.996     1.6113      8.266    90.0893 1.1375e+02 -0.5316359    24.8858  0.000e+00
     13.089     13.198    13.9616  40.084338    33.3052    221.101     1.6919      8.266    90.0377 1.0164e+02 -0.6309949    24.8859  0.000e+00
     13.725     13.840    13.9623  40.085568    33.3055    221.315     1.7578      8.266    90.0119 8.6342e+01 -0.7303538    24.8860  0.000e+00
     14.534     14.656    13.9590  40.082083    33.3048    222.103     1.7578      8.266    89.9602 7.5436e+01 -0.6972342    24.8862  0.000e+00
     15.358     15.487    13.9480  40.070266    33.3030    221.829     1.7212      8.266    89.9344 6.2829e+01 -0.5978752    24.8871  0.000e+00
     16.079     16.213    13.9506  40.074532    33.3044    220.935     1.6919      8.266    90.0119 6.3719e+01 -0.7303538    24.8877  0.000e+00
     16.733     16.873    13.9545  40.080542    33.3064    221.833     1.6846      8.266    90.1151 5.6299e+01 -0.7303538    24.8884  0.000e+00
     17.458     17.605    13.9563  40.083904    33.3076    221.892     1.6626      8.261    90.2184 4.8772e+01 -0.5978752    24.8890  0.000e+00
     18.099     18.250    13.9557  40.084294    33.3083    220.812     1.6187      8.261    90.3992 4.4697e+01 -0.7303538    24.8897  0.000e+00
     18.508     18.663    13.9501  40.078417    33.3075    222.452     1.6333      8.261    90.6832 4.3213e+01 -0.7303538    24.8902  0.000e+00
     18.943     19.101    13.9453  40.074673    33.3080    221.132     1.6406      8.262    90.9931 4.1078e+01 -0.7634735    24.8916  0.000e+00
     19.614     19.778    13.9402  40.070413    33.3082    218.969     1.5893      8.262    91.0189 3.4402e+01 -0.7303538    24.8929  0.000e+00
     20.426     20.597    13.9277  40.057113    33.3064    218.999     1.5088      8.262    91.1738 2.8729e+01 -0.6972342    24.8941  0.000e+00
     21.233     21.411    13.9123  40.042781    33.3061    220.595     1.4575      8.262    91.5870 2.6402e+01 -0.6309949    24.8971  0.000e+00
     21.895     22.078    13.9007  40.030517    33.3045    219.513     1.4208      8.262    91.8194 2.5381e+01 -0.7634735    24.8982  0.000e+00
     22.487     22.676    13.8687  39.996760    33.3007    218.571     1.4355      8.257    92.1034 2.3655e+01 -0.7634735    24.9019  0.000e+00
     23.180     23.375    13.8299  39.954951    33.2953    218.722     1.4208      8.257    92.2325 2.0721e+01 -0.7634735    24.9057  0.000e+00
     23.971     24.172    13.8004  39.925220    33.2929    219.283     1.3256      8.257    92.3358 1.8201e+01 -0.7634735    24.9099  0.000e+00
     24.683     24.891    13.7821  39.906200    33.2909    219.996     1.2743      8.258    92.4907 1.6725e+01 -0.7634735    24.9122  0.000e+00
     25.228     25.440    13.7610  39.884024    33.2883    219.048     1.3036      8.253    92.6973 1.5719e+01 -0.7634735    24.9145  0.000e+00
     25.639     25.854    13.7383  39.860242    33.2857    219.165     1.2817      8.253    92.9039 1.4941e+01 -0.7634735    24.9172  0.000e+00
     26.157     26.377    13.7006  39.819714    33.2805    218.902     1.2597      8.253    93.1363 1.3884e+01 -0.7634735    24.9208  0.000e+00
     26.952     27.178    13.6675  39.786224    33.2777    218.721     1.1718      8.253    93.1105 1.1821e+01 -0.7634735    24.9255  0.000e+00
     27.850     28.084    13.5983  39.712645    33.2688    218.971     1.0692      8.254    93.2137 1.0092e+01 -0.5978752    24.9328  0.000e+00
     28.551     28.791    13.5309  39.641822    33.2611    219.154     1.0472      8.249    93.6011 9.9787e+00 -0.7634735    24.9405  0.000e+00
     28.936     29.179    13.5073  39.617841    33.2590    218.611     1.1058      8.249    93.8076 9.8666e+00 -0.7634735    24.9437  0.000e+00
     29.418     29.665    13.4596  39.562247    33.2483    218.702     1.1205      8.245    93.8076 9.1160e+00 -0.7634735    24.9450  0.000e+00
     30.238     30.492    13.4025  39.501036    33.2404    219.258     1.0033      8.245    93.7818 7.6284e+00 -0.7634735    24.9505  0.000e+00
     31.159     31.421    13.3510  39.447051    33.2342    219.374     0.8274      8.246    93.8593 6.4550e+00 -0.5978752    24.9561  0.000e+00
     31.762     32.029    13.3191  39.415804    33.2324    220.110     0.7981      8.241    94.1433 6.7351e+00 -0.7634735    24.9611  0.000e+00
     32.121     32.391    13.3095  39.405733    33.2312    219.651     0.7762      8.241    94.3241 6.5843e+00 -0.7634735    24.9621  0.000e+00
     32.663     32.938    13.2680  39.360455    33.2246    219.655     0.7908      8.241    94.4532 5.9458e+00 -0.7634735    24.9653  0.000e+00
     33.377     33.658    13.2166  39.307380    33.2193    219.975     0.7102      8.241    94.6081 5.3082e+00 -0.7634735    24.9715  0.000e+00
     34.121     34.409    13.1560  39.244471    33.2127    220.649     0.6516      8.237    94.7631 4.9167e+00 -0.7634735    24.9785  0.000e+00
     34.822     35.115    13.1142  39.201509    33.2084    219.981     0.6003      8.237    95.0213 4.6320e+00 -0.7634735    24.9835  0.000e+00
     35.479     35.778    13.0846  39.172132    33.2063    219.191     0.5564      8.233    95.1246 4.3389e+00 -0.7634735    24.9877  0.000e+00
     36.104     36.408    13.0560  39.143852    33.2044    219.982     0.5051      8.233    95.3311 4.0642e+00 -0.7634735    24.9920  0.000e+00
     36.745     37.055    12.9860  39.077851    33.2030    220.384     0.4465      8.233    95.6152 3.7851e+00 -0.7634735    25.0047  0.000e+00
     37.394     37.709    12.8922  38.991900    33.2035    220.093     0.3732      8.229    95.8734 3.4948e+00 -0.7634735    25.0236  0.000e+00
     38.053     38.373    12.8301  38.933663    33.2025    219.128     0.3000      8.224    96.2349 3.2174e+00 -0.7634735    25.0350  0.000e+00
     38.802     39.129    12.6818  38.786499    33.1925    218.405     0.2414      8.220    96.3124 2.9197e+00 -0.7634735    25.0562  0.000e+00
     39.511     39.844    12.4964  38.610095    33.1871    217.516     0.1828      8.212    96.5189 2.7338e+00 -0.7634735    25.0879  0.000e+00
     39.988     40.325    12.4319  38.545410    33.1819    215.908     0.1241      8.207    96.6739 2.7260e+00 -0.7634735    25.0963  0.000e+00
     40.461     40.802    12.3764  38.488330    33.1760    215.083     0.1022      8.203    96.8288 2.6114e+00 -0.7303538    25.1023  0.000e+00
     41.194     41.541    12.3225  38.436684    33.1738    215.619     0.0729      8.203    96.8030 2.3487e+00 -0.7303538    25.1110  0.000e+00
     42.014     42.368    12.2743  38.390525    33.1717    214.764     0.0436      8.199    96.7255 2.1240e+00 -0.7634735    25.1185  0.000e+00
     42.677     43.037    12.2435  38.360252    33.1695    214.296     0.0362      8.194    96.6222 2.1058e+00 -0.7303538    25.1227  0.000e+00
     43.303     43.669    12.2075  38.325484    33.1677    214.530     0.0362      8.194    96.5964 2.0110e+00 -0.7303538    25.1281  0.000e+00
     44.071     44.443    12.1535  38.273672    33.1653    214.939     0.0216      8.195    96.4931 1.7919e+00 -0.7303538    25.1365  0.000e+00
     44.838     45.216    12.1148  38.237795    33.1646    214.121     0.0069      8.190    96.3898 1.6526e+00 -0.7303538    25.1433  0.000e+00
     45.337     45.720    12.0947  38.218404    33.1635    213.140     0.0143      8.190    96.1832 1.6526e+00 -0.7303538    25.1462  0.000e+00
     45.709     46.095    12.0832  38.206810    33.1624    213.576    -0.0004      8.186    96.0541 1.6055e+00 -0.7303538    25.1476  0.000e+00
     46.323     46.714    12.0616  38.185779    33.1609    213.836     0.0069      8.186    95.9767 1.4632e+00 -0.7303538    25.1505  0.000e+00
     47.108     47.506    12.0265  38.152659    33.1597    213.704     0.0069      8.186    95.9508 1.2986e+00 -0.7303538    25.1562  0.000e+00
     47.757     48.161    11.9373  38.067782    33.1565    213.815    -0.0077      8.181    95.8476 1.2686e+00 -0.6972342    25.1705  0.000e+00
     48.288     48.696    11.8609  37.997520    33.1561    213.470    -0.0077      8.177    95.7959 1.2430e+00 -0.6972342    25.1844  0.000e+00
     49.059     49.474    11.7432  37.886005    33.1523    212.928    -0.0150      8.173    95.6926 1.1056e+00 -0.6972342    25.2032  0.000e+00
     49.971     50.393    11.6102  37.767558    33.1551    212.280    -0.0224      8.159    95.4602 9.5990e-01 -0.6972342    25.2300  0.000e+00
     50.702     51.131    11.5005  37.666833    33.1544    210.564    -0.0224      8.155    94.8147 9.6844e-01 -0.6972342    25.2495  0.000e+00
     51.173     51.606    11.4807  37.649260    33.1547    208.272    -0.0150      8.146    94.2724 9.7131e-01 -0.6972342    25.2534  0.000e+00
     51.591     52.027    11.4571  37.626210    33.1531    206.712    -0.0150      8.146    93.9368 9.1284e-01 -0.6972342    25.2564  0.000e+00
     52.101     52.541    11.3996  37.576225    33.1553    206.331    -0.0224      8.142    93.5753 8.5518e-01 -0.6972342    25.2687  0.000e+00
     52.709     53.155    11.3480  37.531866    33.1578    205.929    -0.0150      8.137    93.2137 7.8443e-01 -0.6972342    25.2799  0.000e+00
     53.434     53.886    11.3307  37.516646    33.1581    204.500    -0.0150      8.128    92.4907 7.1277e-01 -0.6972342    25.2833  0.000e+00
     54.190     54.648    11.2825  37.474704    33.1597    203.199    -0.0297      8.123    91.7419 6.4923e-01 -0.6641145    25.2933  0.000e+00
     54.830     55.294    11.2266  37.428068    33.1638    201.760    -0.0297      8.119    90.9673 6.2419e-01 -0.6641145    25.3065  0.000e+00
     55.471     55.941    11.1896  37.397975    33.1671    200.238    -0.0224      8.110    90.2959 5.8563e-01 -0.6641145    25.3157  0.000e+00
     56.090     56.565    11.1711  37.382148    33.1679    198.074    -0.0150      8.105    89.2888 5.4093e-01 -0.6641145    25.3197  0.000e+00
     56.658     57.138    11.1082  37.330912    33.1737    196.484    -0.0077      8.100    87.6363 5.0870e-01 -0.6641145    25.3355  0.000e+00
     57.364     57.850    11.0872  37.314218    33.1758    194.813    -0.0077      8.091    86.3710 4.5933e-01 -0.6641145    25.3409  0.000e+00
     58.179     58.672    11.0587  37.290186    33.1774    192.520    -0.0077      8.087    85.5963 3.9523e-01 -0.6641145    25.3473  0.000e+00
     58.880     59.379    11.0352  37.271303    33.1796    190.854    -0.0077      8.082    84.3052 3.5934e-01 -0.6641145    25.3531  0.000e+00
     59.476     59.980    11.0243  37.261645    33.1796    189.795    -0.0077      8.077    83.6339 3.3273e-01 -0.6641145    25.3551  0.000e+00
     60.051     60.560    11.0114  37.250921    33.1804    189.311    -0.0150      8.073    83.2466 2.9895e-01 -0.6309949    25.3580  0.000e+00
     60.573     61.086    11.0093  37.249167    33.1803    188.537    -0.0150      8.073    82.7301 2.7085e-01 -0.6309949    25.3583  0.000e+00
     61.102     61.621    11.0097  37.249357    33.1799    188.077    -0.0077      8.073    82.6010 2.4585e-01 -0.6309949    25.3579  0.000e+00
     61.734     62.258    11.0102  37.249673    33.1795    187.619    -0.0004      8.068    82.6010 2.1528e-01 -0.6309949    25.3576  0.000e+00
     62.387     62.917    11.0109  37.250114    33.1790    187.892     0.0143      8.068    82.6268 1.9191e-01 -0.6309949    25.3571  0.000e+00
     62.992     63.527    11.0085  37.248172    33.1790    188.176    -0.0004      8.068    82.5752 1.7000e-01 -0.6309949    25.3575  0.000e+00
     63.612     64.151    11.0036  37.244035    33.1790    187.726    -0.0077      8.068    82.3686 1.5008e-01 -0.6309949    25.3584  0.000e+00
     64.356     64.902    10.9718  37.217449    33.1811    187.795    -0.0004      8.063    81.9813 1.2502e-01 -0.6309949    25.3657  0.000e+00
     65.183     65.737    10.9506  37.201466    33.1840    187.823    -0.0004      8.064    81.3874 1.0142e-01 -0.6309949    25.3717  0.000e+00
     65.889     66.449    10.9493  37.199525    33.1830    186.702    -0.0004      8.059    80.7418 8.8139e-02 -0.6309949    25.3712  0.000e+00
     66.336     66.899    10.9396  37.191252    33.1833    186.018     0.0069      8.059    80.7935 7.9585e-02 -0.6309949    25.3732  0.000e+00
     66.704     67.271    10.9407  37.192257    33.1832    185.787    -0.0004      8.059    80.9742 7.4642e-02 -0.5316359    25.3729  0.000e+00
