Arg_L1_T3_NV.cnv
* Sea-Bird SBE 9 Data File:
* FileName = S:\CTD_Data\CTD\Data\Argentina 2014\Data\Arg_L1_T3.hex
* Software Version Seasave V 7.21g
* Temperature SN = 5769
* Conductivity SN = 4244
* Number of Bytes Per Scan = 31
* Number of Voltage Words = 4
* Number of Scans Averaged by the Deck Unit = 24
* NMEA Latitude = 46 00.46 S
* NMEA Longitude = 059 23.80 W
* NMEA UTC (Time) = Feb 02 2014 01:35:40
* NMEA baud rate = 9600
** R/V Coriolis II
** MARES project, ARGENTINA 2014
** Chief scientist : Dr. Gustavo Ferreyra
** Co-Chief scientist : Dr. José Luis Esteves
# nquan = 12
# nvalues = 2463                                  
# units = specified
# name 0 = depSM: Depth [salt water, m]
# name 1 = prDM: Pressure, Digiquartz [db]
# name 2 = t090C: Temperature [ITS-90, deg C]
# name 3 = c0mS/cm: Conductivity [mS/cm]
# name 4 = sal00: Salinity, Practical [PSU]
# name 5 = sbeox0Mm/Kg: Oxygen, SBE 43 [umol/Kg]
# name 6 = flECO-AFL: Fluorescence, WET Labs ECO-AFL/FL [mg/m^3]
# name 7 = ph: pH
# name 8 = CStarTr0: Beam Transmission, WET Labs C-Star [%]
# name 9 = upoly0: Upoly 0, Nitrate
# name 10 = sigma-é00: Density [sigma-theta, Kg/m^3]
# name 11 = flag:  0.000e+00
# span 0 =     -0.299,    600.742                 
# span 1 =     -0.302,    606.602                 
# span 2 =     3.2852,    13.1137                 
# span 3 =   2.955916,  40.543942                 
# span 4 =     2.0363,    34.6995                 
# span 5 =    185.364,    278.001                 
# span 6 =    -0.1469,     1.1571                 
# span 7 =      8.021,      8.271                 
# span 8 =    61.5047,    99.7208                 
# span 9 = -0.6309949,  18.412809                 
# span 10 =     0.9551,    27.2203                
# span 11 = 0.0000e+00, 0.0000e+00                
# interval = seconds: 1
# start_time = Feb 02 2014 01:35:40 [NMEA time, header]
# bad_flag = -9.990e-29
*END*
[from data line 121]
     71.581     72.186     9.7608  37.534645    34.6280    202.497    -0.0150      8.167    99.2044  1.2237060    26.7034  0.000e+00
     72.023     72.632     9.7241  37.498667    34.6261    202.512    -0.0224      8.167    99.2302  1.0249880    26.7080  0.000e+00
     72.589     73.203     9.6752  37.449943    34.6228    203.023    -0.0297      8.167    99.2302  0.8262701    26.7136  0.000e+00
     73.369     73.990     9.6124  37.384850    34.6159    203.611    -0.0297      8.163    99.2302  2.2172957    26.7187  0.000e+00
     74.266     74.894     9.5661  37.339953    34.6137    203.413    -0.0370      8.163    99.1786  1.5549026    26.7247  0.000e+00
     75.057     75.693     9.5278  37.302168    34.6114    203.174    -0.0370      8.163    99.2560  1.4886632    26.7293  0.000e+00
     75.550     76.189     9.5151  37.288741    34.6095    203.521    -0.0370      8.163    99.2560  1.5549026    26.7298  0.000e+00
     76.066     76.710     9.5060  37.279394    34.6084    203.851    -0.0370      8.159    99.2560  1.4886632    26.7306  0.000e+00
     76.912     77.563     9.4682  37.238686    34.6023    204.056    -0.0444      8.159    99.2560  1.9854581    26.7320  0.000e+00
     77.850     78.509     9.4083  37.174930    34.5938    204.811    -0.0370      8.159    99.2819  2.1179368    26.7352  0.000e+00
     78.165     78.827     9.3642  37.130946    34.5906    204.587    -0.0370      8.159    99.2819  2.1510564    26.7400  0.000e+00
     78.053     78.714     9.3657  37.130820    34.5892    203.419    -0.0370      8.154    99.2819  2.1179368    26.7386  0.000e+00
     78.457     79.122     9.3218  37.084352    34.5832    203.473    -0.0370      8.155    99.2819  2.1179368    26.7411  0.000e+00
     79.441     80.114     9.1626  36.922771    34.5688    203.918    -0.0444      8.155    99.2819  2.0185778    26.7557  0.000e+00
     80.595     81.278     9.1207  36.883469    34.5679    203.079    -0.0590      8.155    99.3077  1.9523385    26.7618  0.000e+00
     81.729     82.422     9.0787  36.835566    34.5582    203.430    -0.0517      8.151    99.3335  1.9192188    26.7609  0.000e+00
     82.220     82.917     8.9769  36.736710    34.5534    204.318    -0.0663      8.151    99.3593  3.3433641    26.7735  0.000e+00
     82.016     82.711     9.0179  36.776701    34.5555    203.501    -0.0663      8.151    99.3335  3.1446462    26.7686  0.000e+00
     82.183     82.880     9.0082  36.762599    34.5501    203.391    -0.0444      8.146    99.3077  2.6478513    26.7659  0.000e+00
     82.919     83.622     8.9459  36.699854    34.5446    204.276    -0.0663      8.151    99.3335  1.8198598    26.7716  0.000e+00
     83.972     84.684     8.8643  36.614411    34.5338    204.078    -0.0737      8.152    99.3593  1.8198598    26.7761  0.000e+00
     85.078     85.800     8.7268  36.478774    34.5246    203.846    -0.0737      8.148    99.3593  3.4096034    26.7906  0.000e+00
     85.851     86.579     8.6904  36.442208    34.5212    203.703    -0.0810      8.148    99.3851  4.3700735    26.7937  0.000e+00
     86.183     86.915     8.6860  36.437111    34.5200    203.396    -0.0810      8.148    99.4110  4.7012701    26.7933  0.000e+00
     86.720     87.456     8.6793  36.429466    34.5182    203.106    -0.0810      8.143    99.4110  3.6745607    26.7930  0.000e+00
     87.302     88.044     8.6732  36.423375    34.5175    203.273    -0.0883      8.143    99.4110  4.0719966    26.7934  0.000e+00
     87.853     88.600     8.6600  36.409391    34.5153    203.474    -0.0883      8.143    99.4110  4.2375949    26.7938  0.000e+00
     88.669     89.422     8.6213  36.370927    34.5121    203.972    -0.0883      8.143    99.4110  4.3369538    26.7973  0.000e+00
     89.632     90.394     8.5934  36.344839    34.5113    203.961    -0.0883      8.139    99.4110  4.6681504    26.8011  0.000e+00
     90.236     91.003     8.5665  36.315466    34.5062    204.110    -0.0883      8.139    99.4110  4.0057573    26.8012  0.000e+00
     90.568     91.338     8.5366  36.285916    34.5041    204.094    -0.0883      8.139    99.4110  4.3038342    26.8042  0.000e+00
     91.169     91.944     8.4549  36.201475    34.4942    203.578    -0.0883      8.139    99.4110  4.6019111    26.8091  0.000e+00
     92.091     92.874     8.3535  36.101378    34.4868    203.918    -0.0883      8.140    99.4368  4.6681504    26.8188  0.000e+00
     92.854     93.644     8.3217  36.068120    34.4823    204.223    -0.0810      8.135    99.4368  4.0388769    26.8201  0.000e+00
     93.059     93.851     8.3005  36.046326    34.4798    204.631    -0.0883      8.135    99.4368  4.8337487    26.8214  0.000e+00
     93.207     94.000     8.2950  36.039949    34.4783    204.493    -0.0883      8.135    99.4110  5.5623812    26.8211  0.000e+00
     93.936     94.735     8.2743  36.018844    34.4757    204.144    -0.0956      8.135    99.4110  5.9266974    26.8222  0.000e+00
     95.009     95.818     8.1204  35.864372    34.4616    205.226    -0.0956      8.136    99.4368  6.1585350    26.8344  0.000e+00
     96.102     96.920     8.0496  35.798535    34.4602    205.424    -0.0956      8.136    99.4368  5.7942188    26.8439  0.000e+00
     96.264     97.084     8.0454  35.794152    34.4595    204.973    -0.0956      8.131    99.4110  5.3967829    26.8440  0.000e+00
     95.970     96.787     8.1104  35.859619    34.4658    205.899    -0.0883      8.131    99.4110  4.9331077    26.8392  0.000e+00
     96.493     97.314     8.1005  35.843681    34.4583    207.226    -0.0883      8.131    99.4368  4.9331077    26.8348  0.000e+00
     97.495     98.326     8.0254  35.771377    34.4542    207.017    -0.0956      8.132    99.4368  5.6286205    26.8428  0.000e+00
     98.581     99.421     7.9798  35.727506    34.4515    206.660    -0.0956      8.132    99.4368  6.0591761    26.8476  0.000e+00
     99.501    100.349     7.9759  35.723870    34.4511    206.705    -0.0956      8.127    99.4368  6.1916547    26.8478  0.000e+00
     99.830    100.681     7.9772  35.723870    34.4496    207.188    -0.0956      8.127    99.4368  5.4299026    26.8465  0.000e+00
    100.094    100.947     7.9702  35.715790    34.4477    207.711    -0.0956      8.127    99.4368  4.7675094    26.8460  0.000e+00
    100.498    101.355     7.9562  35.701913    34.4464    207.485    -0.0883      8.127    99.4626  5.2974239    26.8470  0.000e+00
    101.181    102.043     7.9555  35.701792    34.4466    207.679    -0.0956      8.127    99.4626  5.5955009    26.8473  0.000e+00
    102.192    103.064     7.9570  35.702721    34.4457    207.701    -0.0956      8.127    99.4626  3.6414410    26.8464  0.000e+00
    103.192    104.072     7.9445  35.690143    34.4440    207.964    -0.0956      8.127    99.4368  5.2974239    26.8470  0.000e+00
    103.697    104.582     7.9368  35.683361    34.4441    208.015    -0.1030      8.127    99.4626  5.1318256    26.8482  0.000e+00
    103.932    104.818     7.9400  35.685582    34.4431    207.699    -0.0956      8.122    99.4368  4.8999880    26.8469  0.000e+00
    104.361    105.252     7.9254  35.670230    34.4409    208.266    -0.0883      8.127    99.4368  5.5955009    26.8473  0.000e+00
    105.122    106.020     7.8872  35.631090    34.4361    208.481    -0.0956      8.123    99.4110  6.1585350    26.8492  0.000e+00
    106.000    106.905     7.8508  35.594432    34.4321    208.380    -0.0883      8.123    99.4368  6.2247744    26.8515  0.000e+00
    106.682    107.593     7.8263  35.570289    34.4299    208.522    -0.0956      8.123    99.4368  5.9929368    26.8534  0.000e+00
    107.235    108.151     7.8142  35.557173    34.4275    208.600    -0.0956      8.123    99.4368  5.5623812    26.8532  0.000e+00
    107.941    108.863     7.7860  35.528916    34.4245    209.247    -0.0956      8.123    99.4368  6.0922957    26.8551  0.000e+00
    108.700    109.628     7.7705  35.512791    34.4221    209.348    -0.0883      8.123    99.4368  6.0922957    26.8554  0.000e+00
    109.179    110.112     7.7342  35.475072    34.4170    208.750    -0.0883      8.123    99.4110  6.0922957    26.8568  0.000e+00
    109.440    110.375     7.6963  35.435031    34.4111    209.439    -0.0883      8.123    99.4110  6.0591761    26.8577  0.000e+00
    109.914    110.853     7.6385  35.377492    34.4059    210.062    -0.0883      8.124    99.3851  5.7279795    26.8619  0.000e+00
    110.837    111.785     7.5705  35.306848    34.3961    210.615    -0.0956      8.124    99.3851  5.7610991    26.8641  0.000e+00
    111.917    112.874     7.4462  35.179829    34.3809    211.786    -0.0956      8.124    99.4110  5.6617402    26.8700  0.000e+00
    112.556    113.519     7.3622  35.097455    34.3743    211.422    -0.0810      8.125    99.3851  5.6286205    26.8767  0.000e+00
    112.621    113.585     7.3531  35.087224    34.3721    211.648    -0.0737      8.125    99.3851  6.9865265    26.8763  0.000e+00
    112.883    113.849     7.3269  35.059174    34.3675    212.615    -0.0810      8.125    99.3851  7.2514838    26.8764  0.000e+00
    113.584    114.556     7.2972  35.029114    34.3639    212.967    -0.0810      8.125    99.3851  7.3839624    26.8777  0.000e+00
    114.538    115.518     7.2507  34.979728    34.3557    212.920    -0.0883      8.125    99.3593  7.4833214    26.8778  0.000e+00
    115.419    116.407     6.9536  34.673120    34.3149    214.712    -0.0956      8.126    99.3335  7.4833214    26.8870  0.000e+00
    116.079    117.073     6.7586  34.492464    34.3103    215.240    -0.0956      8.127    99.3593  6.8540479    26.9098  0.000e+00
    116.479    117.476     6.7506  34.482670    34.3072    214.961    -0.0883      8.127    99.3593  6.9202872    26.9084  0.000e+00
    116.821    117.821     6.7458  34.476039    34.3045    216.365    -0.0810      8.127    99.3593  7.4502017    26.9070  0.000e+00
    117.326    118.331     6.7428  34.472817    34.3037    216.911    -0.0810      8.122    99.3335  8.7749880    26.9068  0.000e+00
    118.030    119.041     6.7539  34.484256    34.3049    216.712    -0.0956      8.122    99.3335  8.1457145    26.9062  0.000e+00
    118.775    119.793     6.7583  34.488640    34.3049    216.887    -0.0956      8.122    99.3593  8.5100308    26.9056  0.000e+00
    119.423    120.447     6.7598  34.490285    34.3049    216.561    -0.0883      8.122    99.3593  8.5100308    26.9054  0.000e+00
    120.117    121.147     6.7597  34.489679    34.3040    216.246    -0.0883      8.118    99.3593  7.9801162    26.9047  0.000e+00
    120.854    121.890     6.7498  34.479703    34.3025    216.836    -0.0956      8.118    99.2819  7.1521248    26.9049  0.000e+00
    121.411    122.452     6.7389  34.468024    34.3003    216.398    -0.0956      8.118    99.3593  7.7813983    26.9046  0.000e+00
    121.790    122.835     6.7012  34.429345    34.2950    216.276    -0.0883      8.118    99.3335  7.8145179    26.9055  0.000e+00
    122.213    123.261     6.6931  34.422537    34.2953    216.668    -0.0883      8.118    99.1786  7.2183641    26.9069  0.000e+00
    122.819    123.872     6.6786  34.406733    34.2920    216.767    -0.0883      8.118    99.3335  6.6222103    26.9062  0.000e+00
    123.604    124.665     6.6410  34.368811    34.2873    216.995    -0.0956      8.118    99.3593  6.6222103    26.9075  0.000e+00
    124.489    125.558     6.5909  34.316027    34.2785    216.778    -0.0956      8.118    99.3593  7.8807573    26.9073  0.000e+00
    125.336    126.412     6.4257  34.150647    34.2598    217.703    -0.0883      8.119    99.3335  8.7749880    26.9144  0.000e+00
    125.939    127.020     6.3239  34.054088    34.2541    218.090    -0.0883      8.119    99.3335  7.3508427    26.9231  0.000e+00
    126.334    127.419     6.2986  34.028724    34.2510    218.241    -0.0956      8.119    99.3851  7.2846034    26.9239  0.000e+00
    126.624    127.712     6.2828  34.012627    34.2488    219.215    -0.0883      8.119    99.3851  8.5100308    26.9242  0.000e+00
    126.810    127.899     6.2641  33.993688    34.2463    219.855    -0.0956      8.120    99.3851  9.2717829    26.9247  0.000e+00
    127.245    128.338     6.2012  33.929156    34.2371    220.404    -0.0883      8.115    99.3851  8.2119538    26.9255  0.000e+00
    128.213    129.314     6.0334  33.767826    34.2246    221.014    -0.0956      8.116    99.3851  9.1724239    26.9371  0.000e+00
    129.403    130.516     5.9219  33.656805    34.2115    220.783    -0.1030      8.116    99.3851  9.2717829    26.9408  0.000e+00
    130.463    131.585     5.8187  33.552666    34.1978    220.855    -0.0956      8.117    99.4110  9.3049026    26.9428  0.000e+00
    130.322    131.442     5.8159  33.552606    34.2006    221.223    -0.0956      8.117    99.4110  9.3380222    26.9453  0.000e+00
    130.099    131.218     5.9800  33.718544    34.2221    221.723    -0.0956      8.116    99.4110  8.2450735    26.9419  0.000e+00
    130.661    131.785     5.9574  33.679893    34.2011    223.517    -0.0956      8.116    99.3851  8.3113128    26.9281  0.000e+00
    131.644    132.776     5.7395  33.471623    34.1855    224.619    -0.0883      8.117    99.3851  8.3775521    26.9429  0.000e+00
    132.719    133.861     5.6292  33.362423    34.1729    223.097    -0.0883      8.113    99.3851  8.4106718    26.9464  0.000e+00
    133.688    134.839     5.5604  33.295121    34.1656    223.151    -0.0883      8.113    99.3851  8.6425094    26.9490  0.000e+00
    134.239    135.394     5.5474  33.283181    34.1649    225.083    -0.0956      8.113    99.3851  9.9341761    26.9500  0.000e+00
    134.375    135.532     5.5419  33.276640    34.1630    226.228    -0.0883      8.113    99.3851  10.066655    26.9491  0.000e+00
    134.520    135.678     5.5345  33.268541    34.1612    227.198    -0.0883      8.113    99.3851  9.8016974    26.9487  0.000e+00
    135.064    136.227     5.5213  33.256244    34.1603    227.106    -0.0956      8.113    99.3851  10.497210    26.9495  0.000e+00
    135.956    137.127     5.5269  33.263086    34.1619    227.096    -0.0956      8.113    99.3593  8.7087487    26.9501  0.000e+00
    136.815    137.994     5.5492  33.286250    34.1653    227.725    -0.0956      8.113    99.1786  8.9074667    26.9501  0.000e+00
    137.532    138.717     5.5543  33.292133    34.1664    227.530    -0.0956      8.113    99.3851  9.3711419    26.9504  0.000e+00
    138.231    139.422     5.5483  33.287935    34.1674    226.845    -0.0883      8.108    99.3851  8.9737060    26.9519  0.000e+00
    138.855    140.051     5.5392  33.279115    34.1662    226.547    -0.0883      8.108    99.3851  10.066655    26.9521  0.000e+00
    139.470    140.672     5.5159  33.256259    34.1636    226.148    -0.0956      8.108    99.3851  10.430971    26.9528  0.000e+00
    140.131    141.339     5.4690  33.209002    34.1570    226.443    -0.1030      8.108    99.3851  10.497210    26.9532  0.000e+00
    140.876    142.091     5.3356  33.077861    34.1424    227.621    -0.0956      8.109    99.3593  10.033535    26.9575  0.000e+00
    141.485    142.706     5.2344  32.982493    34.1359    227.667    -0.0956      8.109    99.3593  10.033535    26.9644  0.000e+00
    141.612    142.834     5.2192  32.968383    34.1351    227.759    -0.0956      8.109    99.3335  10.530330    26.9655  0.000e+00
    141.729    142.952     5.2037  32.951226    34.1311    229.931    -0.0810      8.109    99.3335  10.795287    26.9641  0.000e+00
    142.425    143.653     5.1815  32.930907    34.1301    231.215    -0.0883      8.110    99.3077  10.795287    26.9659  0.000e+00
    143.558    144.797     5.1653  32.916091    34.1290    231.905    -0.0883      8.110    99.3077  9.1393043    26.9669  0.000e+00
    144.758    146.008     5.1551  32.906476    34.1278    232.376    -0.1030      8.110    99.2819  11.159603    26.9672  0.000e+00
