Arg_L1_T4_NV.cnv
* Sea-Bird SBE 9 Data File:
* FileName = S:\CTD_Data\CTD\Data\Argentina 2014\Data\Arg_L1_T4.hex
* Software Version Seasave V 7.21g
* Temperature SN = 5769
* Conductivity SN = 4244
* Number of Bytes Per Scan = 31
* Number of Voltage Words = 4
* Number of Scans Averaged by the Deck Unit = 24
* NMEA Latitude = 46 01.99 S
* NMEA Longitude = 060 15.45 W
* NMEA UTC (Time) = Feb 02 2014 11:18:56
* NMEA baud rate = 9600
** R/V Coriolis II
** MARES project, ARGENTINA 2014
** Chief scientist : Dr. Gustavo Ferreyra
** Co-Chief scientist : Dr. José Luis Esteves
# nquan = 12
# nvalues = 724                                   
# units = specified
# name 0 = depSM: Depth [salt water, m]
# name 1 = prDM: Pressure, Digiquartz [db]
# name 2 = t090C: Temperature [ITS-90, deg C]
# name 3 = c0mS/cm: Conductivity [mS/cm]
# name 4 = sal00: Salinity, Practical [PSU]
# name 5 = sbeox0Mm/Kg: Oxygen, SBE 43 [umol/Kg]
# name 6 = flECO-AFL: Fluorescence, WET Labs ECO-AFL/FL [mg/m^3]
# name 7 = ph: pH
# name 8 = CStarTr0: Beam Transmission, WET Labs C-Star [%]
# name 9 = upoly0: Upoly 0, Nitrate
# name 10 = sigma-é00: Density [sigma-theta, Kg/m^3]
# name 11 = flag:  0.000e+00
# span 0 =     -0.353,    134.675                 
# span 1 =     -0.356,    135.835                 
# span 2 =     5.6440,    11.7620                 
# span 3 =   3.983235,  38.293317                 
# span 4 =     2.9076,    33.8500                 
# span 5 =    201.659,    273.916                 
# span 6 =    -0.2715,    28.7542                 
# span 7 =      8.122,      8.385                 
# span 8 =    58.3028,    99.4368                 
# span 9 = -0.6309949,  10.960885                 
# span 10 =     1.8171,    26.6823                
# span 11 = 0.0000e+00, 0.0000e+00                
# interval = seconds: 1
# start_time = Feb 02 2014 11:18:56 [NMEA time, header]
# bad_flag = -9.990e-29
*END*
      1.621      1.635    11.5088  38.280317    33.7703    226.498     0.3073      8.361    97.2678 -0.6309949    25.7257  0.000e+00
      1.175      1.184    11.5091  38.280379    33.7703    226.876     0.3000      8.361    97.2419 -0.6309949    25.7256  0.000e+00
      1.208      1.218    11.5092  38.280506    33.7703    226.876     0.3073      8.361    97.1903 -0.6309949    25.7256  0.000e+00
      1.404      1.416    11.5092  38.280633    33.7704    226.648     0.3293      8.361    97.1645 -0.5647556    25.7257  0.000e+00
      1.659      1.673    11.5089  38.280507    33.7704    226.657     0.3073      8.361    97.1903 -0.4985162    25.7257  0.000e+00
      1.992      2.008    11.5088  38.280318    33.7702    226.667     0.2853      8.361    96.6739 -0.5978752    25.7256  0.000e+00
      1.642      1.656    11.5090  38.280571    33.7704    227.047     0.3073      8.361    96.5447 -0.4985162    25.7257  0.000e+00
      0.830      0.836    11.5220  38.292743    33.7708    226.568     0.3146      8.361    97.0354 -0.4985162    25.7236  0.000e+00
      0.707      0.713    11.5205  38.290459    33.7700    226.340     0.2926      8.361    97.0095 -0.4985162    25.7233  0.000e+00
      1.246      1.257    11.5199  38.290525    33.7703    226.200     0.2926      8.361    96.8288 -0.4985162    25.7236  0.000e+00
      1.894      1.910    11.5123  38.283615    33.7702    225.864     0.3073      8.361    96.1574 -0.4985162    25.7250  0.000e+00
      1.979      1.995    11.5150  38.286152    33.7703    226.479     0.3146      8.361    96.0800 -0.4985162    25.7245  0.000e+00
      1.854      1.869    11.5228  38.293317    33.7702    227.062     0.3293      8.361    96.1316 -0.4985162    25.7230  0.000e+00
      1.817      1.832    11.5193  38.290020    33.7701    227.235     0.3073      8.361    96.4931 -0.4985162    25.7236  0.000e+00
      2.220      2.238    11.5166  38.287865    33.7704    226.244     0.3219      8.361    96.1058 -0.4985162    25.7243  0.000e+00
      2.547      2.568    11.5170  38.287613    33.7696    226.410     0.2853      8.361    96.3898 -0.4985162    25.7236  0.000e+00
      2.931      2.956    11.5094  38.281590    33.7704    226.925     0.2853      8.361    96.5964 -0.4985162    25.7257  0.000e+00
      3.929      3.961    11.5090  38.281340    33.7701    227.114     0.3219      8.361    96.3382 -0.5978752    25.7255  0.000e+00
      5.011      5.053    11.5084  38.281598    33.7704    226.364     0.3219      8.361    96.5447 -0.6309949    25.7259  0.000e+00
      5.737      5.784    11.5082  38.281854    33.7705    226.543     0.2926      8.361    96.8804 -0.6309949    25.7261  0.000e+00
      5.740      5.787    11.5086  38.282045    33.7704    227.010     0.3000      8.361    96.9063 -0.6309949    25.7259  0.000e+00
      6.064      6.114    11.5086  38.282299    33.7705    226.785     0.3000      8.366    97.0095 -0.6309949    25.7260  0.000e+00
      6.857      6.914    11.5089  38.283000    33.7706    226.807     0.3513      8.361    97.1128 -0.6309949    25.7260  0.000e+00
      7.927      7.993    11.5096  38.284209    33.7706    227.226     0.3439      8.361    97.1386 -0.6309949    25.7259  0.000e+00
      8.911      8.985    11.5095  38.284466    33.7706    227.255     0.3293      8.361    97.2936 -0.6309949    25.7260  0.000e+00
      9.552      9.632    11.5099  38.285103    33.7705    227.037     0.3219      8.361    97.2678 -0.6309949    25.7258  0.000e+00
      9.905      9.987    11.5094  38.284723    33.7705    227.050     0.3513      8.361    97.2936 -0.5978752    25.7259  0.000e+00
     10.180     10.264    11.5096  38.285041    33.7705    227.449     0.3952      8.361    97.2678 -0.4985162    25.7259  0.000e+00
     10.734     10.823    11.5085  38.284156    33.7704    227.471     0.3659      8.361    97.2419 -0.5647556    25.7260  0.000e+00
     11.722     11.820    11.5001  38.276804    33.7704    227.306     0.3513      8.361    97.3194 -0.4653966    25.7276  0.000e+00
     12.780     12.886    11.4823  38.260387    33.7701    227.032     0.4172      8.361    96.4931 -0.4653966    25.7306  0.000e+00
     13.474     13.586    11.4667  38.247459    33.7713    227.126     0.4685      8.362    97.2161 -0.4653966    25.7344  0.000e+00
     13.802     13.917    11.4727  38.252087    33.7702    227.344     0.5051      8.362    97.2419 -0.4653966    25.7325  0.000e+00
     14.193     14.311    11.4524  38.233517    33.7703    227.848     0.6223      8.362    97.1128 -0.4985162    25.7363  0.000e+00
     14.766     14.889    11.4495  38.230858    33.7701    228.273     0.6956      8.362    97.1128 -0.4653966    25.7367  0.000e+00
     15.461     15.590    11.4174  38.200255    33.7690    228.612     0.6956      8.362    97.0612 -0.4653966    25.7417  0.000e+00
     16.231     16.366    11.3566  38.144142    33.7689    229.096     0.7176      8.367    96.9321 -0.4653966    25.7528  0.000e+00
     16.986     17.127    11.2313  38.026952    33.7676    229.904     1.0839      8.367    96.7513 -0.4653966    25.7746  0.000e+00
     17.701     17.849    10.9854  37.807452    33.7755    231.715     1.8165      8.373    95.7959 -0.4653966    25.8250  0.000e+00
     18.377     18.530    10.8348  37.672972    33.7800    234.689     2.7981      8.374    94.1175 -0.4653966    25.8553  0.000e+00
     18.906     19.064    10.7687  37.615721    33.7836    239.444     3.3989      8.379    91.5353 -0.4653966    25.8699  0.000e+00
     19.382     19.543    10.7658  37.611630    33.7820    243.704     3.6260      8.379    90.1926 -0.4653966    25.8691  0.000e+00
     19.934     20.100    10.7482  37.595074    33.7814    246.157     3.6919      8.384    90.1410 -0.4653966    25.8718  0.000e+00
     20.509     20.680    10.7136  37.563606    33.7817    246.168     3.6406      8.384    90.3217 -0.4985162    25.8781  0.000e+00
     21.142     21.318    10.6918  37.543661    33.7815    245.125     3.4941      8.384    90.2959 -0.4653966    25.8818  0.000e+00
     21.893     22.075    10.6666  37.520010    33.7809    244.527     3.3036      8.384    90.6574 -0.4653966    25.8857  0.000e+00
     22.676     22.865    10.6477  37.503911    33.7818    244.226     3.1571      8.384    90.7607 -0.4653966    25.8898  0.000e+00
     23.339     23.534    10.6390  37.494920    33.7806    243.136     3.0619      8.384    90.9931 -0.4653966    25.8904  0.000e+00
     23.879     24.078    10.6213  37.479077    33.7809    242.746     3.1791      8.384    91.3288 -0.4653966    25.8937  0.000e+00
     24.411     24.615    10.5624  37.425902    33.7818    243.327     3.0765      8.385    91.4579 -0.4653966    25.9048  0.000e+00
     24.993     25.201    10.5396  37.405547    33.7822    242.641     2.9373      8.380    91.6903 -0.4653966    25.9090  0.000e+00
     25.495     25.708    10.5167  37.384881    33.7824    242.364     2.7542      8.380    91.9485 -0.4653966    25.9132  0.000e+00
     25.895     26.111    10.4898  37.360327    33.7825    242.196     2.5930      8.380    92.2842 -0.4653966    25.9179  0.000e+00
     26.436     26.656    10.4168  37.291530    33.7807    242.027     2.4245      8.381    92.4391 -0.4653966    25.9292  0.000e+00
     27.219     27.447    10.1349  37.041563    33.7899    242.370     1.9776      8.377    93.0330 -0.4653966    25.9847  0.000e+00
     28.123     28.358     9.9399  36.869252    33.7965    241.397     1.2963      8.374    94.2208 -0.4653966    26.0229  0.000e+00
     28.893     29.134     9.8765  36.812990    33.7981    239.387     0.8494      8.374    95.7959 -0.4653966    26.0348  0.000e+00
     29.188     29.432     9.8664  36.806624    33.8010    237.604     0.6882      8.369    96.3640 -0.4653966    26.0387  0.000e+00
     29.360     29.606     9.8471  36.783468    33.7953    236.835     0.7102      8.365    96.3124 -0.4653966    26.0375  0.000e+00
     29.846     30.096     9.8117  36.749963    33.7940    236.578     0.6882      8.365    96.4415 -0.4653966    26.0424  0.000e+00
     30.520     30.775     9.6845  36.634313    33.7946    236.965     0.6809      8.361    96.7771 -0.4653966    26.0640  0.000e+00
     31.205     31.466     9.5672  36.529449    33.7969    237.037     0.6077      8.357    96.9063 -0.4653966    26.0852  0.000e+00
     32.001     32.268     9.5057  36.473891    33.7973    236.556     0.4978      8.357    97.1128 -0.4653966    26.0956  0.000e+00
     32.898     33.173     9.4502  36.422408    33.7962    236.047     0.4245      8.357    97.2678 -0.4653966    26.1037  0.000e+00
     33.559     33.840     9.3726  36.352813    33.7973    235.641     0.3879      8.353    97.4485 -0.4653966    26.1172  0.000e+00
     33.724     34.006     9.3506  36.331137    33.7955    235.374     0.3586      8.353    97.6034 -0.4653966    26.1195  0.000e+00
     33.963     34.247     9.3141  36.296429    33.7940    236.066     0.3293      8.348    97.6293 -0.4653966    26.1242  0.000e+00
     34.629     34.918     9.2273  36.214895    33.7913    236.327     0.3146      8.349    97.7842 -0.4653966    26.1360  0.000e+00
     35.553     35.850     9.1278  36.126743    33.7936    236.548     0.3000      8.349    97.8617 -0.4653966    26.1538  0.000e+00
     36.510     36.815     9.0463  36.052543    33.7932    236.958     0.2560      8.350    97.9133 -0.4653966    26.1664  0.000e+00
     37.191     37.502     8.9872  36.000738    33.7950    236.958     0.1974      8.350    98.0941 -0.4653966    26.1772  0.000e+00
     37.536     37.850     8.9488  35.966960    33.7961    237.288     0.1754      8.350    98.2232 -0.4653966    26.1842  0.000e+00
     37.957     38.275     8.8666  35.887573    33.7911    237.869     0.1828      8.346    98.3006 -0.4653966    26.1932  0.000e+00
     38.599     38.922     8.7963  35.822274    33.7893    237.653     0.1315      8.346    98.3523 -0.4653966    26.2028  0.000e+00
     39.357     39.686     8.6011  35.647239    33.7914    238.109     0.1388      8.347    98.5072 -0.4653966    26.2346  0.000e+00
     40.150     40.486     8.5211  35.575770    33.7923    237.770     0.0948      8.347    98.6105 -0.4653966    26.2476  0.000e+00
     40.891     41.233     8.4813  35.539996    33.7922    236.748     0.0509      8.348    98.6880 -0.4653966    26.2537  0.000e+00
     41.476     41.824     8.4664  35.525900    33.7914    236.339     0.0362      8.343    98.7396 -0.4653966    26.2553  0.000e+00
     42.113     42.466     8.4505  35.510330    33.7898    235.768     0.0362      8.343    98.7912 -0.4653966    26.2565  0.000e+00
     42.880     43.240     8.4403  35.501102    33.7895    235.337     0.0436      8.343    98.8687 -0.4653966    26.2578  0.000e+00
     43.573     43.939     8.4386  35.498827    33.7883    235.615     0.0582      8.343    98.8687 -0.4653966    26.2572  0.000e+00
     44.124     44.494     8.4127  35.474894    33.7876    235.727     0.1241      8.338    98.8687 -0.4653966    26.2606  0.000e+00
     44.774     45.150     8.3845  35.449799    33.7878    236.024     0.0069      8.339    98.8945 -0.4653966    26.2650  0.000e+00
     45.528     45.910     8.3352  35.405591    33.7879    235.974     0.0143      8.339    98.8945 -0.4653966    26.2725  0.000e+00
     46.265     46.654     8.2874  35.363187    33.7885    235.620     0.0143      8.339    98.9720 -0.4653966    26.2802  0.000e+00
     46.933     47.327     8.2597  35.339967    33.7901    235.446    -0.0004      8.334    98.9720 -0.4653966    26.2857  0.000e+00
     47.553     47.952     8.2498  35.331799    33.7907    235.177    -0.0004      8.334    98.9720 -0.4653966    26.2876  0.000e+00
     48.123     48.527     8.2421  35.326888    33.7926    234.892    -0.0297      8.330    99.0495 -0.4653966    26.2903  0.000e+00
     48.705     49.114     8.2088  35.296922    33.7925    234.280    -0.0224      8.330    99.0495 -0.4653966    26.2952  0.000e+00
     49.394     49.809     8.1187  35.214135    33.7907    234.448    -0.0224      8.326    99.0753 -0.4653966    26.3073  0.000e+00
     50.193     50.615     7.9869  35.093680    33.7889    234.202    -0.0297      8.326    99.0495 -0.4653966    26.3254  0.000e+00
     51.075     51.504     7.7537  34.889125    33.7946    234.180    -0.0370      8.323    99.0753 -0.4653966    26.3639  0.000e+00
     51.900     52.336     7.6492  34.796763    33.7961    233.594    -0.0370      8.318    99.0495 -0.4653966    26.3802  0.000e+00
     52.371     52.812     7.6108  34.764777    33.7988    231.665    -0.0370      8.314    99.0753 -0.4653966    26.3878  0.000e+00
     52.642     53.084     7.6111  34.760383    33.7936    229.845    -0.0370      8.309    99.1527 -0.4653966    26.3837  0.000e+00
     53.123     53.570     7.5748  34.727190    33.7927    229.323    -0.0370      8.309    99.1527 -0.4653966    26.3882  0.000e+00
     53.895     54.348     7.5077  34.666937    33.7924    228.970    -0.0517      8.305    99.1527 -0.4653966    26.3975  0.000e+00
     54.822     55.283     7.4355  34.602156    33.7921    228.823    -0.0444      8.300    99.1269 -0.4322769    26.4075  0.000e+00
     55.762     56.231     7.3074  34.489951    33.7948    228.970    -0.0517      8.296    99.0753 -0.3660376    26.4276  0.000e+00
     56.412     56.887     7.1918  34.398977    33.8084    228.707    -0.0444      8.292    99.1527 -0.2997983    26.4544  0.000e+00
     56.763     57.241     7.1510  34.358081    33.8035    228.067    -0.0370      8.292    99.2302 -0.1342000    26.4562  0.000e+00
     57.269     57.751     7.0600  34.273007    33.7993    227.695    -0.0444      8.288    99.2302 -0.1673197    26.4655  0.000e+00
     58.062     58.551     6.9977  34.218280    33.8002    227.169    -0.0517      8.283    99.2302 -0.2335590    26.4747  0.000e+00
     58.984     59.481     6.7780  34.023608    33.8017    227.482    -0.0590      8.280    99.2302  1.5549026    26.5056  0.000e+00
     59.750     60.254     6.5220  33.821340    33.8304    227.944    -0.0663      8.276    99.2560  0.7931504    26.5621  0.000e+00
     60.093     60.599     6.5975  33.877332    33.8176    226.168    -0.0590      8.271    99.3077  0.5281932    26.5421  0.000e+00
     60.427     60.936     6.4755  33.770212    33.8193    226.968    -0.0737      8.267    99.3335  0.6275521    26.5595  0.000e+00
     61.067     61.582     6.3949  33.702111    33.8231    227.381    -0.0810      8.262    99.3335  0.6937915    26.5730  0.000e+00
     61.929     62.451     6.3747  33.684689    33.8234    226.980    -0.0663      8.258    99.3593  4.0719966    26.5759  0.000e+00
     62.871     63.401     6.3654  33.676011    33.8225    227.903    -0.0663      8.253    99.3335  3.7739197    26.5763  0.000e+00
     63.772     64.310     6.3536  33.665586    33.8221    227.979    -0.0737      8.248    99.3077  3.5752017    26.5776  0.000e+00
     64.581     65.126     6.3440  33.656548    33.8212    227.879    -0.0810      8.243    99.2819  4.3700735    26.5781  0.000e+00
     65.277     65.828     6.3193  33.635278    33.8216    228.720    -0.0810      8.243    99.3335  2.0516974    26.5816  0.000e+00
     65.661     66.215     6.3077  33.625640    33.8222    229.138    -0.0810      8.239    99.2819  3.1446462    26.5836  0.000e+00
     65.830     66.385     6.3002  33.618411    33.8215    229.186    -0.0810      8.239    99.3077  3.7408000    26.5840  0.000e+00
     66.295     66.854     6.2905  33.609919    33.8214    229.254    -0.0883      8.234    99.3593  3.9726376    26.5852  0.000e+00
     67.182     67.749     6.2520  33.577702    33.8233    229.494    -0.0810      8.234    99.3335  3.7739197    26.5916  0.000e+00
     68.177     68.753     6.1868  33.525578    33.8293    229.356    -0.0663      8.230    99.3593  4.5025521    26.6047  0.000e+00
     69.148     69.732     6.1483  33.496341    33.8345    230.119    -0.0883      8.230    99.3335  4.1713556    26.6137  0.000e+00
     69.608     70.196     6.1367  33.487500    33.8358    231.070    -0.0956      8.225    99.3851  3.0452872    26.6162  0.000e+00
