Arg_Leg3_G15_NV.cnv
* Sea-Bird SBE 9 Data File:
* FileName = S:\CTD_Data\CTD\Data\Argentina 2014\Data\Leg3\Arg_Leg3_G15.hex
* Software Version Seasave V 7.21g
* Temperature SN = 5769
* Conductivity SN = 4244
* Number of Bytes Per Scan = 31
* Number of Voltage Words = 4
* Number of Scans Averaged by the Deck Unit = 24
* NMEA Latitude = 45 29.62 S
* NMEA Longitude = 065 24.09 W
* NMEA UTC (Time) = Feb 13 2014 20:28:34
* NMEA baud rate = 9600
** R/V Coriolis II
** MARES project, ARGENTINA 2014
** Chief scientist : Dr. Gustavo Ferreyra
** Co-Chief scientist : Dr. José Luis Esteves
# nquan = 13
# nvalues = 691                                   
# units = specified
# name 0 = depSM: Depth [salt water, m]
# name 1 = prDM: Pressure, Digiquartz [db]
# name 2 = t090C: Temperature [ITS-90, deg C]
# name 3 = c0mS/cm: Conductivity [mS/cm]
# name 4 = sal00: Salinity, Practical [PSU]
# name 5 = sbeox0Mm/Kg: Oxygen, SBE 43 [umol/Kg]
# name 6 = flECO-AFL: Fluorescence, WET Labs ECO-AFL/FL [mg/m^3]
# name 7 = ph: pH
# name 8 = CStarTr0: Beam Transmission, WET Labs C-Star [%]
# name 9 = par: PAR/Irradiance, Biospherical/Licor
# name 10 = upoly0: Upoly 0, Nitrate
# name 11 = sigma-é00: Density [sigma-theta, Kg/m^3]
# name 12 = flag:  0.000e+00
# span 0 =     -0.060,     90.565                 
# span 1 =     -0.061,     91.331                 
# span 2 =     8.6289,    16.1069                 
# span 3 =   7.934733,  42.359039                 
# span 4 =     5.4538,    33.5337                 
# span 5 =    137.164,    260.961                 
# span 6 =    -0.1909,    28.8201                 
# span 7 =      7.760,      8.240                 
# span 8 =    77.9531,    96.4156                 
# span 9 = 1.0000e-12, 1.0547e+03                 
# span 10 = -0.7634735,  7.1190051                
# span 11 =     3.1856,    25.9064                
# span 12 = 0.0000e+00, 0.0000e+00                
# interval = seconds: 1
# start_time = Feb 13 2014 20:28:34 [NMEA time, header]
# bad_flag = -9.990e-29
*END*
[from data line 556]
     23.460     23.654    15.7380  42.009805    33.5276    211.507     1.0252      8.198    93.6269 4.3702e+01 -0.6309949    24.6750  0.000e+00
     22.628     22.816    15.7409  42.012171    33.5275    213.473     0.9813      8.198    93.8076 4.8362e+01 -0.4985162    24.6743  0.000e+00
     21.752     21.932    15.7426  42.013550    33.5277    214.120     1.0545      8.198    93.7818 5.4124e+01 -0.4985162    24.6740  0.000e+00
     20.875     21.048    15.7474  42.017826    33.5278    213.366     0.9593      8.198    93.7044 5.6458e+01 -0.4985162    24.6730  0.000e+00
     20.168     20.335    15.7501  42.020128    33.5278    213.158     0.9227      8.198    93.7044 6.5722e+01 -0.4985162    24.6723  0.000e+00
     19.616     19.779    15.7527  42.022760    33.5281    212.810     0.9080      8.198    93.6527 6.7979e+01 -0.4985162    24.6720  0.000e+00
     19.046     19.204    15.7545  42.023876    33.5279    214.398     0.9080      8.198    93.6785 7.1510e+01 -0.4985162    24.6714  0.000e+00
     18.352     18.504    15.7606  42.029800    33.5282    215.495     0.8934      8.198    93.7302 7.3138e+01 -0.4985162    24.6702  0.000e+00
     17.600     17.746    15.7618  42.030521    33.5282    212.010     0.8274      8.198    93.7560 8.4184e+01 -0.4985162    24.6699  0.000e+00
     16.768     16.906    15.7639  42.032493    33.5284    212.735     0.7762      8.198    93.7560 9.5008e+01 -0.4985162    24.6696  0.000e+00
     15.895     16.026    15.7764  42.043685    33.5281    211.823     0.7469      8.198    93.7818 9.3945e+01 -0.4985162    24.6665  0.000e+00
     15.167     15.292    15.7796  42.046184    33.5279    212.370     0.6809      8.198    93.8335 1.2307e+02 -0.4985162    24.6656  0.000e+00
     14.659     14.780    15.7813  42.047565    33.5279    212.300     0.7249      8.198    93.8851 1.1407e+02 -0.4985162    24.6653  0.000e+00
     14.185     14.302    15.7838  42.050330    33.5284    212.534     0.6663      8.198    93.7560 1.2837e+02 -0.4985162    24.6650  0.000e+00
     13.395     13.506    15.7992  42.065410    33.5291    212.831     0.6443      8.198    93.7818 1.3695e+02 -0.4985162    24.6621  0.000e+00
     12.384     12.486    15.8305  42.094723    33.5291    210.863     0.6150      8.198    93.8076 1.5282e+02 -0.5978752    24.6550  0.000e+00
     11.555     11.650    15.8819  42.143094    33.5288    211.764     0.6223      8.198    93.8076 1.6167e+02 -0.4985162    24.6432  0.000e+00
     10.958     11.049    15.9085  42.171046    33.5313    212.971     0.6077      8.198    93.8851 1.7590e+02 -0.4985162    24.6391  0.000e+00
     10.380     10.466    15.9728  42.228228    33.5279    211.211     0.5784      8.197    93.8851 1.8451e+02 -0.5978752    24.6220  0.000e+00
      9.784      9.865    16.0360  42.289403    33.5288    212.171     0.5271      8.197    94.0659 2.1297e+02 -0.4985162    24.6084  0.000e+00
      9.202      9.278    16.0366  42.291711    33.5306    213.622     0.4538      8.197    94.1950 2.2214e+02 -0.4985162    24.6096  0.000e+00
      8.769      8.841    16.0452  42.296990    33.5282    210.809     0.4611      8.197    94.1692 2.2028e+02 -0.5978752    24.6058  0.000e+00
      8.435      8.505    16.0575  42.310128    33.5296    211.179     0.4465      8.197    94.2208 2.0881e+02 -0.4985162    24.6041  0.000e+00
      8.046      8.112    16.0542  42.306495    33.5293    211.270     0.4465      8.197    94.3241 2.6895e+02 -0.4985162    24.6045  0.000e+00
      7.450      7.511    16.0658  42.319633    33.5314    211.001     0.4025      8.197    94.4015 2.6669e+02 -0.6309949    24.6035  0.000e+00
      6.773      6.829    16.0905  42.341687    33.5303    211.084     0.3293      8.197    94.2466 2.8451e+02 -0.4985162    24.5970  0.000e+00
      6.267      6.319    16.0817  42.334222    33.5313    211.250     0.3732      8.197    94.1950 2.5211e+02 -0.4985162    24.5998  0.000e+00
      5.780      5.827    16.0654  42.318899    33.5317    211.477     0.3586      8.197    94.2983 3.4836e+02 -0.6641145    24.6037  0.000e+00
      5.112      5.154    16.0846  42.336463    33.5313    211.523     0.3293      8.197    94.3757 3.5230e+02 -0.4985162    24.5991  0.000e+00
      4.414      4.451    16.0911  42.342008    33.5309    211.162     0.3000      8.197    94.4274 4.4116e+02 -0.4985162    24.5973  0.000e+00
      3.866      3.898    16.0895  42.340486    33.5312    210.982     0.2926      8.197    94.4015 4.0662e+02 -0.6641145    24.5978  0.000e+00
      3.500      3.529    16.0882  42.339098    33.5312    211.150     0.2853      8.197    94.4274 4.7462e+02 -0.4985162    24.5981  0.000e+00
      3.129      3.155    16.0858  42.336785    33.5313    210.517     0.2414      8.197    94.4015 5.2224e+02 -0.4985162    24.5987  0.000e+00
      2.748      2.770    16.0817  42.332689    33.5313    210.524     0.2194      8.197    94.4015 5.9938e+02 -0.5978752    24.5996  0.000e+00
      2.394      2.414    16.0830  42.334206    33.5316    210.538     0.2194      8.197    94.3757 7.0159e+02 -0.4985162    24.5996  0.000e+00
      1.987      2.003    16.0849  42.335525    33.5314    213.048     0.2194      8.197    94.4274 7.4636e+02 -0.4985162    24.5989  0.000e+00
      1.601      1.614    16.0807  42.331495    33.5315    210.699     0.2194      8.197    94.4274 7.1957e+02 -0.4985162    24.6000  0.000e+00
      1.297      1.307    16.0888  42.339815    33.5322    211.174     0.1974      8.197    94.4015 1.0547e+03 -0.4985162    24.5987  0.000e+00
      1.302      1.313    16.0916  42.342127    33.5318    210.961     0.2194      8.197    94.4015 9.8590e+02 -0.4985162    24.5977  0.000e+00
      1.319      1.330    16.0897  42.339947    33.5315    209.936     0.1974      8.197    94.3757 9.9146e+02 -0.4985162    24.5979  0.000e+00
      1.559      1.572    16.0882  42.339486    33.5323    210.809     0.1608      8.197    94.3499 8.0071e+02 -0.4985162    24.5989  0.000e+00
      1.628      1.641    16.0919  42.342987    33.5322    211.112     0.1535      8.197    94.3499 6.9374e+02 -0.4985162    24.5980  0.000e+00
      1.591      1.604    16.0913  42.342128    33.5319    212.693     0.1461      8.197    94.4015 7.6549e+02 -0.4985162    24.5979  0.000e+00
      1.586      1.599    16.0912  42.342525    33.5325    211.257     0.1315      8.197    94.3499 8.3520e+02 -0.4985162    24.5983  0.000e+00
      1.673      1.687    16.0919  42.343251    33.5324    211.342     0.1388      8.197    94.4015 8.9602e+02 -0.4985162    24.5981  0.000e+00
      1.907      1.923    16.0911  42.342394    33.5323    211.094     0.1461      8.201    94.4274 6.9570e+02 -0.4985162    24.5982  0.000e+00
      1.803      1.818    16.0909  42.342658    33.5327    212.154     0.1388      8.197    94.4274 6.1129e+02 -0.4985162    24.5986  0.000e+00
      1.563      1.576    16.0907  42.342194    33.5326    211.718     0.1315      8.197    94.4274 8.7609e+02 -0.4985162    24.5986  0.000e+00
      1.756      1.771    16.0912  42.342922    33.5327    211.175     0.1388      8.197    94.4274 7.4009e+02 -0.4985162    24.5985  0.000e+00
      1.803      1.818    16.0918  42.343516    33.5327    210.743     0.1828      8.201    94.4015 6.3050e+02 -0.4985162    24.5984  0.000e+00
      1.645      1.659    16.0903  42.341996    33.5327    211.836     0.1828      8.201    94.3757 7.3181e+02 -0.4985162    24.5987  0.000e+00
      1.618      1.632    16.0903  42.341930    33.5326    212.668     0.1754      8.201    94.4015 5.6660e+02 -0.4985162    24.5987  0.000e+00
      1.497      1.510    16.0897  42.341401    33.5327    209.767     0.1681      8.201    94.3757 8.7363e+02 -0.4985162    24.5988  0.000e+00
      1.661      1.674    16.0895  42.341336    33.5328    210.863     0.1754      8.197    94.3757 6.6136e+02 -0.5647556    24.5990  0.000e+00
      1.800      1.815    16.0900  42.341931    33.5328    211.755     0.1608      8.201    94.2466 8.0522e+02 -0.5316359    24.5989  0.000e+00
      1.621      1.635    16.0949  42.346884    33.5332    211.672     0.1388      8.201    94.3499 7.5057e+02 -0.4985162    24.5980  0.000e+00
      1.712      1.726    16.0962  42.347677    33.5327    210.263     0.1461      8.201    94.3241 8.9854e+02 -0.5647556    24.5974  0.000e+00
      1.961      1.977    16.0962  42.348140    33.5330    211.503     0.1535      8.201    94.4274 7.7414e+02 -0.5316359    24.5976  0.000e+00
      1.937      1.953    16.0969  42.348669    33.5329    212.677     0.1754      8.201    94.3499 7.1554e+02 -0.5647556    24.5974  0.000e+00
      1.850      1.865    16.0956  42.347347    33.5329    211.187     0.1461      8.201    94.3757 7.1353e+02 -0.5978752    24.5976  0.000e+00
      1.537      1.550    16.0973  42.348997    33.5330    210.368     0.1461      8.201    94.4015 6.1301e+02 -0.5316359    24.5974  0.000e+00
      1.233      1.243    16.0983  42.349591    33.5328    211.964     0.1535      8.201    94.3241 9.4519e+02 -0.5978752    24.5970  0.000e+00
      1.503      1.516    16.0976  42.349328    33.5331    212.002     0.1535      8.201    94.2208 7.9175e+02 -0.5316359    24.5974  0.000e+00
      1.701      1.715    16.0985  42.350187    33.5330    210.999     0.1461      8.201    94.3241 8.2818e+02 -0.4985162    24.5971  0.000e+00
      1.775      1.790    16.0985  42.350452    33.5332    211.173     0.1388      8.201    94.4015 6.9766e+02 -0.5978752    24.5972  0.000e+00
      1.871      1.887    16.1005  42.352235    33.5331    211.655     0.1461      8.201    94.3757 5.6027e+02 -0.5647556    24.5967  0.000e+00
      1.949      1.965    16.1004  42.352434    33.5333    210.394     0.1535      8.201    94.3757 7.2976e+02 -0.4985162    24.5969  0.000e+00
      1.918      1.933    16.1014  42.353293    33.5332    210.849     0.1535      8.201    94.4532 6.0107e+02 -0.5978752    24.5966  0.000e+00
      1.668      1.682    16.1008  42.352829    33.5334    210.901     0.1535      8.201    94.4274 7.8510e+02 -0.5647556    24.5968  0.000e+00
      1.519      1.532    16.1041  42.355735    33.5333    212.434     0.1535      8.201    94.2724 6.2696e+02 -0.4985162    24.5960  0.000e+00
      1.505      1.517    16.1013  42.353357    33.5335    212.158     0.1608      8.201    94.2724 8.9099e+02 -0.5978752    24.5968  0.000e+00
      1.567      1.580    16.1027  42.354612    33.5334    210.805     0.1608      8.201    94.3241 7.0357e+02 -0.5647556    24.5965  0.000e+00
      1.655      1.668    16.1031  42.354877    33.5333    211.150     0.1535      8.201    94.2724 6.3405e+02 -0.4985162    24.5963  0.000e+00
      1.676      1.690    16.1028  42.354745    33.5334    211.640     0.1388      8.201    94.3757 8.7363e+02 -0.5978752    24.5964  0.000e+00
      1.818      1.833    16.1031  42.355142    33.5334    212.274     0.1608      8.201    94.3499 7.3181e+02 -0.5647556    24.5964  0.000e+00
      1.852      1.867    16.1040  42.356067    33.5335    214.309     0.1461      8.201    94.3757 5.6343e+02 -0.4985162    24.5962  0.000e+00
      1.725      1.739    16.1037  42.355538    33.5333    211.437     0.1461      8.201    94.4274 8.4465e+02 -0.5316359    24.5962  0.000e+00
      1.744      1.758    16.1027  42.354877    33.5336    211.499     0.1608      8.201    94.4274 8.0976e+02 -0.5316359    24.5966  0.000e+00
      1.880      1.896    16.1019  42.354085    33.5335    210.357     0.1535      8.201    94.4532 6.7451e+02 -0.4985162    24.5967  0.000e+00
      1.786      1.801    16.1021  42.354283    33.5336    210.613     0.1388      8.201    94.4015 6.4122e+02 -0.4985162    24.5967  0.000e+00
      1.384      1.396    16.1027  42.354611    33.5335    212.924     0.1388      8.201    94.4015 8.2586e+02 -0.4985162    24.5965  0.000e+00
      1.321      1.332    16.1025  42.354545    33.5336    210.828     0.1461      8.201    94.4274 9.6669e+02 -0.4985162    24.5966  0.000e+00
      1.625      1.639    16.1041  42.356198    33.5336    210.944     0.1315      8.201    94.4015 5.8113e+02 -0.4985162    24.5962  0.000e+00
      1.862      1.877    16.1049  42.356793    33.5334    212.440     0.1388      8.201    94.4015 6.8985e+02 -0.4985162    24.5959  0.000e+00
      1.885      1.900    16.1043  42.356265    33.5334    211.782     0.1388      8.201    94.4015 5.4935e+02 -0.4985162    24.5961  0.000e+00
      1.823      1.838    16.1021  42.354547    33.5337    211.445     0.1388      8.201    94.4015 6.7262e+02 -0.4985162    24.5968  0.000e+00
      1.786      1.801    16.1034  42.355472    33.5335    213.190     0.1461      8.201    94.3757 9.3462e+02 -0.4985162    24.5963  0.000e+00
      1.585      1.598    16.1030  42.355141    33.5336    211.923     0.1315      8.201    94.4015 8.2586e+02 -0.4985162    24.5965  0.000e+00
      1.579      1.592    16.1055  42.357188    33.5333    209.159     0.1461      8.201    94.4274 6.9180e+02 -0.4985162    24.5958  0.000e+00
      1.748      1.763    16.1054  42.357189    33.5333    211.746     0.1535      8.201    94.4274 7.1353e+02 -0.4985162    24.5958  0.000e+00
      1.607      1.621    16.1045  42.356594    33.5336    212.147     0.1608      8.201    94.4274 7.4636e+02 -0.4985162    24.5962  0.000e+00
      1.596      1.609    16.1039  42.355867    33.5335    210.801     0.1608      8.201    94.4274 7.6334e+02 -0.5647556    24.5963  0.000e+00
      1.757      1.771    16.1054  42.357321    33.5335    210.827     0.1535      8.201    94.4015 7.5906e+02 -0.5647556    24.5959  0.000e+00
      1.717      1.731    16.1069  42.359039    33.5337    211.939     0.1681      8.201    94.4274 5.6501e+02 -0.4985162    24.5957  0.000e+00
      1.560      1.572    16.1060  42.357783    33.5334    213.373     0.1681      8.201    94.4015 7.6119e+02 -0.5316359    24.5957  0.000e+00
      1.691      1.705    16.1051  42.357057    33.5335    211.918     0.1608      8.201    94.4274 5.9938e+02 -0.5647556    24.5960  0.000e+00
      1.650      1.663    16.1025  42.354679    33.5336    212.185     0.1681      8.201    94.4274 7.7632e+02 -0.4985162    24.5966  0.000e+00
      1.622      1.635    16.1001  42.352367    33.5336    211.764     0.1535      8.201    94.4015 7.2567e+02 -0.5647556    24.5972  0.000e+00
      1.961      1.977    16.0985  42.350915    33.5336    211.263     0.1315      8.201    94.4274 6.3050e+02 -0.5647556    24.5976  0.000e+00
      1.749      1.763    16.0983  42.350650    33.5336    210.828     0.1315      8.206    94.4015 7.0357e+02 -0.4985162    24.5976  0.000e+00
      1.535      1.547    16.0994  42.351441    33.5334    210.502     0.1315      8.201    94.4015 1.3428e+02 -0.4985162    24.5972  0.000e+00
      1.691      1.705    16.1014  42.353424    33.5334    212.909     0.1315      8.206    94.3757 6.0958e+02 -0.5647556    24.5968  0.000e+00
      1.678      1.692    16.1021  42.354084    33.5334    212.762     0.1388      8.206    94.4015 6.0446e+02 -0.5978752    24.5966  0.000e+00
      1.585      1.598    16.1011  42.353225    33.5335    209.836     0.1461      8.201    94.4015 7.2771e+02 -0.4985162    24.5969  0.000e+00
      1.591      1.604    16.1014  42.353423    33.5334    211.586     0.1461      8.206    94.3757 6.4122e+02 -0.5647556    24.5968  0.000e+00
      1.805      1.820    16.1008  42.352962    33.5335    213.259     0.1388      8.201    94.4015 1.0136e+02 -0.5978752    24.5970  0.000e+00
      1.846      1.861    16.1018  42.354019    33.5336    211.447     0.1022      8.201    94.4274 1.1090e+02 -0.4985162    24.5968  0.000e+00
      1.678      1.692    16.1026  42.354613    33.5334    211.727     0.1388      8.201    94.4015 8.4897e+01 -0.5316359    24.5965  0.000e+00
      1.674      1.688    16.1028  42.355075    33.5337    214.136     0.1535      8.206    94.4015 1.4692e+02 -0.5978752    24.5967  0.000e+00
      1.891      1.907    16.1057  42.357652    33.5335    212.839     0.1535      8.206    94.3757 3.4934e+02 -0.4985162    24.5958  0.000e+00
