Arg_L2_F2_NV.cnv
* Sea-Bird SBE 9 Data File:
* FileName = S:\CTD_Data\CTD\Data\Argentina 2014\Data\Arg_L2_F2.hex
* Software Version Seasave V 7.21g
* Temperature SN = 5769
* Conductivity SN = 4244
* Number of Bytes Per Scan = 31
* Number of Voltage Words = 4
* Number of Scans Averaged by the Deck Unit = 24
* NMEA Latitude = 46 34.95 S
* NMEA Longitude = 065 47.58 W
* NMEA UTC (Time) = Feb 06 2014 22:53:09
* NMEA baud rate = 9600
** R/V Coriolis II
** MARES project, ARGENTINA 2014
** Chief scientist : Dr. Gustavo Ferreyra
** Co-Chief scientist : Dr. José Luis Esteves
# nquan = 13
# nvalues = 314                                   
# units = specified
# name 0 = depSM: Depth [salt water, m]
# name 1 = prDM: Pressure, Digiquartz [db]
# name 2 = t090C: Temperature [ITS-90, deg C]
# name 3 = c0mS/cm: Conductivity [mS/cm]
# name 4 = sal00: Salinity, Practical [PSU]
# name 5 = sbeox0Mm/Kg: Oxygen, SBE 43 [umol/Kg]
# name 6 = flECO-AFL: Fluorescence, WET Labs ECO-AFL/FL [mg/m^3]
# name 7 = ph: pH
# name 8 = CStarTr0: Beam Transmission, WET Labs C-Star [%]
# name 9 = par: PAR/Irradiance, Biospherical/Licor
# name 10 = upoly0: Upoly 0, Nitrate
# name 11 = sigma-é00: Density [sigma-theta, Kg/m^3]
# name 12 = flag:  0.000e+00
# span 0 =     -0.319,     77.109                 
# span 1 =     -0.321,     77.766                 
# span 2 =    12.5574,    12.7850                 
# span 3 =  14.487232,  38.754667                 
# span 4 =    11.2572,    33.0886                 
# span 5 =    194.039,    261.709                 
# span 6 =    -0.2861,     0.2560                 
# span 7 =      8.132,      8.197                 
# span 8 =    34.1336,    93.8593                 
# span 9 = 1.0000e-12, 7.3757e+01                 
# span 10 = -0.4985162,  3.3764838                
# span 11 =     8.1102,    24.9969                
# span 12 = 0.0000e+00, 0.0000e+00                
# interval = seconds: 1
# start_time = Feb 06 2014 22:53:09 [NMEA time, header]
# bad_flag = -9.990e-29
*END*
[from data line 112]
     65.282     65.836    12.5608  38.573155    33.0843    222.173     0.0729      8.184    87.8945 1.0000e-12  2.8796889    24.9965  0.000e+00
     65.890     66.449    12.5604  38.572966    33.0843    222.572     0.0802      8.184    88.3334 1.0000e-12  2.6478513    24.9966  0.000e+00
     66.513     67.078    12.5584  38.571315    33.0842    222.599     0.0655      8.184    87.1456 1.0000e-12  2.6478513    24.9968  0.000e+00
     67.039     67.609    12.5580  38.571063    33.0840    222.392     0.0729      8.184    85.7513 1.0000e-12  2.7803299    24.9968  0.000e+00
     67.742     68.318    12.5586  38.571701    33.0839    222.410     0.0875      8.184    85.1574 1.0000e-12  2.8796889    24.9966  0.000e+00
     68.674     69.257    12.5585  38.572086    33.0840    222.437     0.0802      8.184    84.0470 1.0000e-12  2.8134496    24.9967  0.000e+00
     69.453     70.044    12.5587  38.572598    33.0839    222.078     0.0802      8.184    83.3498 1.0000e-12  2.3166547    24.9967  0.000e+00
     70.021     70.616    12.5576  38.571901    33.0839    222.479     0.0655      8.184    84.7700 1.0000e-12  2.3497744    24.9969  0.000e+00
     70.693     71.294    12.5579  38.572539    33.0840    222.340     0.0729      8.184    84.0470 1.0000e-12  2.4160137    24.9969  0.000e+00
     71.341     71.948    12.5602  38.575022    33.0842    222.124     0.0729      8.184    83.9954 1.0000e-12  2.3166547    24.9966  0.000e+00
     71.885     72.497    12.5601  38.574961    33.0840    222.364     0.0948      8.184    84.5893 1.0000e-12  2.9128085    24.9965  0.000e+00
     72.512     73.129    12.5589  38.574200    33.0840    222.388     0.0948      8.184    84.4344 1.0000e-12  2.0848171    24.9968  0.000e+00
     73.153     73.776    12.5589  38.574584    33.0841    222.405     0.0875      8.184    84.0987 1.0000e-12  1.7205009    24.9968  0.000e+00
     73.779     74.407    12.5593  38.575031    33.0839    222.802     0.0802      8.184    84.0987 1.0000e-12  1.9854581    24.9967  0.000e+00
     74.532     75.167    12.5585  38.574653    33.0839    222.447     0.0729      8.184    84.2020 1.0000e-12  1.8860991    24.9969  0.000e+00
     75.275     75.916    12.5589  38.575228    33.0839    222.623     0.0802      8.184    83.8921 1.0000e-12  2.7472103    24.9968  0.000e+00
     75.548     76.191    12.5589  38.575356    33.0838    222.854     0.0802      8.184    84.1761 1.0000e-12  3.1446462    24.9967  0.000e+00
     75.550     76.194    12.5588  38.575229    33.0838    222.631     0.0802      8.184    84.0729 1.0000e-12  3.0121675    24.9967  0.000e+00
     75.616     76.260    12.5588  38.575293    33.0838    222.633     0.1022      8.179    84.7700 1.0000e-12  2.4160137    24.9968  0.000e+00
     75.890     76.536    12.5588  38.575484    33.0839    222.640     0.0802      8.184    85.6996 1.0000e-12  2.8134496    24.9968  0.000e+00
     76.053     76.701    12.5587  38.575294    33.0838    222.646     0.1022      8.179    86.1128 1.0000e-12  2.8465692    24.9968  0.000e+00
     75.875     76.522    12.5588  38.575357    33.0838    222.641     0.0802      8.179    85.8029 1.0000e-12  2.7140906    24.9968  0.000e+00
     75.687     76.331    12.5587  38.575038    33.0836    222.636     0.0802      8.184    84.8991 1.0000e-12  2.5484923    24.9966  0.000e+00
     75.743     76.388    12.5584  38.574848    33.0837    222.639     0.1022      8.179    85.1315 1.0000e-12  2.7472103    24.9968  0.000e+00
     75.853     76.499    12.5582  38.574785    33.0838    222.643     0.0948      8.184    85.2348 1.0000e-12  2.9128085    24.9968  0.000e+00
     75.821     76.467    12.5582  38.574657    33.0837    222.642     0.0802      8.179    85.3123 1.0000e-12  2.8465692    24.9968  0.000e+00
     75.821     76.467    12.5582  38.574721    33.0837    222.642     0.0729      8.179    84.8733 1.0000e-12  2.4822530    24.9968  0.000e+00
     76.061     76.709    12.5581  38.574722    33.0837    223.030     0.0875      8.179    84.7700 1.0000e-12  3.3764838    24.9968  0.000e+00
     76.355     77.005    12.5577  38.574469    33.0837    223.040     0.1022      8.184    84.0470 1.0000e-12  2.4160137    24.9969  0.000e+00
     76.288     76.938    12.5577  38.574341    33.0836    222.434     0.0948      8.184    83.9954 1.0000e-12  2.0516974    24.9968  0.000e+00
     75.922     76.569    12.5576  38.574213    33.0837    222.424     0.0802      8.179    83.9954 1.0000e-12  2.3828940    24.9969  0.000e+00
     75.799     76.444    12.5578  38.574276    33.0836    222.644     0.0948      8.179    83.1949 1.0000e-12  2.3828940    24.9968  0.000e+00
     75.966     76.613    12.5581  38.574531    33.0836    222.647     0.1022      8.179    83.2466 1.0000e-12  2.3497744    24.9967  0.000e+00
     76.119     76.767    12.5583  38.574913    33.0837    222.651     0.1315      8.184    83.8921 1.0000e-12  2.2835350    24.9968  0.000e+00
     76.252     76.902    12.5581  38.574850    33.0838    222.655     0.0948      8.179    84.9508 1.0000e-12  2.2172957    24.9969  0.000e+00
     76.420     77.071    12.5581  38.574850    33.0837    222.660     0.0948      8.184    84.6926 1.0000e-12  2.1841761    24.9968  0.000e+00
     76.374     77.025    12.5580  38.574659    33.0836    222.660     0.0875      8.184    84.8475 1.0000e-12  3.0121675    24.9968  0.000e+00
     76.107     76.755    12.5578  38.574404    33.0836    222.653     0.0802      8.179    84.1245 1.0000e-12  3.0121675    24.9968  0.000e+00
     76.128     76.777    12.5578  38.574531    33.0837    222.653     0.0875      8.179    83.6339 1.0000e-12  2.8796889    24.9969  0.000e+00
     76.442     77.093    12.5582  38.574978    33.0837    222.661     0.1095      8.184    83.5306 1.0000e-12  2.7472103    24.9968  0.000e+00
     76.453     77.104    12.5582  38.574851    33.0836    222.661     0.0948      8.179    83.5306 1.0000e-12  2.1510564    24.9967  0.000e+00
     76.195     76.844    12.5578  38.574468    33.0837    222.656     0.0802      8.179    84.0470 1.0000e-12  2.3828940    24.9968  0.000e+00
     76.088     76.736    12.5579  38.574531    33.0837    223.033     0.0802      8.179    83.5564 1.0000e-12  2.5816120    24.9968  0.000e+00
     76.278     76.928    12.5581  38.574914    33.0838    223.418     0.0948      8.179    83.5048 1.0000e-12  2.6478513    24.9969  0.000e+00
     76.585     77.237    12.5583  38.575105    33.0837    222.821     0.0729      8.184    83.1691 1.0000e-12  1.5549026    24.9968  0.000e+00
     76.759     77.413    12.5584  38.575297    33.0837    222.601     0.0948      8.184    83.6855 1.0000e-12  1.5217829    24.9968  0.000e+00
     76.735     77.389    12.5584  38.575233    33.0837    222.825     0.1022      8.184    84.3311 1.0000e-12  1.7867402    24.9968  0.000e+00
     76.574     77.227    12.5583  38.575042    33.0837    222.821     0.0948      8.179    84.3569 1.0000e-12  2.0848171    24.9967  0.000e+00
     76.288     76.937    12.5582  38.574850    33.0836    222.813     0.0802      8.179    84.0729 1.0000e-12  1.8860991    24.9967  0.000e+00
     76.123     76.771    12.5582  38.574786    33.0837    222.809     0.0948      8.179    83.8405 1.0000e-12  2.4491333    24.9967  0.000e+00
     76.377     77.027    12.5581  38.575041    33.0839    222.816     0.0948      8.179    83.6855 1.0000e-12  2.6809709    24.9969  0.000e+00
     76.754     77.408    12.5582  38.574979    33.0836    222.827     0.0875      8.184    82.8334 1.0000e-12  2.8465692    24.9967  0.000e+00
     76.805     77.460    12.5582  38.575043    33.0836    222.828     0.1022      8.179    83.0142 1.0000e-12  3.0121675    24.9967  0.000e+00
     76.812     77.467    12.5579  38.574725    33.0836    222.830     0.0948      8.179    83.3240 1.0000e-12  2.7472103    24.9968  0.000e+00
     76.938     77.594    12.5575  38.574407    33.0835    222.836     0.1095      8.179    83.5822 1.0000e-12  2.5153726    24.9968  0.000e+00
     76.812     77.466    12.5575  38.574407    33.0836    222.832     0.1095      8.179    83.4273 1.0000e-12  2.4491333    24.9968  0.000e+00
     76.385     77.035    12.5576  38.574405    33.0837    223.200     0.0948      8.179    83.0142 1.0000e-12  2.7140906    24.9969  0.000e+00
     76.261     76.911    12.5574  38.574023    33.0835    223.198     0.0948      8.184    82.8592 1.0000e-12  2.2835350    24.9968  0.000e+00
     76.697     77.350    12.5575  38.574406    33.0837    223.366     0.0875      8.179    81.6973 1.0000e-12  2.3828940    24.9969  0.000e+00
     77.091     77.748    12.5575  38.574471    33.0835    223.377     0.1095      8.184    81.3099 1.0000e-12  2.4160137    24.9968  0.000e+00
     77.062     77.719    12.5575  38.574598    33.0837    223.152     0.1095      8.184    81.2583 1.0000e-12  2.4822530    24.9969  0.000e+00
     76.834     77.489    12.5577  38.574598    33.0836    223.145     0.0948      8.179    81.8780 1.0000e-12  3.2108855    24.9968  0.000e+00
     76.554     77.207    12.5581  38.575042    33.0838    223.135     0.0875      8.179    82.3686 1.0000e-12  2.7472103    24.9969  0.000e+00
     76.519     77.171    12.5586  38.575360    33.0837    223.132     0.1022      8.179    82.2653 1.0000e-12  2.4491333    24.9967  0.000e+00
     76.891     77.546    12.5584  38.575297    33.0837    223.143     0.1168      8.184    81.9038 1.0000e-12  2.3166547    24.9967  0.000e+00
     77.109     77.766    12.5580  38.574980    33.0836    222.771     0.0875      8.184    81.6973 1.0000e-12  2.2172957    24.9968  0.000e+00
     76.786     77.440    12.5587  38.575679    33.0838    222.758     0.0802      8.184    82.6268 1.0000e-12  2.4822530    24.9968  0.000e+00
     76.246     76.896    12.5594  38.575995    33.0837    222.964     0.0655      8.179    82.7301 1.0000e-12  2.2835350    24.9965  0.000e+00
     75.892     76.538    12.5602  38.576629    33.0838    222.951     0.0948      8.179    82.8076 1.0000e-12  2.0185778    24.9965  0.000e+00
     75.326     75.967    12.5601  38.576309    33.0838    222.935     0.1022      8.179    83.0400 1.0000e-12  2.0516974    24.9964  0.000e+00
     74.426     75.060    12.5590  38.574970    33.0838    222.914     0.0948      8.179    83.4531 1.0000e-12  2.5816120    24.9967  0.000e+00
     73.718     74.346    12.5591  38.574713    33.0838    223.275     0.0802      8.184    83.4015 1.0000e-12  2.7140906    24.9966  0.000e+00
     73.209     73.832    12.5600  38.575220    33.0837    223.636     0.0802      8.184    83.0142 1.0000e-12  2.9128085    24.9964  0.000e+00
     72.501     73.118    12.5605  38.575662    33.0840    223.389     0.1022      8.179    83.1433 1.0000e-12  3.2440051    24.9964  0.000e+00
     71.750     72.360    12.5648  38.579476    33.0842    223.124     0.1095      8.184    83.8405 1.0000e-12  3.2771248    24.9958  0.000e+00
     71.241     71.847    12.5664  38.580683    33.0841    222.722     0.1022      8.184    84.5893 1.0000e-12  2.6478513    24.9954  0.000e+00
     70.590     71.190    12.5644  38.578390    33.0840    222.713     0.0948      8.184    85.4930 1.0000e-12  2.3497744    24.9957  0.000e+00
     69.539     70.130    12.5625  38.576415    33.0842    222.916     0.0802      8.184    85.2348 1.0000e-12  2.2835350    24.9961  0.000e+00
     68.564     69.147    12.5623  38.575648    33.0840    222.889     0.0948      8.184    84.5635 1.0000e-12  2.3828940    24.9960  0.000e+00
     68.083     68.662    12.5623  38.575519    33.0841    222.876     0.1022      8.184    84.5893 1.0000e-12  1.9854581    24.9961  0.000e+00
     67.778     68.354    12.5622  38.575136    33.0840    223.248     0.0655      8.184    85.0799 1.0000e-12  2.4491333    24.9960  0.000e+00
     67.140     67.711    12.5617  38.574497    33.0841    223.232     0.0729      8.184    86.3193 1.0000e-12  3.0784068    24.9962  0.000e+00
     66.361     66.924    12.5604  38.573095    33.0841    222.992     0.0582      8.184    86.5001 1.0000e-12  2.9459282    24.9964  0.000e+00
     65.660     66.218    12.5610  38.573156    33.0840    222.970     0.0948      8.184    86.1128 1.0000e-12  2.6147316    24.9962  0.000e+00
     65.013     65.565    12.5615  38.573408    33.0841    223.329     0.1095      8.184    86.2677 1.0000e-12  2.6478513    24.9961  0.000e+00
     64.255     64.800    12.5615  38.573151    33.0841    223.307     0.1022      8.184    86.4743 1.0000e-12  2.6809709    24.9962  0.000e+00
     63.281     63.818    12.5612  38.572320    33.0840    223.058     0.0875      8.184    86.6808 1.0000e-12  2.2504154    24.9961  0.000e+00
     62.366     62.895    12.5615  38.572253    33.0840    223.030     0.0875      8.184    86.6808 1.0000e-12  2.9790479    24.9961  0.000e+00
     61.788     62.312    12.5611  38.571615    33.0840    223.016     0.0802      8.184    86.5001 1.0000e-12  3.0784068    24.9961  0.000e+00
     61.419     61.940    12.5612  38.571486    33.0840    223.384     0.0582      8.184    86.5517 1.0000e-12  2.6809709    24.9961  0.000e+00
     60.973     61.490    12.5611  38.571358    33.0841    223.372     0.0509      8.184    86.6808 1.0000e-12  2.0848171    24.9961  0.000e+00
     60.314     60.826    12.5620  38.571991    33.0842    223.126     0.0948      8.184    87.2747 1.0000e-12  1.7536205    24.9960  0.000e+00
     59.493     59.997    12.5621  38.571670    33.0841    223.102     0.0729      8.184    87.2489 1.0000e-12  2.2172957    24.9959  0.000e+00
     58.524     59.020    12.5617  38.570712    33.0840    223.077     0.0509      8.184    87.0424 1.0000e-12  2.4491333    24.9959  0.000e+00
     57.541     58.028    12.5600  38.568673    33.0840    223.057     0.1608      8.184    87.1715 1.0000e-12  2.5153726    24.9961  0.000e+00
     56.874     57.356    12.5602  38.568607    33.0840    223.038     0.1168      8.184    87.0424 1.0000e-12  2.5153726    24.9962  0.000e+00
     56.442     56.920    12.5609  38.569178    33.0841    223.400     0.0802      8.184    86.9391 1.0000e-12  2.6147316    24.9960  0.000e+00
     55.822     56.294    12.5622  38.570257    33.0843    222.998     0.0802      8.184    88.1785 1.0000e-12  2.3828940    24.9959  0.000e+00
     55.076     55.542    12.5623  38.569872    33.0841    222.754     0.0802      8.184    88.0494 1.0000e-12  2.1510564    24.9958  0.000e+00
     54.419     54.879    12.5616  38.569043    33.0842    222.961     0.0802      8.184    87.7137 1.0000e-12  2.4160137    24.9959  0.000e+00
     53.752     54.207    12.5614  38.568468    33.0841    222.943     0.0802      8.184    87.6104 1.0000e-12  2.1841761    24.9959  0.000e+00
     52.926     53.374    12.5612  38.567956    33.0842    222.921     0.0802      8.184    87.7395 1.0000e-12  2.3828940    24.9960  0.000e+00
     52.135     52.576    12.5601  38.566491    33.0841    223.282     0.0802      8.184    87.7137 3.4694e-04  2.6147316    24.9961  0.000e+00
     51.483     51.918    12.5593  38.565089    33.0837    223.268     0.0875      8.184    87.7395 1.0000e-12  2.6147316    24.9959  0.000e+00
     50.863     51.293    12.5597  38.565723    33.0842    223.404     0.0655      8.184    87.7395 1.0000e-12  2.4160137    24.9962  0.000e+00
     50.231     50.656    12.5599  38.565529    33.0841    223.007     0.1022      8.184    87.7395 8.9907e-04  2.5484923    24.9961  0.000e+00
     49.556     49.975    12.5594  38.564827    33.0841    222.768     0.1241      8.184    87.9461 3.0257e-03  2.5153726    24.9962  0.000e+00
     48.743     49.155    12.5609  38.566096    33.0844    222.960     0.0875      8.184    87.8686 5.0932e-03  2.3828940    24.9961  0.000e+00
     47.994     48.400    12.5621  38.566539    33.0840    222.933     0.0802      8.184    87.9203 7.2437e-03  2.5816120    24.9956  0.000e+00
     47.377     47.778    12.5602  38.564692    33.0842    222.924     0.0729      8.184    88.1269 9.3178e-03  1.8860991    24.9960  0.000e+00
