Arg_Leg3_G13_NV.cnv
* Sea-Bird SBE 9 Data File:
* FileName = S:\CTD_Data\CTD\Data\Argentina 2014\Data\Leg3\Arg_Leg3_G13.hex
* Software Version Seasave V 7.21g
* Temperature SN = 5769
* Conductivity SN = 4244
* Number of Bytes Per Scan = 31
* Number of Voltage Words = 4
* Number of Scans Averaged by the Deck Unit = 24
* NMEA Latitude = 46 15.99 S
* NMEA Longitude = 065 25.19 W
* NMEA UTC (Time) = Feb 12 2014 09:47:43
* NMEA baud rate = 9600
** R/V Coriolis II
** MARES project, ARGENTINA 2014
** Chief scientist : Dr. Gustavo Ferreyra
** Co-Chief scientist : Dr. José Luis Esteves
# nquan = 13
# nvalues = 489                                   
# units = specified
# name 0 = depSM: Depth [salt water, m]
# name 1 = prDM: Pressure, Digiquartz [db]
# name 2 = t090C: Temperature [ITS-90, deg C]
# name 3 = c0mS/cm: Conductivity [mS/cm]
# name 4 = sal00: Salinity, Practical [PSU]
# name 5 = sbeox0Mm/Kg: Oxygen, SBE 43 [umol/Kg]
# name 6 = flECO-AFL: Fluorescence, WET Labs ECO-AFL/FL [mg/m^3]
# name 7 = ph: pH
# name 8 = CStarTr0: Beam Transmission, WET Labs C-Star [%]
# name 9 = par: PAR/Irradiance, Biospherical/Licor
# name 10 = upoly0: Upoly 0, Nitrate
# name 11 = sigma-é00: Density [sigma-theta, Kg/m^3]
# name 12 = flag:  0.000e+00
# span 0 =     -0.121,     79.054                 
# span 1 =     -0.122,     79.725                 
# span 2 =    10.8639,    12.6904                 
# span 3 =   2.920743,  38.704419                 
# span 4 =     2.0329,    33.1983                 
# span 5 =    204.263,    285.419                 
# span 6 =    -0.1176,     2.7322                 
# span 7 =      7.595,      8.151                 
# span 8 =    63.0540,    93.3687                 
# span 9 = 1.0000e-12, 2.7309e+01                 
# span 10 = -0.7634735,  1.9523385                
# span 11 =     1.0070,    25.3983                
# span 12 = 0.0000e+00, 0.0000e+00                
# interval = seconds: 1
# start_time = Feb 12 2014 09:47:43 [NMEA time, header]
# bad_flag = -9.990e-29
*END*
[from data line 334]
     47.121     47.517    11.0634  37.291275    33.1790    208.034     0.2926      8.072    92.1034 1.0966e-02 -0.6641145    25.3474  0.000e+00
     46.327     46.717    11.0877  37.310726    33.1767    208.312     0.3659      8.072    92.2325 1.4051e-02  0.0976376    25.3413  0.000e+00
     45.737     46.122    11.0966  37.316498    33.1746    208.664     0.3439      8.072    92.3358 1.5294e-02  0.0976376    25.3381  0.000e+00
     45.147     45.527    11.1091  37.327794    33.1748    209.157     0.3732      8.072    92.3616 1.8040e-02 -0.2335590    25.3360  0.000e+00
     44.351     44.724    11.1248  37.339530    33.1726    209.227     0.3586      8.077    92.5166 1.7112e-02 -0.6972342    25.3314  0.000e+00
     43.574     43.941    11.1274  37.341411    33.1724    209.516     0.3732      8.077    92.4907 1.7297e-02 -0.2666786    25.3308  0.000e+00
     43.027     43.389    11.1287  37.342413    33.1725    210.060     0.4245      8.077    92.4391 2.0905e-02 -0.5978752    25.3306  0.000e+00
     42.504     42.861    11.1414  37.352897    33.1717    209.905     0.4538      8.077    92.5166 2.2683e-02 -0.6641145    25.3277  0.000e+00
     41.768     42.119    11.1622  37.368844    33.1690    210.114     0.4318      8.077    92.6198 2.6167e-02 -0.5978752    25.3219  0.000e+00
     41.060     41.405    11.1663  37.372044    33.1687    210.236     0.4099      8.077    92.6198 2.7437e-02 -0.7303538    25.3209  0.000e+00
     40.513     40.853    11.1737  37.378197    33.1684    210.509     0.4392      8.077    92.7490 2.8945e-02 -0.7303538    25.3193  0.000e+00
     39.868     40.203    11.1829  37.385292    33.1674    211.013     0.4685      8.077    92.8522 3.1827e-02 -0.7303538    25.3168  0.000e+00
     39.094     39.423    11.1888  37.390691    33.1677    210.882     0.4392      8.081    92.9039 3.4350e-02 -0.6972342    25.3160  0.000e+00
     38.376     38.699    11.2065  37.405074    33.1663    210.700     0.4685      8.081    92.8522 3.7433e-02 -0.5978752    25.3117  0.000e+00
     37.681     37.997    11.2551  37.446168    33.1634    211.827     0.5198      8.081    92.8781 3.7433e-02 -0.5316359    25.3008  0.000e+00
     36.919     37.229    11.2824  37.468920    33.1616    211.440     0.4465      8.086    93.0588 4.3171e-02 -0.6641145    25.2944  0.000e+00
     36.140     36.443    11.3260  37.506645    33.1598    211.858     0.5124      8.086    93.1621 4.5784e-02 -0.7634735    25.2851  0.000e+00
     35.459     35.756    11.3789  37.550740    33.1561    212.797     0.5857      8.085    93.1621 5.1798e-02 -0.7634735    25.2726  0.000e+00
     34.939     35.232    11.4152  37.579497    33.1519    214.053     0.5491      8.090    93.1879 5.5824e-02 -0.7634735    25.2628  0.000e+00
     34.424     34.713    11.4469  37.605871    33.1496    214.767     0.6150      8.090    93.1105 6.0316e-02 -0.7634735    25.2552  0.000e+00
     33.725     34.007    11.4587  37.615313    33.1486    214.853     0.7322      8.090    93.0330 6.5964e-02 -0.7634735    25.2523  0.000e+00
     32.861     33.137    11.4515  37.610336    33.1506    215.894     0.7469      8.094    93.0588 7.2923e-02 -0.7634735    25.2551  0.000e+00
     31.984     32.252    11.4608  37.618707    33.1508    216.858     0.7102      8.094    93.0330 8.3979e-02 -0.7634735    25.2535  0.000e+00
     31.225     31.487    11.5490  37.699400    33.1512    215.626     0.7908      8.094    92.9555 9.5230e-02 -0.7634735    25.2377  0.000e+00
     30.539     30.795    11.6675  37.799149    33.1430    215.460     0.7176      8.098    92.8781 1.0483e-01 -0.7634735    25.2096  0.000e+00
     29.880     30.131    11.6988  37.826152    33.1417    217.416     0.9227      8.103    92.6457 1.1832e-01 -0.7634735    25.2028  0.000e+00
     29.352     29.598    11.7093  37.835490    33.1416    219.943     1.1718      8.103    92.3358 1.2600e-01 -0.7634735    25.2008  0.000e+00
     28.849     29.091    11.7222  37.847922    33.1425    220.422     1.2670      8.103    92.1292 1.3402e-01 -0.7634735    25.1990  0.000e+00
     28.114     28.349    11.7545  37.875823    33.1411    220.493     1.2084      8.103    92.0259 1.5064e-01 -0.7634735    25.1920  0.000e+00
     27.221     27.449    11.7676  37.887311    33.1411    220.803     1.1571      8.107    92.1809 1.7623e-01 -0.7634735    25.1895  0.000e+00
     26.481     26.703    11.7874  37.906507    33.1423    220.460     1.2524      8.107    92.2325 1.9669e-01 -0.7634735    25.1868  0.000e+00
     25.826     26.042    11.8502  37.961975    33.1406    221.162     1.3549      8.107    92.0259 2.1454e-01 -0.7634735    25.1738  0.000e+00
     24.993     25.202    12.0014  38.091168    33.1319    220.510     1.3842      8.111    91.8194 2.4256e-01 -0.7634735    25.1387  0.000e+00
     24.156     24.358    12.0704  38.152379    33.1302    221.328     1.4721      8.115    91.5612 2.8367e-01 -0.7634735    25.1245  0.000e+00
     23.567     23.764    12.1425  38.215149    33.1272    223.582     1.6040      8.120    91.1480 3.1494e-01 -0.7634735    25.1085  0.000e+00
     23.078     23.271    12.1959  38.263000    33.1263    223.864     1.5454      8.120    90.7349 3.3813e-01 -0.7634735    25.0977  0.000e+00
     22.380     22.567    12.2659  38.322734    33.1221    224.756     1.6187      8.124    89.6762 3.7452e-01 -0.7634735    25.0811  0.000e+00
     21.664     21.845    12.2798  38.335102    33.1220    226.209     1.7212      8.124    89.9860 4.2487e-01 -0.7634735    25.0785  0.000e+00
     21.129     21.306    12.3036  38.356737    33.1220    226.183     1.9410      8.124    90.0119 4.6076e-01 -0.7634735    25.0739  0.000e+00
     20.415     20.586    12.3336  38.381613    33.1197    227.109     1.8238      8.128    89.6762 5.0870e-01 -0.7634735    25.0664  0.000e+00
     19.453     19.615    12.3472  38.394115    33.1201    227.034     1.7212      8.128    89.4438 6.0554e-01 -0.5978752    25.0640  0.000e+00
     18.698     18.854    12.3863  38.427827    33.1183    226.778     1.9044      8.128    89.8311 7.0214e-01 -0.7303538    25.0551  0.000e+00
     18.163     18.315    12.3918  38.432017    33.1177    227.203     1.9044      8.128    89.5471 7.6362e-01 -0.7634735    25.0536  0.000e+00
     17.531     17.677    12.4107  38.449354    33.1179    227.337     1.9190      8.128    88.6691 8.3509e-01 -0.4985162    25.0501  0.000e+00
     16.746     16.886    12.4733  38.503484    33.1150    227.480     1.9703      8.128    88.5658 9.5425e-01 -0.6972342    25.0358  0.000e+00
     16.093     16.227    12.4929  38.520262    33.1140    227.457     2.0729      8.133    88.4884 1.0831e+00 -0.7303538    25.0313  0.000e+00
     15.600     15.730    12.5269  38.551921    33.1145    228.117     2.2414      8.132    87.9978 1.1827e+00 -0.6641145    25.0252  0.000e+00
     14.982     15.107    12.5712  38.593005    33.1151    228.941     2.1461      8.137    87.5846 1.2986e+00 -0.5978752    25.0170  0.000e+00
     14.154     14.272    12.6002  38.619470    33.1152    229.394     2.0289      8.137    87.4297 1.5150e+00 -0.5978752    25.0115  0.000e+00
     13.392     13.504    12.6113  38.630476    33.1162    229.561     2.1535      8.141    87.5846 1.7663e+00 -0.6641145    25.0101  0.000e+00
     12.859     12.966    12.6140  38.635757    33.1192    230.520     2.5637      8.141    87.1715 1.9539e+00 -0.7303538    25.0119  0.000e+00
     12.309     12.412    12.6401  38.659687    33.1192    231.958     2.4538      8.141    86.9132 2.1058e+00 -0.6309949    25.0068  0.000e+00
     11.752     11.850    12.6549  38.671972    33.1182    232.269     2.2707      8.146    86.6550 2.3487e+00 -0.4653966    25.0032  0.000e+00
     11.436     11.532    12.6581  38.675154    33.1186    231.681     2.5051      8.146    86.5776 2.5088e+00 -0.6309949    25.0029  0.000e+00
     11.250     11.344    12.6598  38.677191    33.1191    231.539     2.2633      8.146    86.4226 2.6040e+00 -0.4985162    25.0029  0.000e+00
     11.174     11.267    12.6600  38.677827    33.1195    231.844     2.0582      8.146    86.3193 2.6340e+00 -0.6641145    25.0032  0.000e+00
     11.116     11.209    12.6599  38.677763    33.1196    232.897     2.0582      8.146    86.3710 2.6567e+00 -0.6641145    25.0032  0.000e+00
     10.968     11.060    12.6592  38.677126    33.1197    233.206     2.0362      8.146    86.3193 2.6950e+00 -0.6309949    25.0035  0.000e+00
     10.740     10.829    12.6599  38.678271    33.1202    231.578     2.0216      8.146    86.3968 2.7653e+00 -0.6972342    25.0038  0.000e+00
     10.557     10.645    12.6610  38.679162    33.1202    230.759     2.0436      8.146    86.3968 2.8212e+00 -0.6972342    25.0035  0.000e+00
     10.407     10.494    12.6600  38.678143    33.1202    233.058     2.0948      8.146    86.3968 2.8783e+00 -0.6972342    25.0037  0.000e+00
     10.197     10.282    12.6575  38.675914    33.1203    231.791     2.0509      8.146    86.3452 3.0302e+00 -0.6972342    25.0043  0.000e+00
     10.008     10.092    12.6565  38.675149    33.1206    232.191     2.1095      8.146    86.2419 3.2082e+00 -0.6972342    25.0047  0.000e+00
     10.010     10.093    12.6572  38.675849    33.1206    231.941     2.2487      8.146    86.2677 3.1900e+00 -0.6972342    25.0045  0.000e+00
     10.100     10.184    12.6575  38.676295    33.1207    232.188     2.2633      8.146    86.2419 3.1002e+00 -0.5647556    25.0046  0.000e+00
     10.072     10.156    12.6571  38.676041    33.1209    232.098     2.1754      8.146    86.2161 3.1002e+00 -0.6972342    25.0048  0.000e+00
     10.035     10.119    12.6580  38.676613    33.1206    231.439     2.1461      8.146    86.1644 3.1718e+00 -0.4985162    25.0044  0.000e+00
     10.110     10.194    12.6576  38.676486    33.1208    231.879     2.1754      8.146    86.2419 3.1091e+00 -0.6641145    25.0046  0.000e+00
     10.165     10.249    12.6572  38.676041    33.1207    231.510     2.1901      8.146    86.2161 2.9702e+00 -0.6972342    25.0046  0.000e+00
     10.110     10.194    12.6584  38.677314    33.1209    231.129     2.1681      8.146    86.2161 2.9872e+00 -0.6972342    25.0045  0.000e+00
     10.027     10.110    12.6584  38.677250    33.1209    232.463     2.1608      8.146    86.2161 3.0738e+00 -0.6972342    25.0045  0.000e+00
     10.037     10.120    12.6594  38.678205    33.1209    232.303     2.1754      8.151    86.1386 3.0738e+00 -0.6972342    25.0044  0.000e+00
     10.066     10.150    12.6592  38.677951    33.1209    230.534     2.1901      8.151    86.1386 3.0215e+00 -0.6972342    25.0044  0.000e+00
     10.086     10.170    12.6589  38.677760    33.1209    231.871     2.1828      8.146    86.2161 3.0475e+00 -0.6972342    25.0044  0.000e+00
     10.186     10.271    12.6588  38.677887    33.1210    232.156     2.1974      8.146    86.2677 3.0043e+00 -0.6972342    25.0046  0.000e+00
     10.224     10.309    12.6599  38.679352    33.1215    231.497     2.2267      8.146    86.2419 2.9280e+00 -0.6972342    25.0047  0.000e+00
     10.118     10.203    12.6596  38.678906    33.1214    232.086     2.1681      8.151    86.2677 2.9787e+00 -0.6309949    25.0047  0.000e+00
     10.014     10.097    12.6594  38.678651    33.1213    232.084     2.1828      8.151    86.2677 3.0302e+00 -0.6309949    25.0047  0.000e+00
     10.046     10.130    12.6589  38.678269    33.1214    232.614     2.2121      8.151    86.2161 3.0043e+00 -0.6972342    25.0048  0.000e+00
     10.152     10.237    12.6597  38.679225    33.1216    232.241     2.2633      8.151    86.2161 2.9197e+00 -0.6972342    25.0048  0.000e+00
     10.146     10.231    12.6594  38.679034    33.1216    232.179     2.2487      8.151    86.2161 2.9702e+00 -0.6972342    25.0049  0.000e+00
      9.793      9.874    12.6583  38.677759    33.1216    232.392     2.1535      8.151    86.1644 3.1358e+00 -0.6972342    25.0051  0.000e+00
      9.171      9.247    12.6575  38.676865    33.1217    232.532     2.1461      8.151    86.2161 3.6267e+00 -0.6972342    25.0053  0.000e+00
      8.782      8.855    12.6576  38.676927    33.1218    231.030     2.2707      8.151    86.2161 3.9502e+00 -0.6972342    25.0053  0.000e+00
      8.373      8.443    12.6572  38.676480    33.1219    230.429     2.4099      8.151    86.1128 4.3885e+00 -0.6972342    25.0055  0.000e+00
      7.850      7.915    12.6570  38.676032    33.1219    232.031     2.7322      8.151    86.2677 4.9728e+00 -0.6972342    25.0055  0.000e+00
      7.453      7.515    12.6568  38.675649    33.1218    232.610     2.4172      8.151    86.2419 5.3994e+00 -0.6972342    25.0055  0.000e+00
      7.130      7.189    12.6565  38.675202    33.1218    231.422     2.4465      8.151    86.2935 5.5863e+00 -0.6972342    25.0056  0.000e+00
      6.538      6.592    12.6597  38.677683    33.1216    231.544     2.1754      8.151    86.1644 6.2393e+00 -0.5647556    25.0048  0.000e+00
      5.813      5.862    12.6583  38.676088    33.1216    232.337     2.1095      8.151    86.2161 7.4577e+00 -0.6641145    25.0050  0.000e+00
      5.448      5.494    12.6588  38.676405    33.1216    232.106     2.2487      8.151    86.1644 8.6393e+00 -0.6641145    25.0049  0.000e+00
      5.230      5.274    12.6591  38.676532    33.1216    232.253     2.3879      8.151    86.1386 8.7623e+00 -0.6641145    25.0048  0.000e+00
      4.727      4.766    12.6592  38.676530    33.1217    232.237     2.3073      8.151    86.1386 9.7833e+00 -0.6641145    25.0048  0.000e+00
      4.196      4.230    12.6608  38.677738    33.1217    231.624     2.1828      8.151    86.1644 1.1427e+01 -0.6641145    25.0045  0.000e+00
      3.811      3.843    12.6597  38.676463    33.1216    231.619     2.2707      8.151    86.1644 1.2298e+01 -0.6972342    25.0047  0.000e+00
      3.415      3.443    12.6612  38.677735    33.1217    232.189     2.3219      8.151    86.2161 1.3767e+01 -0.5647556    25.0044  0.000e+00
      2.970      2.995    12.6615  38.677988    33.1218    232.546     2.5637      8.151    86.2161 1.5368e+01 -0.6641145    25.0044  0.000e+00
      2.504      2.524    12.6619  38.678049    33.1217    232.685     2.3439      8.146    86.1386 1.8460e+01 -0.6309949    25.0043  0.000e+00
      2.082      2.100    12.6584  38.674610    33.1217    231.357     2.3659      8.151    86.2161 2.0662e+01 -0.4653966    25.0050  0.000e+00
      1.794      1.808    12.6565  38.672890    33.1218    231.512     2.6443      8.151    86.1128 2.5238e+01 -0.5978752    25.0054  0.000e+00
      1.850      1.865    12.6657  38.681422    33.1218    231.005     2.3659      8.150    86.0869 2.1676e+01 -0.6309949    25.0036  0.000e+00
      1.933      1.949    12.6668  38.682059    33.1215    230.414     2.1754      8.150    86.0095 2.3324e+01 -0.6309949    25.0031  0.000e+00
      1.896      1.912    12.6667  38.682250    33.1218    231.065     2.0802      8.150    86.1128 2.0662e+01 -0.5647556    25.0034  0.000e+00
      2.063      2.080    12.6715  38.686516    33.1215    231.264     2.1461      8.150    86.0611 2.1615e+01 -0.6641145    25.0023  0.000e+00
      2.086      2.104    12.6711  38.686262    33.1216    230.895     2.1754      8.150    86.0095 2.1615e+01 -0.6641145    25.0024  0.000e+00
      2.096      2.114    12.6706  38.685943    33.1217    230.897     2.1681      8.150    86.1128 2.1494e+01 -0.6309949    25.0026  0.000e+00
      2.188      2.206    12.6708  38.686071    33.1217    231.859     2.3806      8.150    86.1128 2.1074e+01 -0.6309949    25.0025  0.000e+00
      2.229      2.247    12.6711  38.686326    33.1216    231.859     2.5930      8.150    86.0869 2.0145e+01 -0.6641145    25.0024  0.000e+00
      2.312      2.331    12.6708  38.686199    33.1217    231.057     2.5051      8.150    86.1128 1.9696e+01 -0.6309949    25.0026  0.000e+00
      2.278      2.297    12.6703  38.685689    33.1217    232.173     2.4904      8.150    86.0353 1.9696e+01 -0.6641145    25.0027  0.000e+00
