Arg_Leg3_G02_NV.cnv
* Sea-Bird SBE 9 Data File:
* FileName = S:\CTD_Data\CTD\Data\Argentina 2014\Data\Leg3\Arg_Leg3_G02.hex
* Software Version Seasave V 7.21g
* Temperature SN = 5769
* Conductivity SN = 4244
* Number of Bytes Per Scan = 31
* Number of Voltage Words = 4
* Number of Scans Averaged by the Deck Unit = 24
* NMEA Latitude = 46 14.42 S
* NMEA Longitude = 066 53.98 W
* NMEA UTC (Time) = Feb 15 2014 22:34:12
* NMEA baud rate = 9600
** R/V Coriolis II
** MARES project, ARGENTINA 2014
** Chief scientist : Dr. Gustavo Ferreyra
** Co-Chief scientist : Dr. José Luis Esteves
# nquan = 13
# nvalues = 654                                   
# units = specified
# name 0 = depSM: Depth [salt water, m]
# name 1 = prDM: Pressure, Digiquartz [db]
# name 2 = t090C: Temperature [ITS-90, deg C]
# name 3 = c0mS/cm: Conductivity [mS/cm]
# name 4 = sal00: Salinity, Practical [PSU]
# name 5 = sbeox0Mm/Kg: Oxygen, SBE 43 [umol/Kg]
# name 6 = flECO-AFL: Fluorescence, WET Labs ECO-AFL/FL [mg/m^3]
# name 7 = ph: pH
# name 8 = CStarTr0: Beam Transmission, WET Labs C-Star [%]
# name 9 = par: PAR/Irradiance, Biospherical/Licor
# name 10 = upoly0: Upoly 0, Nitrate
# name 11 = sigma-é00: Density [sigma-theta, Kg/m^3]
# name 12 = flag:  0.000e+00
# span 0 =     -0.076,     84.716                 
# span 1 =     -0.077,     85.437                 
# span 2 =     7.7900,    15.2285                 
# span 3 =   5.405796,  41.366006                 
# span 4 =     3.6620,    33.4447                 
# span 5 =    125.505,    268.728                 
# span 6 =    -0.1542,    29.3476                 
# span 7 =      7.648,      8.225                 
# span 8 =    43.1712,    96.5964                 
# span 9 = 1.0000e-12, 2.0417e+02                 
# span 10 = -0.7303538,  7.8476376                
# span 11 =     1.8942,    26.0747                
# span 12 = 0.0000e+00, 0.0000e+00                
# interval = seconds: 1
# start_time = Feb 15 2014 22:34:12 [NMEA time, header]
# bad_flag = -9.990e-29
*END*
[from data line 556]
      9.271      9.348    15.2254  41.364528    33.3907    223.241     1.0326      8.214    90.9673 2.2485e+01 -0.5647556    24.6826  0.000e+00
      8.381      8.451    15.2253  41.364197    33.3908    223.838     1.0106      8.210    91.0189 2.7696e+01 -0.4985162    24.6827  0.000e+00
      7.476      7.539    15.2247  41.363474    33.3910    220.960     1.0545      8.210    91.0447 3.0738e+01 -0.5647556    24.6830  0.000e+00
      6.834      6.891    15.2246  41.363079    33.3911    220.065     1.0912      8.214    91.0705 2.5596e+01 -0.5647556    24.6830  0.000e+00
      6.449      6.503    15.2241  41.362489    33.3911    222.654     1.0765      8.210    91.0705 3.0999e+01 -0.4985162    24.6831  0.000e+00
      6.187      6.238    15.2225  41.361048    33.3913    221.849     1.0252      8.214    91.0447 4.4572e+01 -0.4985162    24.6836  0.000e+00
      6.001      6.051    15.2222  41.360786    33.3913    221.113     1.0106      8.214    91.0189 4.2014e+01 -0.5978752    24.6837  0.000e+00
      5.701      5.748    15.2221  41.360588    33.3913    221.654     1.0252      8.214    91.0189 3.4988e+01 -0.6309949    24.6837  0.000e+00
      5.422      5.467    15.2226  41.360849    33.3913    221.973     1.0179      8.214    91.0705 4.4697e+01 -0.6309949    24.6836  0.000e+00
      5.216      5.260    15.2226  41.360848    33.3914    222.297     1.0399      8.214    91.0705 4.5973e+01 -0.6309949    24.6836  0.000e+00
      5.095      5.137    15.2221  41.360455    33.3915    221.454     1.0252      8.214    91.0447 4.3579e+01 -0.6309949    24.6838  0.000e+00
      4.912      4.953    15.2219  41.360193    33.3915    221.925     1.0179      8.214    91.0447 5.8233e+01 -0.6309949    24.6839  0.000e+00
      4.414      4.451    15.2219  41.359994    33.3915    221.948     1.0106      8.214    91.0447 4.8091e+01 -0.5647556    24.6839  0.000e+00
      3.957      3.989    15.2220  41.360058    33.3916    221.240     1.0033      8.214    91.0189 5.0306e+01 -0.6309949    24.6839  0.000e+00
      3.837      3.869    15.2208  41.358880    33.3916    222.083     1.0252      8.214    91.0705 5.8726e+01 -0.6309949    24.6842  0.000e+00
      3.671      3.701    15.2208  41.358748    33.3916    221.602     1.0326      8.214    91.0189 6.8748e+01 -0.6309949    24.6841  0.000e+00
      3.379      3.407    15.2225  41.360186    33.3915    222.209     1.0106      8.214    91.0189 7.8909e+01 -0.6309949    24.6837  0.000e+00
      3.086      3.112    15.2248  41.362410    33.3917    223.542     1.0179      8.214    90.9931 8.1389e+01 -0.6309949    24.6833  0.000e+00
      2.687      2.710    15.2283  41.365483    33.3916    222.309     1.0179      8.214    90.9931 5.3669e+01 -0.6309949    24.6825  0.000e+00
      2.624      2.646    15.2282  41.364959    33.3913    222.090     1.0326      8.214    90.9673 7.4174e+01 -0.6309949    24.6822  0.000e+00
      2.759      2.782    15.2265  41.363520    33.3914    221.808     1.0326      8.214    91.0189 7.4174e+01 -0.6309949    24.6827  0.000e+00
      2.974      2.998    15.2258  41.363063    33.3915    220.976     1.0326      8.214    91.0189 1.0337e+02 -0.6309949    24.6829  0.000e+00
      2.981      3.005    15.2266  41.363979    33.3916    221.996     1.0472      8.214    90.9414 9.0827e+01 -0.6309949    24.6829  0.000e+00
      2.778      2.801    15.2274  41.364567    33.3916    223.011     0.9886      8.214    90.7865 6.2301e+01 -0.6309949    24.6827  0.000e+00
      2.586      2.608    15.2262  41.363193    33.3914    222.316     0.9959      8.214    90.9931 8.1161e+01 -0.6309949    24.6828  0.000e+00
      2.685      2.707    15.2252  41.362473    33.3916    220.971     1.0106      8.214    90.9673 9.0827e+01 -0.6309949    24.6831  0.000e+00
      2.727      2.750    15.2255  41.362866    33.3916    220.495     0.9886      8.214    90.9931 8.7319e+01 -0.6309949    24.6831  0.000e+00
      2.448      2.469    15.2261  41.363192    33.3915    223.336     0.9740      8.214    90.9931 8.6829e+01 -0.6309949    24.6829  0.000e+00
      2.368      2.388    15.2260  41.363126    33.3916    223.370     0.9886      8.214    90.9156 1.2622e+02 -0.6309949    24.6830  0.000e+00
      2.526      2.547    15.2266  41.363454    33.3913    219.791     0.9959      8.214    90.9414 7.5649e+01 -0.6309949    24.6826  0.000e+00
      2.580      2.601    15.2256  41.362931    33.3917    220.308     1.0033      8.214    90.9414 1.1122e+02 -0.6309949    24.6831  0.000e+00
      2.340      2.360    15.2272  41.364238    33.3916    222.231     0.9813      8.214    90.9156 6.4440e+01 -0.6309949    24.6827  0.000e+00
      2.158      2.176    15.2274  41.364368    33.3916    222.700     0.9666      8.214    90.9414 1.0602e+02 -0.6309949    24.6826  0.000e+00
      2.421      2.441    15.2267  41.363781    33.3916    222.675     0.9740      8.214    91.0189 1.2238e+02 -0.6309949    24.6828  0.000e+00
      2.590      2.611    15.2267  41.363454    33.3913    220.999     0.9959      8.214    90.9931 1.0997e+02 -0.6309949    24.6826  0.000e+00
      2.322      2.341    15.2269  41.364173    33.3918    222.451     0.9813      8.214    91.0189 6.4440e+01 -0.6309949    24.6829  0.000e+00
      2.412      2.432    15.2267  41.363912    33.3917    222.856     0.9740      8.214    90.9673 1.3967e+02 -0.6309949    24.6829  0.000e+00
      2.663      2.685    15.2261  41.363324    33.3916    220.637     0.9740      8.214    90.9414 1.0753e+02 -0.6309949    24.6830  0.000e+00
      2.438      2.458    15.2245  41.361818    33.3917    221.807     0.9813      8.214    91.0189 5.8892e+01 -0.6309949    24.6834  0.000e+00
      2.057      2.074    15.2254  41.362536    33.3917    221.537     1.0033      8.214    90.9414 5.7258e+01 -0.6309949    24.6831  0.000e+00
      2.324      2.343    15.2249  41.362276    33.3918    221.656     1.0179      8.214    90.9414 1.1536e+02 -0.6309949    24.6833  0.000e+00
      2.834      2.857    15.2263  41.363848    33.3918    221.883     0.9886      8.214    90.9673 9.5813e+01 -0.6309949    24.6831  0.000e+00
      2.755      2.778    15.2254  41.362801    33.3917    220.862     0.9666      8.219    90.9414 1.0936e+02 -0.6309949    24.6832  0.000e+00
      2.076      2.093    15.2259  41.363060    33.3917    222.997     0.9886      8.214    90.9673 5.0164e+01 -0.6309949    24.6831  0.000e+00
      1.925      1.941    15.2261  41.363125    33.3917    222.371     1.0033      8.214    90.9414 9.5813e+01 -0.6309949    24.6831  0.000e+00
      2.386      2.406    15.2265  41.363781    33.3918    220.957     1.0106      8.214    90.9673 8.3476e+01 -0.6309949    24.6830  0.000e+00
      2.706      2.728    15.2261  41.362931    33.3913    221.845     0.9373      8.219    90.9673 7.4592e+01 -0.6309949    24.6827  0.000e+00
      2.702      2.724    15.2261  41.363520    33.3918    223.014     1.0106      8.214    90.9673 1.3580e+02 -0.6309949    24.6831  0.000e+00
      2.430      2.450    15.2261  41.363388    33.3918    221.179     1.0179      8.214    90.9931 9.7718e+01 -0.6309949    24.6831  0.000e+00
      2.176      2.194    15.2262  41.363453    33.3918    222.596     1.0252      8.214    90.9931 4.6233e+01 -0.6309949    24.6831  0.000e+00
      2.362      2.382    15.2254  41.362799    33.3918    223.847     1.0033      8.214    90.9414 1.0051e+02 -0.6309949    24.6832  0.000e+00
      2.641      2.663    15.2247  41.362212    33.3918    221.775     0.9886      8.214    90.9414 1.1898e+02 -0.6309949    24.6834  0.000e+00
      2.648      2.670    15.2244  41.361688    33.3916    221.266     0.9886      8.214    90.9673 7.0909e+01 -0.6309949    24.6833  0.000e+00
      2.382      2.402    15.2248  41.362014    33.3916    220.818     0.9959      8.214    90.9673 8.4659e+01 -0.6309949    24.6833  0.000e+00
      2.150      2.168    15.2251  41.362275    33.3917    221.979     1.0106      8.214    90.9931 1.0250e+02 -0.6309949    24.6833  0.000e+00
      2.430      2.451    15.2250  41.362342    33.3917    222.536     1.0252      8.214    90.9414 1.1765e+02 -0.6309949    24.6833  0.000e+00
      2.454      2.475    15.2250  41.362276    33.3917    222.317     0.9520      8.214    90.9673 8.0933e+01 -0.6309949    24.6833  0.000e+00
      2.426      2.446    15.2253  41.362538    33.3917    222.315     1.0252      8.214    90.9673 6.3719e+01 -0.6309949    24.6832  0.000e+00
      2.539      2.560    15.2255  41.362800    33.3917    220.819     1.0106      8.214    90.9673 1.1216e+02 -0.6309949    24.6832  0.000e+00
      2.352      2.371    15.2272  41.364435    33.3918    221.464     1.0106      8.219    90.9931 6.9526e+01 -0.6309949    24.6828  0.000e+00
      2.431      2.451    15.2270  41.364239    33.3918    222.856     1.0033      8.214    90.9673 7.8246e+01 -0.6309949    24.6829  0.000e+00
      2.687      2.709    15.2277  41.364959    33.3917    221.837     0.9959      8.214    90.9931 1.0454e+02 -0.6309949    24.6827  0.000e+00
      2.472      2.492    15.2265  41.363846    33.3918    221.799     1.0106      8.214    90.9931 5.6141e+01 -0.6309949    24.6830  0.000e+00
      2.088      2.106    15.2275  41.364564    33.3917    222.807     1.0179      8.214    90.9931 7.6937e+01 -0.6309949    24.6827  0.000e+00
      2.222      2.241    15.2281  41.365088    33.3917    221.311     1.0179      8.219    90.9931 1.1407e+02 -0.6309949    24.6826  0.000e+00
      2.683      2.705    15.2265  41.363913    33.3918    221.623     1.0033      8.219    91.0447 1.0543e+02 -0.6309949    24.6830  0.000e+00
      2.579      2.600    15.2264  41.363978    33.3919    224.653     0.9813      8.214    90.9414 7.2932e+01 -0.6309949    24.6831  0.000e+00
      2.175      2.193    15.2268  41.363911    33.3917    221.644     0.9959      8.214    90.9673 4.8362e+01 -0.6309949    24.6829  0.000e+00
      2.316      2.335    15.2267  41.363977    33.3918    221.027     1.0252      8.219    90.9931 6.5907e+01 -0.6309949    24.6829  0.000e+00
      2.490      2.511    15.2277  41.364893    33.3917    221.831     1.0179      8.214    91.0189 5.9726e+01 -0.6309949    24.6827  0.000e+00
      2.431      2.451    15.2270  41.364239    33.3917    222.454     1.0252      8.214    90.9931 4.3457e+01 -0.6309949    24.6828  0.000e+00
      2.430      2.450    15.2257  41.363061    33.3918    222.167     1.0252      8.214    90.9931 4.9048e+01 -0.5647556    24.6832  0.000e+00
      2.599      2.621    15.2267  41.363978    33.3917    220.962     1.0692      8.214    91.0447 4.8910e+01 -0.5978752    24.6829  0.000e+00
      2.444      2.464    15.2260  41.363192    33.3917    221.655     1.0252      8.214    90.9673 4.0733e+01 -0.6309949    24.6830  0.000e+00
      2.107      2.125    15.2255  41.362667    33.3917    222.013     1.0179      8.219    90.9931 3.8503e+01 -0.6309949    24.6832  0.000e+00
      2.272      2.291    15.2254  41.362668    33.3917    222.164     1.0179      8.219    90.9156 4.2489e+01 -0.6309949    24.6832  0.000e+00
      2.632      2.654    15.2259  41.363324    33.3918    221.514     1.0033      8.214    91.0189 4.0504e+01 -0.5978752    24.6831  0.000e+00
      2.651      2.673    15.2285  41.366006    33.3920    220.662     0.9959      8.214    91.0189 3.5785e+01 -0.5978752    24.6827  0.000e+00
      2.425      2.445    15.2265  41.363781    33.3918    222.346     1.0106      8.219    90.9931 3.6704e+01 -0.6309949    24.6830  0.000e+00
      2.463      2.483    15.2260  41.363323    33.3918    222.386     1.0179      8.219    90.9414 3.6191e+01 -0.6309949    24.6831  0.000e+00
      2.451      2.472    15.2249  41.362342    33.3918    221.659     1.0033      8.214    90.9673 3.9491e+01 -0.6309949    24.6834  0.000e+00
      2.288      2.307    15.2251  41.362341    33.3917    221.508     1.0252      8.219    91.0189 3.6704e+01 -0.6309949    24.6832  0.000e+00
      2.453      2.473    15.2243  41.361687    33.3917    222.832     1.0252      8.214    91.0447 4.0963e+01 -0.6309949    24.6834  0.000e+00
      2.567      2.589    15.2240  41.361557    33.3918    221.703     1.0472      8.219    91.0189 4.4322e+01 -0.6309949    24.6836  0.000e+00
      2.514      2.535    15.2239  41.361426    33.3918    222.616     0.9959      8.214    91.0189 3.6089e+01 -0.6309949    24.6836  0.000e+00
      2.238      2.256    15.2233  41.360902    33.3920    222.683     1.0179      8.219    91.0189 4.1310e+01 -0.6309949    24.6838  0.000e+00
      1.598      1.611    15.2236  41.360834    33.3919    221.751     1.0106      8.219    90.9673 4.6756e+01 -0.6309949    24.6837  0.000e+00
      0.887      0.894    15.2241  41.360961    33.3918    222.094     1.0179      8.219    90.9414 5.0023e+01 -0.6309949    24.6835  0.000e+00
      0.104      0.105    15.2239  41.306536    33.3433    221.490     1.0033      8.219    84.6409 6.3361e+01 -0.6309949    24.6462  0.000e+00
     -0.076     -0.077    15.1752  11.983118     8.6113    268.728    10.4099      8.210    67.1854 6.7979e+01 -0.5647556     5.6898  0.000e+00
     -0.072     -0.073    15.1858   5.405796     3.6620    264.276    29.3476      8.201    68.6573 7.1711e+01 -0.5978752     1.8942  0.000e+00
     -0.071     -0.071    15.2192   9.216559     6.4814    243.457    24.9080      8.196    87.7654 7.3550e+01 -0.4985162     4.0511  0.000e+00
     -0.072     -0.073    15.2194  10.160526     7.1989    231.797    -0.1542      8.191    80.5611 7.5862e+01 -0.4985162     4.6007  0.000e+00
     -0.068     -0.068    15.2129  13.942277    10.1344    215.693    -0.0663      8.168    74.5705 7.8909e+01 -0.4985162     6.8493  0.000e+00
     -0.066     -0.067    15.1962  12.397807     8.9291    211.924    28.5124      8.131    71.0071 7.8688e+01 -0.4985162     5.9295  0.000e+00
     -0.069     -0.070    15.1783  15.433777    11.3248    205.501     3.2743      8.085    61.3755 7.6720e+01 -0.4985162     7.7665  0.000e+00
     -0.068     -0.068    15.1582  32.111942    25.2532    184.766    -0.1469      8.029    66.3591 7.5649e+01 -0.4985162    18.4406  0.000e+00
     -0.062     -0.062    15.1743  25.019522    19.1806    196.564    20.5491      7.983    66.6174 7.0313e+01 -0.4985162    13.7813  0.000e+00
