Arg_L2_F6_NV.cnv
* Sea-Bird SBE 9 Data File:
* FileName = S:\CTD_Data\CTD\Data\Argentina 2014\Data\Arg_L2_F6.hex
* Software Version Seasave V 7.21g
* Temperature SN = 5769
* Conductivity SN = 4244
* Number of Bytes Per Scan = 31
* Number of Voltage Words = 4
* Number of Scans Averaged by the Deck Unit = 24
* NMEA Latitude = 46 29.68 S
* NMEA Longitude = 066 00.79 W
* NMEA UTC (Time) = Feb 08 2014 16:26:45
* NMEA baud rate = 9600
** R/V Coriolis II
** MARES project, ARGENTINA 2014
** Chief scientist : Dr. Gustavo Ferreyra
** Co-Chief scientist : Dr. José Luis Esteves
# nquan = 13
# nvalues = 584                                   
# units = specified
# name 0 = depSM: Depth [salt water, m]
# name 1 = prDM: Pressure, Digiquartz [db]
# name 2 = t090C: Temperature [ITS-90, deg C]
# name 3 = c0mS/cm: Conductivity [mS/cm]
# name 4 = sal00: Salinity, Practical [PSU]
# name 5 = sbeox0Mm/Kg: Oxygen, SBE 43 [umol/Kg]
# name 6 = flECO-AFL: Fluorescence, WET Labs ECO-AFL/FL [mg/m^3]
# name 7 = ph: pH
# name 8 = CStarTr0: Beam Transmission, WET Labs C-Star [%]
# name 9 = par: PAR/Irradiance, Biospherical/Licor
# name 10 = upoly0: Upoly 0, Nitrate
# name 11 = sigma-é00: Density [sigma-theta, Kg/m^3]
# name 12 = flag:  0.000e+00
# span 0 =     -0.232,     86.310                 
# span 1 =     -0.234,     87.047                 
# span 2 =     9.1058,    14.8116                 
# span 3 =   4.211776,  41.010794                 
# span 4 =     2.8568,    33.4280                 
# span 5 =    149.396,    268.442                 
# span 6 =    -0.0370,     2.4978                 
# span 7 =      7.829,      8.231                 
# span 8 =    63.8286,    96.2349                 
# span 9 = 1.0000e-12, 1.8507e+03                 
# span 10 = -0.7634735,  3.7739197                
# span 11 =     1.3837,    25.8113                
# span 12 = 0.0000e+00, 0.0000e+00                
# interval = seconds: 1
# start_time = Feb 08 2014 16:26:45 [NMEA time, header]
# bad_flag = -9.990e-29
*END*
[from data line 334]
     49.131     49.546    10.2907  36.554950    33.1437    186.427     0.0216      7.977    89.0564 1.6719e+00 -0.7303538    25.4545  0.000e+00
     49.056     49.470    10.2932  36.556942    33.1435    186.839     0.0143      7.977    89.1597 1.7259e+00 -0.7303538    25.4540  0.000e+00
     49.237     49.653    10.2942  36.558188    33.1437    187.098     0.0143      7.977    89.0564 1.7011e+00 -0.5647556    25.4540  0.000e+00
     49.516     49.934    10.2944  36.558874    33.1441    186.421     0.0289      7.977    88.8499 1.6383e+00  0.0976376    25.4542  0.000e+00
     49.650     50.070    10.2945  36.559123    33.1442    186.846     0.0362      7.977    88.6949 1.6055e+00 -0.2004393    25.4543  0.000e+00
     49.643     50.062    10.2947  36.559310    33.1442    186.682    -0.0004      7.977    88.5400 1.6055e+00 -0.4985162    25.4543  0.000e+00
     49.639     50.058    10.2945  36.559310    33.1444    186.423    -0.0004      7.977    88.5658 1.6195e+00 -0.7303538    25.4544  0.000e+00
     49.688     50.108    10.2945  36.559248    33.1443    186.261    -0.0077      7.977    88.5658 1.6055e+00 -0.7303538    25.4544  0.000e+00
     49.646     50.065    10.2944  36.559248    33.1445    186.260    -0.0077      7.977    88.4625 1.5916e+00 -0.7303538    25.4545  0.000e+00
     49.547     49.965    10.2949  36.559559    33.1444    186.515    -0.0150      7.977    88.4884 1.5962e+00 -0.7303538    25.4544  0.000e+00
     49.454     49.871    10.2955  36.560057    33.1444    186.511    -0.0150      7.977    88.5400 1.6008e+00 -0.7303538    25.4543  0.000e+00
     49.279     49.696    10.2963  36.560741    33.1443    186.080    -0.0150      7.977    88.6175 1.6242e+00 -0.7303538    25.4541  0.000e+00
     49.078     49.493    10.2973  36.561487    33.1443    186.072    -0.0077      7.977    88.6691 1.6816e+00 -0.7303538    25.4539  0.000e+00
     49.141     49.556    10.2979  36.562110    33.1444    186.330    -0.0004      7.977    88.6433 1.7011e+00  0.5613128    25.4539  0.000e+00
     49.512     49.930    10.2963  36.560866    33.1444    186.345     0.0069      7.977    88.6691 1.6383e+00  1.4224239    25.4542  0.000e+00
     49.847     50.268    10.2945  36.559684    33.1447    186.360    -0.0004      7.977    88.5658 1.5732e+00  1.3230650    25.4547  0.000e+00
     49.847     50.268    10.2949  36.560120    33.1448    185.936    -0.0077      7.977    88.3593 1.5962e+00 -0.5978752    25.4547  0.000e+00
     49.602     50.021    10.2960  36.560742    33.1445    185.926    -0.0077      7.977    88.3593 1.6526e+00 -0.0679607    25.4543  0.000e+00
     49.604     50.022    10.2959  36.560804    33.1446    186.185    -0.0077      7.977    88.4625 1.6478e+00 -0.2335590    25.4544  0.000e+00
     49.874     50.295    10.2952  36.560432    33.1448    186.195    -0.0004      7.977    88.4884 1.5372e+00 -0.5316359    25.4547  0.000e+00
     49.803     50.224    10.2955  36.560743    33.1449    185.769    -0.0077      7.977    88.3851 1.5238e+00  1.4886632    25.4547  0.000e+00
     49.295     49.711    10.2967  36.561488    33.1447    185.752    -0.0004      7.977    88.3593 1.6336e+00  0.2301162    25.4543  0.000e+00
     49.002     49.416    10.2971  36.561549    33.1446    186.003    -0.0004      7.977    88.6949 1.7259e+00 -0.3660376    25.4541  0.000e+00
     49.169     49.584    10.2975  36.562048    33.1447    186.005    -0.0077      7.977    88.5917 1.6962e+00 -0.5647556    25.4541  0.000e+00
     49.411     49.828    10.2971  36.561924    33.1447    186.012    -0.0077      7.977    88.5142 1.6431e+00  0.8593897    25.4543  0.000e+00
     49.541     49.960    10.2977  36.562610    33.1448    186.013     0.0069      7.977    88.5142 1.6289e+00 -0.1673197    25.4542  0.000e+00
     49.591     50.010    10.2980  36.562796    33.1447    186.013     0.0143      7.977    88.4367 1.6383e+00 -0.2335590    25.4541  0.000e+00
     49.612     50.031    10.2981  36.562983    33.1448    186.013    -0.0004      7.977    88.4109 1.6526e+00 -0.0679607    25.4542  0.000e+00
     49.714     50.134    10.2981  36.563108    33.1449    186.015    -0.0004      7.977    88.4109 1.6242e+00 -0.2004393    25.4542  0.000e+00
     49.875     50.297    10.2979  36.562984    33.1449    186.020    -0.0004      7.977    88.4109 1.5687e+00 -0.2004393    25.4543  0.000e+00
     49.966     50.388    10.2977  36.562922    33.1450    186.023    -0.0004      7.977    88.3334 1.5416e+00 -0.2335590    25.4544  0.000e+00
     49.795     50.215    10.2982  36.563233    33.1449    186.017    -0.0077      7.977    88.3076 1.5506e+00 -0.2335590    25.4543  0.000e+00
     49.272     49.688    10.2991  36.563667    33.1448    186.001    -0.0077      7.977    88.4367 1.6622e+00 -0.2335590    25.4540  0.000e+00
     48.872     49.285    10.3002  36.564350    33.1446    185.987    -0.0077      7.977    88.6175 1.7816e+00 -0.6972342    25.4536  0.000e+00
     49.012     49.426    10.3006  36.564787    33.1447    185.989    -0.0004      7.981    88.5142 1.7561e+00 -0.4653966    25.4536  0.000e+00
     49.479     49.897    10.3001  36.564726    33.1448    186.002    -0.0004      7.977    88.4884 1.6289e+00 -0.3329179    25.4539  0.000e+00
     49.737     50.157    10.2998  36.564665    33.1449    186.009    -0.0004      7.977    88.4625 1.5687e+00 -0.4322769    25.4539  0.000e+00
     49.629     50.048    10.3002  36.564789    33.1447    185.582    -0.0077      7.977    88.4884 1.6148e+00  0.8262701    25.4537  0.000e+00
     49.530     49.948    10.3000  36.564540    33.1447    186.004    -0.0077      7.977    88.5917 1.6767e+00 -0.1342000    25.4537  0.000e+00
     49.676     50.095    10.3009  36.565598    33.1449    186.262    -0.0004      7.977    88.6175 1.6670e+00 -0.7303538    25.4537  0.000e+00
     49.909     50.331    10.3002  36.565101    33.1449    186.012     0.0069      7.977    88.5400 1.6008e+00 -0.7303538    25.4539  0.000e+00
     49.894     50.315    10.3002  36.565163    33.1450    186.011    -0.0004      7.977    88.4625 1.5551e+00 -0.7303538    25.4539  0.000e+00
     49.084     49.499    10.3017  36.566032    33.1448    185.986    -0.0150      7.981    88.4884 1.6767e+00 -0.3329179    25.4536  0.000e+00
     47.979     48.384    10.3046  36.567647    33.1443    186.371    -0.0077      7.981    88.6949 1.9371e+00 -0.1342000    25.4527  0.000e+00
     47.008     47.405    10.3088  36.570009    33.1433    186.332    -0.0077      7.981    88.9273 2.2176e+00 -0.2004393    25.4511  0.000e+00
     46.332     46.723    10.3140  36.573867    33.1428    186.036    -0.0004      7.981    89.1081 2.4309e+00 -0.7303538    25.4498  0.000e+00
     45.912     46.299    10.3161  36.575672    33.1429    186.861    -0.0004      7.981    89.0564 2.5377e+00  0.2632359    25.4495  0.000e+00
     45.520     45.904    10.3160  36.575857    33.1433    187.274    -0.0077      7.986    89.2114 2.6040e+00  0.0645179    25.4498  0.000e+00
     44.869     45.248    10.3652  36.622755    33.1459    187.375     0.0069      7.986    89.5987 2.8132e+00 -0.5647556    25.4435  0.000e+00
     44.089     44.460    10.4132  36.663130    33.1432    187.741     0.0216      7.990    89.8569 3.1628e+00 -0.7303538    25.4331  0.000e+00
     43.414     43.780    10.4336  36.681391    33.1432    188.384     0.0362      7.995    89.8827 3.5048e+00  0.0976376    25.4297  0.000e+00
     42.811     43.172    10.4754  36.720734    33.1450    189.352     0.0289      7.995    90.1151 3.7315e+00  0.5281932    25.4238  0.000e+00
     42.099     42.453    10.5388  36.779249    33.1464    189.967     0.0289      7.999    90.3992 3.9389e+00  0.6937915    25.4139  0.000e+00
     41.225     41.572    10.6777  36.910702    33.1521    189.992     0.0436      8.003    90.9414 4.3143e+00 -0.0679607    25.3943  0.000e+00
     40.422     40.762    10.8431  37.060616    33.1521    190.733     0.0582      8.012    91.2771 4.6983e+00 -0.6641145    25.3653  0.000e+00
     39.667     40.001    10.9951  37.200491    33.1540    192.332     0.0875      8.021    91.1738 5.0439e+00 -0.7634735    25.3399  0.000e+00
     38.818     39.145    11.1677  37.363243    33.1598    194.128     0.0582      8.030    91.5870 5.5233e+00 -0.7634735    25.3136  0.000e+00
     38.022     38.342    11.3639  37.537537    33.1554    195.723     0.0655      8.039    92.0776 6.1167e+00 -0.7634735    25.2748  0.000e+00
     37.440     37.755    11.3997  37.564653    33.1502    197.547     0.0729      8.048    92.3875 6.5843e+00 -0.7634735    25.2643  0.000e+00
     36.935     37.246    11.4219  37.579441    33.1450    199.591     0.0875      8.052    92.6715 6.9679e+00 -0.7634735    25.2562  0.000e+00
     36.394     36.700    11.6371  37.793433    33.1621    199.529     0.0948      8.056    93.2396 7.2907e+00 -0.7634735    25.2302  0.000e+00
     35.750     36.050    11.8319  37.967765    33.1584    200.142     0.0948      8.065    93.6527 7.6934e+00 -0.7634735    25.1913  0.000e+00
     34.912     35.205    11.8990  38.028327    33.1578    202.404     0.0948      8.074    93.4978 8.4700e+00 -0.7634735    25.1783  0.000e+00
     34.054     34.340    12.4158  38.564851    33.2173    202.428     0.1022      8.095    93.3687 9.3773e+00 -0.7634735    25.1267  0.000e+00
     33.405     33.686    12.0253  38.197077    33.2096    208.801     0.1022      8.120    94.0917 1.0035e+01 -0.7634735    25.1948  0.000e+00
     32.788     33.063    12.1075  38.333642    33.2688    208.034     0.1095      8.139    94.5307 1.0589e+01 -0.7634735    25.2253  0.000e+00
     31.912     32.180    13.5053  39.637980    33.2784    199.479     0.1974      8.142    95.2537 1.1656e+01 -0.7634735    24.9591  0.000e+00
     30.995     31.255    13.6002  39.736538    33.2883    206.180     0.3659      8.151    95.2795 1.3160e+01 -0.7634735    24.9475  0.000e+00
     30.324     30.579    13.7549  39.893458    33.3003    211.525     0.3219      8.160    94.9696 1.4403e+01 -0.7634735    24.9252  0.000e+00
     29.694     29.943    14.0085  40.154902    33.3232    212.130     0.3513      8.168    95.0729 1.5719e+01 -0.7634735    24.8906  0.000e+00
     29.058     29.302    14.1909  40.340007    33.3367    214.583     0.4978      8.172    94.7889 1.7107e+01 -0.7634735    24.8630  0.000e+00
     28.566     28.805    13.7025  39.867799    33.3227    218.388     0.7615      8.184    94.1433 1.8408e+01 -0.7634735    24.9532  0.000e+00
     28.011     28.246    13.9427  40.111470    33.3408    215.432     1.0985      8.187    93.6269 1.9311e+01 -0.7634735    24.9177  0.000e+00
     27.163     27.391    14.1778  40.354834    33.3624    211.679     1.2450      8.186    93.8851 2.1494e+01 -0.6641145    24.8856  0.000e+00
     26.302     26.522    14.2429  40.414630    33.3616    213.458     1.2011      8.191    94.3499 2.4885e+01 -0.5316359    24.8713  0.000e+00
     25.563     25.778    14.3379  40.509877    33.3675    214.880     1.1205      8.190    94.1433 2.7309e+01 -0.7634735    24.8559  0.000e+00
     24.910     25.119    14.3693  40.550817    33.3783    214.820     1.1058      8.195    93.2396 3.0223e+01 -0.5978752    24.8575  0.000e+00
     24.277     24.481    14.4378  40.614693    33.3781    215.734     1.1644      8.194    92.9039 3.4017e+01 -0.7634735    24.8429  0.000e+00
     23.460     23.657    14.4053  40.585927    33.3801    216.750     1.2597      8.199    92.4391 3.7434e+01 -0.6641145    24.8513  0.000e+00
     22.465     22.653    14.4587  40.644953    33.3886    216.483     1.6480      8.199    92.3616 4.2729e+01 -0.6641145    24.8465  0.000e+00
     21.707     21.889    14.4310  40.616632    33.3868    215.769     1.7139      8.204    92.2583 4.9603e+01 -0.7303538    24.8510  0.000e+00
     21.299     21.477    14.3045  40.476068    33.3670    217.981     1.5600      8.204    91.8710 5.2475e+01 -0.6972342    24.8624  0.000e+00
     20.887     21.062    14.2395  40.428222    33.3793    217.010     1.6333      8.205    91.0447 5.6936e+01 -0.4985162    24.8855  0.000e+00
     20.188     20.357    14.5390  40.733652    33.4015    215.307     1.9263      8.208    90.0377 6.3540e+01 -0.5647556    24.8394  0.000e+00
     19.546     19.710    14.5556  40.749449    33.4019    215.793     2.2414      8.208    90.1151 7.0115e+01 -0.7303538    24.8362  0.000e+00
     19.395     19.558    14.5613  40.754325    33.4015    217.231     2.1901      8.208    90.2442 6.9526e+01 -0.4985162    24.8346  0.000e+00
     19.390     19.552    14.5811  40.775982    33.4043    217.820     2.2560      8.208    89.7278 7.0909e+01 -0.4985162    24.8326  0.000e+00
     19.353     19.515    14.5877  40.783267    33.4053    218.338     2.3586      8.212    89.3663 6.9918e+01 -0.4985162    24.8319  0.000e+00
     19.288     19.450    14.5896  40.785999    33.4062    218.283     2.3219      8.212    89.0048 7.0313e+01 -0.4985162    24.8322  0.000e+00
     19.306     19.468    14.5883  40.785154    33.4065    218.011     2.3439      8.212    88.9273 6.9526e+01 -0.4985162    24.8327  0.000e+00
     19.476     19.639    14.5888  40.786260    33.4071    217.141     2.3586      8.212    88.9790 6.7979e+01 -0.4985162    24.8331  0.000e+00
     19.618     19.783    14.5835  40.780992    33.4067    217.466     2.3366      8.212    88.9532 6.6653e+01 -0.4985162    24.8339  0.000e+00
     19.548     19.711    14.5862  40.784374    33.4075    218.854     2.3219      8.212    89.0048 6.6093e+01 -0.4985162    24.8339  0.000e+00
     19.349     19.511    14.5881  40.786976    33.4083    217.776     2.3219      8.212    88.9532 7.1913e+01 -0.4985162    24.8342  0.000e+00
     19.352     19.514    14.5900  40.788992    33.4086    216.852     2.3806      8.212    88.9790 7.0710e+01 -0.4985162    24.8340  0.000e+00
     19.596     19.760    14.5897  40.789253    33.4090    216.903     2.4172      8.212    88.9532 6.6466e+01 -0.6309949    24.8343  0.000e+00
     19.800     19.966    14.5897  40.789580    33.4092    219.140     2.3366      8.212    88.9790 6.1258e+01 -0.4985162    24.8345  0.000e+00
     19.753     19.918    14.5891  40.789384    33.4095    219.333     2.3293      8.212    88.8499 6.0743e+01 -0.4985162    24.8349  0.000e+00
     19.504     19.667    14.5903  40.790815    33.4099    217.490     2.3293      8.212    88.9015 6.1951e+01 -0.4985162    24.8350  0.000e+00
     19.307     19.468    14.5884  40.788992    33.4100    217.833     2.3659      8.212    89.0564 6.7979e+01 -0.5978752    24.8354  0.000e+00
     19.342     19.504    14.5899  40.790944    33.4104    216.850     2.4611      8.217    89.1081 6.7407e+01 -0.7303538    24.8354  0.000e+00
     19.428     19.591    14.5898  40.790554    33.4101    218.362     2.4978      8.217    88.9015 6.3006e+01 -0.5647556    24.8352  0.000e+00
     19.436     19.599    14.5857  40.786131    33.4096    218.467     2.3659      8.212    88.9273 6.4440e+01 -0.5647556    24.8357  0.000e+00
     19.507     19.670    14.5771  40.776829    33.4085    216.870     2.3513      8.217    89.0048 6.1604e+01 -0.5978752    24.8367  0.000e+00
     19.645     19.810    14.5749  40.774943    33.4086    217.947     2.3000      8.217    89.0823 5.8397e+01 -0.5647556    24.8372  0.000e+00
     19.643     19.807    14.5769  40.777220    33.4090    217.641     2.2853      8.217    89.1856 5.9558e+01 -0.5647556    24.8371  0.000e+00
     19.470     19.633    14.5769  40.777480    33.4093    217.252     2.2853      8.217    89.1339 6.0914e+01 -0.6972342    24.8373  0.000e+00
     19.506     19.669    14.5781  40.778846    33.4095    218.311     2.3659      8.217    89.1081 5.9391e+01 -0.5316359    24.8372  0.000e+00
     19.760     19.925    14.5756  40.776180    33.4091    218.671     2.4099      8.217    89.0564 5.2622e+01 -0.4985162    24.8375  0.000e+00
     19.819     19.985    14.5776  40.778392    33.4094    218.620     2.3366      8.217    89.0306 5.1019e+01 -0.5647556    24.8372  0.000e+00
