Arg_Leg3_G03_NV.cnv
* Sea-Bird SBE 9 Data File:
* FileName = S:\CTD_Data\CTD\Data\Argentina 2014\Data\Leg3\Arg_Leg3_G03.hex
* Software Version Seasave V 7.21g
* Temperature SN = 5769
* Conductivity SN = 4244
* Number of Bytes Per Scan = 31
* Number of Voltage Words = 4
* Number of Scans Averaged by the Deck Unit = 24
* NMEA Latitude = 45 51.02 S
* NMEA Longitude = 066 53.42 W
* NMEA UTC (Time) = Feb 15 2014 02:12:51
* NMEA baud rate = 9600
** R/V Coriolis II
** MARES project, ARGENTINA 2014
** Chief scientist : Dr. Gustavo Ferreyra
** Co-Chief scientist : Dr. José Luis Esteves
# nquan = 13
# nvalues = 680                                   
# units = specified
# name 0 = depSM: Depth [salt water, m]
# name 1 = prDM: Pressure, Digiquartz [db]
# name 2 = t090C: Temperature [ITS-90, deg C]
# name 3 = c0mS/cm: Conductivity [mS/cm]
# name 4 = sal00: Salinity, Practical [PSU]
# name 5 = sbeox0Mm/Kg: Oxygen, SBE 43 [umol/Kg]
# name 6 = flECO-AFL: Fluorescence, WET Labs ECO-AFL/FL [mg/m^3]
# name 7 = ph: pH
# name 8 = CStarTr0: Beam Transmission, WET Labs C-Star [%]
# name 9 = par: PAR/Irradiance, Biospherical/Licor
# name 10 = upoly0: Upoly 0, Nitrate
# name 11 = sigma-é00: Density [sigma-theta, Kg/m^3]
# name 12 = flag:  0.000e+00
# span 0 =     -0.093,     80.102                 
# span 1 =     -0.094,     80.780                 
# span 2 =     8.5189,    15.1343                 
# span 3 =   3.408307,  41.286005                 
# span 4 =     2.2456,    33.4442                 
# span 5 =    123.450,    273.435                 
# span 6 =    -0.1249,     2.8861                 
# span 7 =      7.713,      8.238                 
# span 8 =    40.6665,    96.4673                 
# span 9 = 1.0000e-12, 7.3447e-01                 
# span 10 = -0.6972342,  9.2386632                
# span 11 =     0.8166,    25.9587                
# span 12 = 0.0000e+00, 0.0000e+00                
# interval = seconds: 1
# start_time = Feb 15 2014 02:12:51 [NMEA time, header]
# bad_flag = -9.990e-29
*END*
[from data line 223]
     76.527     77.173     8.5217  35.237988    33.4182    124.156     0.0216      7.718    44.2041 1.4574e-03  2.3166547    25.9548  0.000e+00
     75.323     75.960     8.5218  35.237493    33.4181    124.136     0.0069      7.718    43.7651 1.0381e-03 -0.4653966    25.9547  0.000e+00
     74.647     75.277     8.5219  35.237368    33.4181    123.830     0.0216      7.713    43.7135 6.2223e-04  1.4886632    25.9547  0.000e+00
     74.376     75.004     8.5219  35.237244    33.4182    123.826     0.0216      7.718    43.0938 8.9907e-04  1.4555436    25.9548  0.000e+00
     74.073     74.699     8.5223  35.237427    33.4181    123.820     0.0216      7.718    43.3778 2.7370e-03  0.2963556    25.9547  0.000e+00
     73.483     74.104     8.5223  35.237241    33.4182    123.810     0.0143      7.718    44.7464 1.4574e-03 -0.5978752    25.9547  0.000e+00
     72.731     73.345     8.5230  35.237423    33.4181    123.796     0.0216      7.718    44.5656 4.8439e-04 -0.5647556    25.9545  0.000e+00
     71.889     72.496     8.5229  35.236990    33.4182    123.783     0.0143      7.718    44.3332 1.7390e-03 -0.6309949    25.9546  0.000e+00
     71.021     71.620     8.5231  35.236803    33.4181    123.769     0.0216      7.718    45.0304 1.1775e-03  1.4886632    25.9545  0.000e+00
     70.242     70.835     8.5235  35.236984    33.4183    123.755     0.0289      7.718    46.9670 1.5980e-03  3.1115265    25.9545  0.000e+00
     69.527     70.113     8.5241  35.237350    33.4184    123.742     0.0289      7.718    49.4201 2.1643e-03  3.2771248    25.9545  0.000e+00
     68.901     69.482     8.5416  35.252443    33.4181    124.146     0.0069      7.717    52.1055 4.8439e-04 -0.3991573    25.9516  0.000e+00
     68.452     69.029     8.5819  35.286999    33.4166    124.025     0.0069      7.717    55.8239 1.5980e-03  0.2632359    25.9443  0.000e+00
     67.981     68.554     8.6016  35.306768    33.4190    124.128     0.0143      7.722    61.4530 7.6046e-04  1.4886632    25.9432  0.000e+00
     67.278     67.845     8.6966  35.391300    33.4183    125.225    -0.0004      7.727    66.9789 2.0221e-03  2.8796889    25.9281  0.000e+00
     66.355     66.914     8.7968  35.481940    33.4192    126.457    -0.0224      7.736    60.4718 2.1643e-03  1.8860991    25.9132  0.000e+00
     65.381     65.932     8.8802  35.553458    33.4159    128.068    -0.0150      7.745    60.9882 1.7390e-03  0.5613128    25.8977  0.000e+00
     64.610     65.154     8.9054  35.575317    33.4154    130.018    -0.0077      7.750    69.3803 1.8804e-03 -0.1010803    25.8933  0.000e+00
     64.134     64.674     8.9387  35.603034    33.4133    129.556    -0.0150      7.754    72.5822 1.3173e-03 -0.1342000    25.8864  0.000e+00
     63.884     64.422     8.9723  35.631192    33.4111    128.363    -0.0150      7.749    69.5869 1.8804e-03 -0.6309949    25.8795  0.000e+00
     63.493     64.028     8.9550  35.619237    33.4151    129.818    -0.0150      7.750    69.5352 2.4498e-03  0.1307573    25.8853  0.000e+00
     62.595     63.122     9.0070  35.667186    33.4166    131.335    -0.0297      7.754    74.2089 8.9907e-04 -0.1010803    25.8783  0.000e+00
     61.359     61.876     9.0302  35.687468    33.4165    131.630    -0.0297      7.764    74.4155 3.4694e-04 -0.3991573    25.8745  0.000e+00
     60.240     60.747     9.0376  35.692705    33.4155    131.978    -0.0224      7.773    76.1714 1.4574e-03  1.4886632    25.8726  0.000e+00
     59.630     60.131     9.0186  35.675992    33.4163    132.699    -0.0297      7.773    78.9601 2.1643e-03  1.8529795    25.8762  0.000e+00
     59.415     59.914     9.0412  35.696341    33.4163    133.297    -0.0297      7.773    78.0306 1.0381e-03  0.7269111    25.8726  0.000e+00
     59.005     59.501     9.0416  35.696833    33.4167    133.510    -0.0297      7.773    78.6503 3.4694e-04 -0.0679607    25.8728  0.000e+00
     58.239     58.728     9.0572  35.710954    33.4170    133.217    -0.0297      7.778    79.7090 1.4574e-03  3.8401590    25.8706  0.000e+00
     57.513     57.997     9.0624  35.714776    33.4164    133.693    -0.0297      7.778    79.4766 1.0381e-03  0.0645179    25.8693  0.000e+00
     56.668     57.144     9.0563  35.709407    33.4170    134.033    -0.0297      7.778    79.7606 3.4694e-04 -0.1010803    25.8708  0.000e+00
     56.178     56.650     9.0662  35.717917    33.4168    134.048    -0.0297      7.782    80.2771 2.0988e-04  0.2963556    25.8690  0.000e+00
     56.195     56.667     9.0699  35.721742    33.4173    134.372    -0.0297      7.782    80.3545 3.4694e-04 -0.6309949    25.8688  0.000e+00
     56.317     56.790     9.0788  35.729701    33.4172    134.232    -0.0297      7.782    80.1479 4.8439e-04 -0.6641145    25.8673  0.000e+00
     56.235     56.707     9.0812  35.731675    33.4170    134.109    -0.0297      7.782    80.6644 1.7390e-03 -0.6641145    25.8668  0.000e+00
     55.916     56.386     9.0807  35.731242    33.4172    134.273    -0.0224      7.782    81.4907 1.5980e-03 -0.6641145    25.8670  0.000e+00
     55.481     55.948     9.0789  35.729698    33.4175    134.439    -0.0077      7.782    81.2841 2.0221e-03 -0.6641145    25.8675  0.000e+00
     55.245     55.709     9.0809  35.731486    33.4176    134.596    -0.0077      7.782    81.0775 3.3161e-03  0.3957145    25.8673  0.000e+00
     55.305     55.769     9.0867  35.736607    33.4174    134.298    -0.0224      7.782    81.2325 6.2223e-04 -0.3329179    25.8662  0.000e+00
     55.163     55.626     9.0876  35.737594    33.4176    134.011    -0.0224      7.782    81.4649 1.0381e-03 -0.6641145    25.8662  0.000e+00
     54.403     54.859     9.0891  35.738887    33.4179    133.993    -0.0224      7.782    81.8780 1.4574e-03 -0.6309949    25.8662  0.000e+00
     53.385     53.833     9.0971  35.745301    33.4175    134.400    -0.0297      7.782    81.6456 2.1643e-03  1.2568256    25.8646  0.000e+00
     52.726     53.169     9.0997  35.747273    33.4175    134.381    -0.0224      7.787    81.6973 2.7370e-03 -0.1010803    25.8642  0.000e+00
     52.671     53.113     9.1080  35.753999    33.4167    134.074    -0.0150      7.782    81.8264 3.6082e-03 -0.6641145    25.8622  0.000e+00
     52.994     53.439     9.0953  35.744004    33.4181    134.566    -0.0297      7.787    81.8264 3.7548e-03 -0.6641145    25.8653  0.000e+00
     53.293     53.740     9.1099  35.756223    33.4169    134.528    -0.0224      7.787    81.7489 2.1643e-03 -0.6641145    25.8621  0.000e+00
     52.782     53.225     9.1157  35.761590    33.4173    134.220    -0.0150      7.787    82.2653 1.0381e-03 -0.6641145    25.8615  0.000e+00
     51.676     52.110     9.1455  35.787017    33.4162    134.110    -0.0077      7.787    82.6785 8.9907e-04 -0.6641145    25.8559  0.000e+00
     50.841     51.268     9.1524  35.791706    33.4151    134.971    -0.0150      7.792    82.8592 1.1775e-03 -0.6309949    25.8539  0.000e+00
     50.520     50.943     9.1394  35.781025    33.4163    135.453    -0.0077      7.792    83.2724 1.0381e-03 -0.2666786    25.8570  0.000e+00
     50.387     50.809     9.1627  35.801027    33.4153    135.266    -0.0077      7.792    83.1691 3.4620e-03  1.2237060    25.8524  0.000e+00
     50.221     50.642     9.2060  35.838759    33.4139    134.851     0.0069      7.791    83.2466 3.4620e-03  0.3957145    25.8445  0.000e+00
     50.316     50.738     9.2111  35.843330    33.4138    135.451     0.0143      7.791    84.5118 2.5932e-03 -0.5978752    25.8435  0.000e+00
     50.506     50.929     9.2152  35.847408    33.4142    136.333     0.0216      7.796    84.2536 6.2223e-04 -0.6972342    25.8432  0.000e+00
     50.586     51.011     9.2052  35.838637    33.4144    136.701     0.0289      7.801    84.7700 2.4498e-03 -0.6972342    25.8450  0.000e+00
     50.380     50.802     9.2166  35.849075    33.4146    136.549     0.0289      7.801    85.4414 1.7390e-03 -0.6972342    25.8433  0.000e+00
     50.075     50.495     9.2337  35.864458    33.4147    136.824     0.0216      7.801    85.8029 1.8804e-03 -0.3991573    25.8406  0.000e+00
     49.968     50.387     9.2471  35.875827    33.4140    136.948     0.0069      7.801    85.4672 2.8812e-03  0.8925094    25.8379  0.000e+00
     50.036     50.456     9.2703  35.896098    33.4132    136.766     0.0143      7.805    85.5189 2.0221e-03 -0.4985162    25.8336  0.000e+00
     50.257     50.678     9.2586  35.885777    33.4134    137.419     0.0143      7.805    85.7254 2.1643e-03 -0.6972342    25.8356  0.000e+00
     50.639     51.064     9.2186  35.850868    33.4145    138.165     0.0216      7.806    86.0095 1.3173e-03 -0.6972342    25.8429  0.000e+00
     50.923     51.351     9.1837  35.821530    33.4166    137.720     0.0069      7.806    86.0869 1.4574e-03 -0.6972342    25.8501  0.000e+00
     50.681     51.107     9.2040  35.839687    33.4166    137.094    -0.0004      7.801    85.8287 7.6046e-04 -0.6972342    25.8469  0.000e+00
     50.163     50.584     9.2498  35.878546    33.4141    136.944    -0.0004      7.805    86.0869 6.2223e-04 -0.6972342    25.8376  0.000e+00
     49.994     50.413     9.2605  35.887136    33.4132    136.464     0.0069      7.805    86.1386 1.0381e-03 -0.4322769    25.8352  0.000e+00
     50.333     50.755     9.2529  35.881266    33.4140    136.938     0.0069      7.805    85.9837 7.6046e-04 -0.0348410    25.8370  0.000e+00
     50.754     51.179     9.2138  35.847285    33.4152    137.791     0.0069      7.806    85.9320 4.8439e-04 -0.6972342    25.8442  0.000e+00
     50.901     51.328     9.1968  35.833635    33.4169    138.013     0.0143      7.806    86.0611 1.1775e-03  0.4619538    25.8482  0.000e+00
     50.798     51.224     9.2036  35.839626    33.4168    137.264     0.0289      7.806    86.0095 1.1775e-03  0.2301162    25.8471  0.000e+00
     50.560     50.984     9.2288  35.860876    33.4154    136.459     0.0289      7.805    86.0611 2.0988e-04 -0.6972342    25.8420  0.000e+00
     50.335     50.757     9.2485  35.877373    33.4141    136.673     0.0216      7.810    86.2161 3.4694e-04 -0.6972342    25.8378  0.000e+00
     50.300     50.721     9.2620  35.889176    33.4137    136.909     0.0289      7.810    86.2677 2.3069e-03 -0.1342000    25.8353  0.000e+00
     50.510     50.934     9.2461  35.875396    33.4142    137.408    -0.0004      7.810    85.9837 2.4498e-03 -0.2666786    25.8383  0.000e+00
     50.866     51.292     9.2069  35.841356    33.4155    137.982    -0.0004      7.806    86.0095 1.0381e-03 -0.6641145    25.8455  0.000e+00
     51.120     51.549     9.1819  35.820110    33.4168    137.785    -0.0077      7.806    86.0353 2.4498e-03 -0.5647556    25.8506  0.000e+00
     51.064     51.492     9.1827  35.821345    33.4173    137.055    -0.0004      7.806    85.6738 7.6046e-04 -0.6641145    25.8508  0.000e+00
     50.793     51.220     9.2162  35.850313    33.4161    136.501     0.0069      7.806    85.9062 1.8804e-03 -0.6972342    25.8445  0.000e+00
     50.501     50.924     9.2336  35.865077    33.4152    136.276     0.0069      7.805    86.3193 1.1775e-03 -0.6972342    25.8411  0.000e+00
     50.308     50.730     9.2455  35.873171    33.4126    136.072     0.0216      7.805    86.3193 1.5980e-03 -0.6972342    25.8371  0.000e+00
     50.433     50.856     9.2459  35.875396    33.4145    136.794     0.0216      7.805    86.2419 1.7390e-03 -0.2004393    25.8385  0.000e+00
     50.958     51.385     9.1978  35.833079    33.4154    137.679    -0.0077      7.806    85.9320 1.8804e-03 -0.4653966    25.8469  0.000e+00
     51.403     51.835     9.1723  35.812145    33.4174    137.486    -0.0004      7.801    85.8804 1.0381e-03 -0.6641145    25.8525  0.000e+00
     51.127     51.556     9.1925  35.829559    33.4166    137.138    -0.0004      7.801    85.3898 2.5932e-03 -0.6972342    25.8487  0.000e+00
     50.411     50.834     9.2165  35.850497    33.4162    136.605    -0.0150      7.806    85.9578 3.1707e-03 -0.6972342    25.8446  0.000e+00
     50.101     50.521     9.2434  35.873417    33.4149    136.072    -0.0077      7.805    86.1386 2.8812e-03  0.7931504    25.8392  0.000e+00
     50.417     50.840     9.2319  35.862976    33.4147    136.838    -0.0004      7.805    85.8546 3.0257e-03  1.0912274    25.8409  0.000e+00
     50.972     51.399     9.1918  35.827891    33.4156    137.251    -0.0004      7.806    85.7254 2.7370e-03 -0.6972342    25.8480  0.000e+00
     51.382     51.813     9.1739  35.813195    33.4170    137.034    -0.0004      7.801    85.7254 3.0257e-03 -0.6972342    25.8520  0.000e+00
     51.382     51.813     9.1760  35.814985    33.4168    137.027     0.0143      7.801    85.3898 2.5932e-03 -0.6641145    25.8515  0.000e+00
     50.933     51.361     9.2125  35.846607    33.4157    136.014     0.0069      7.801    85.4930 2.0221e-03 -0.6972342    25.8448  0.000e+00
     50.335     50.757     9.2180  35.850990    33.4153    135.987     0.0143      7.806    85.9578 2.1643e-03 -0.6641145    25.8437  0.000e+00
     50.097     50.517     9.2244  35.856920    33.4155    136.520     0.0069      7.806    85.9578 2.7370e-03 -0.6972342    25.8428  0.000e+00
     50.547     50.971     9.2147  35.847655    33.4149    136.559    -0.0077      7.806    85.8029 3.1707e-03 -0.6972342    25.8438  0.000e+00
     51.245     51.675     9.1774  35.816158    33.4168    137.133    -0.0150      7.801    85.6480 3.3161e-03 -0.6972342    25.8513  0.000e+00
     51.365     51.796     9.1829  35.821408    33.4170    137.117    -0.0077      7.801    85.4930 1.1775e-03 -0.6972342    25.8506  0.000e+00
     50.853     51.279     9.1961  35.831658    33.4156    136.343    -0.0004      7.801    85.3898 2.0988e-04 -0.6641145    25.8473  0.000e+00
     50.432     50.855     9.2053  35.840304    33.4161    136.306    -0.0004      7.801    85.9320 3.4694e-04 -0.6972342    25.8463  0.000e+00
     50.522     50.945     9.2010  35.836166    33.4158    136.601    -0.0004      7.801    85.7771 1.1775e-03 -0.6972342    25.8468  0.000e+00
     50.857     51.284     9.1843  35.821653    33.4162    136.658    -0.0004      7.801    85.6480 1.0381e-03 -0.4985162    25.8497  0.000e+00
     51.099     51.528     9.1775  35.815911    33.4166    136.683    -0.0077      7.801    85.4672 2.0221e-03  0.8925094    25.8511  0.000e+00
     51.016     51.444     9.1772  35.815663    33.4166    136.236     0.0069      7.801    85.0541 2.7370e-03 -0.3991573    25.8512  0.000e+00
     50.707     51.132     9.1874  35.824370    33.4162    136.199     0.0143      7.801    85.2090 2.5932e-03 -0.6972342    25.8492  0.000e+00
     50.621     51.045     9.1908  35.827396    33.4162    136.467     0.0069      7.801    85.5705 2.4498e-03 -0.5978752    25.8486  0.000e+00
     50.856     51.282     9.1820  35.819492    33.4162    136.051    -0.0004      7.801    85.2865 3.9018e-03 -0.1342000    25.8501  0.000e+00
     50.915     51.342     9.1792  35.817269    33.4164    136.061    -0.0004      7.801    85.1574 2.1643e-03  0.4950735    25.8507  0.000e+00
     50.701     51.127     9.1852  35.822579    33.4164    136.318     0.0069      7.801    85.0283 3.6082e-03  0.5944325    25.8497  0.000e+00
     50.543     50.967     9.1919  35.828075    33.4159    136.295     0.0216      7.801    85.2348 3.4620e-03  0.1969966    25.8482  0.000e+00
     50.241     50.663     9.2012  35.836288    33.4158    136.261     0.0069      7.801    85.2865 2.8812e-03 -0.6972342    25.8467  0.000e+00
     49.745     50.162     9.2255  35.857908    33.4157    136.177     0.0069      7.801    85.5189 2.7370e-03 -0.6972342    25.8427  0.000e+00
     48.999     49.410     9.2633  35.891582    33.4156    136.492     0.0069      7.805    85.9062 3.6082e-03 -0.6972342    25.8366  0.000e+00
     48.157     48.561     9.3151  35.935966    33.4134    137.205    -0.0077      7.810    86.2935 3.9018e-03 -0.6972342    25.8266  0.000e+00
