Arg_L2_SF07_NV.cnv
* Sea-Bird SBE 9 Data File:
* FileName = S:\CTD_Data\CTD\Data\Argentina 2014\Data\Arg_L2_SF07.hex
* Software Version Seasave V 7.21g
* Temperature SN = 5769
* Conductivity SN = 4244
* Number of Bytes Per Scan = 31
* Number of Voltage Words = 4
* Number of Scans Averaged by the Deck Unit = 24
* NMEA Latitude = 45 56.70 S
* NMEA Longitude = 065 33.48 W
* NMEA UTC (Time) = Feb 07 2014 05:09:48
* NMEA baud rate = 9600
** R/V Coriolis II
** MARES project, ARGENTINA 2014
** Chief scientist : Dr. Gustavo Ferreyra
** Co-Chief scientist : Dr. José Luis Esteves
# nquan = 13
# nvalues = 803                                   
# units = specified
# name 0 = depSM: Depth [salt water, m]
# name 1 = prDM: Pressure, Digiquartz [db]
# name 2 = t090C: Temperature [ITS-90, deg C]
# name 3 = c0mS/cm: Conductivity [mS/cm]
# name 4 = sal00: Salinity, Practical [PSU]
# name 5 = sbeox0Mm/Kg: Oxygen, SBE 43 [umol/Kg]
# name 6 = flECO-AFL: Fluorescence, WET Labs ECO-AFL/FL [mg/m^3]
# name 7 = ph: pH
# name 8 = CStarTr0: Beam Transmission, WET Labs C-Star [%]
# name 9 = par: PAR/Irradiance, Biospherical/Licor
# name 10 = upoly0: Upoly 0, Nitrate
# name 11 = sigma-é00: Density [sigma-theta, Kg/m^3]
# name 12 = flag:  0.000e+00
# span 0 =     -0.420,     83.554                 
# span 1 =     -0.424,     84.263                 
# span 2 =     9.4864,    13.8041                 
# span 3 =   2.851500,  39.877244                 
# span 4 =     1.9289,    33.2850                 
# span 5 =    139.425,    274.501                 
# span 6 =    -0.1249,     1.0839                 
# span 7 =      7.819,      8.216                 
# span 8 =    46.7604,    97.5518                 
# span 9 = 1.0000e-12, 1.2321e+00                 
# span 10 = -0.7303538,  4.5687915                
# span 11 =     0.7874,    25.6984                
# span 12 = 0.0000e+00, 0.0000e+00                
# interval = seconds: 1
# start_time = Feb 07 2014 05:09:48 [NMEA time, header]
# bad_flag = -9.990e-29
*END*
[from data line 667]
      2.843      2.866    13.7568  39.815880    33.2375    222.015     0.9080      8.211    94.9696 1.0000e-12 -0.6309949    24.8755  0.000e+00
      2.640      2.662    13.7568  39.815751    33.2375    221.808     0.8934      8.211    94.9438 1.0000e-12 -0.5978752    24.8755  0.000e+00
      2.470      2.490    13.7569  39.815750    33.2375    221.652     0.9813      8.211    94.9696 1.0000e-12 -0.5978752    24.8755  0.000e+00
      2.729      2.751    13.7570  39.815944    33.2375    221.306     1.0106      8.211    94.9438 1.0000e-12 -0.6309949    24.8755  0.000e+00
      3.109      3.135    13.7570  39.816074    33.2375    221.519     0.9227      8.211    95.0471 7.3199e-05 -0.5978752    24.8754  0.000e+00
      2.912      2.936    13.7568  39.816009    33.2376    222.420     0.9154      8.211    95.0729 1.0000e-12 -0.5978752    24.8756  0.000e+00
      2.472      2.493    13.7568  39.815750    33.2376    222.761     0.9007      8.211    94.9954 1.0000e-12 -0.5647556    24.8755  0.000e+00
      2.647      2.669    13.7570  39.815879    33.2375    220.599     0.8934      8.211    94.9438 1.0000e-12 -0.5978752    24.8754  0.000e+00
      3.081      3.107    13.7570  39.816203    33.2376    221.114     0.9007      8.211    94.9180 3.0257e-03 -0.6309949    24.8755  0.000e+00
      2.864      2.888    13.7569  39.815687    33.2373    222.470     0.8861      8.211    94.9954 8.8324e-03 -0.6309949    24.8753  0.000e+00
      2.468      2.489    13.7575  39.816330    33.2375    222.405     0.8861      8.211    94.9954 1.0000e-12 -0.5978752    24.8754  0.000e+00
      2.854      2.878    13.7578  39.816847    33.2376    221.860     0.9300      8.211    94.9954 7.3199e-05 -0.6309949    24.8754  0.000e+00
      3.302      3.330    13.7577  39.817042    33.2377    224.139     0.8641      8.216    95.0471 8.6715e-03 -0.5978752    24.8754  0.000e+00
      2.970      2.994    13.7577  39.816976    33.2377    223.274     0.8274      8.211    95.0213 3.7548e-03 -0.6309949    24.8755  0.000e+00
      2.426      2.446    13.7574  39.816201    33.2376    221.143     0.8421      8.211    94.9438 1.0000e-12 -0.6309949    24.8754  0.000e+00
      2.292      2.311    13.7574  39.815878    33.2373    221.040     0.9666      8.211    95.0471 1.0000e-12 -0.5978752    24.8752  0.000e+00
      2.546      2.567    13.7576  39.816394    33.2375    221.449     0.9300      8.211    94.8663 1.0000e-12 -0.5978752    24.8753  0.000e+00
      2.753      2.776    13.7575  39.815622    33.2367    222.212     0.9154      8.211    94.8405 1.0000e-12 -0.6309949    24.8747  0.000e+00
      2.847      2.871    13.7579  39.816911    33.2376    220.802     0.8787      8.211    94.8922 1.0000e-12 -0.5647556    24.8753  0.000e+00
      2.988      3.013    13.7578  39.816847    33.2375    221.662     0.8934      8.211    94.8147 1.0000e-12 -0.5978752    24.8753  0.000e+00
      2.938      2.962    13.7576  39.816782    33.2376    223.173     0.9447      8.211    94.9180 1.0000e-12 -0.6309949    24.8754  0.000e+00
      2.635      2.657    13.7570  39.815493    33.2371    221.506     0.9959      8.211    94.8147 1.0000e-12 -0.6309949    24.8751  0.000e+00
      2.488      2.509    13.7575  39.816587    33.2377    221.447     1.0472      8.211    94.7631 1.0000e-12 -0.6309949    24.8755  0.000e+00
      2.839      2.863    13.7573  39.816331    33.2376    222.769     1.0326      8.211    94.5307 1.0000e-12 -0.5978752    24.8755  0.000e+00
      3.070      3.096    13.7573  39.816268    33.2374    221.869     0.8934      8.211    94.6081 1.0000e-12 -0.5978752    24.8753  0.000e+00
      2.805      2.828    13.7576  39.816717    33.2376    222.161     0.9373      8.211    94.7114 1.0000e-12 -0.5978752    24.8754  0.000e+00
      2.501      2.522    13.7576  39.816330    33.2374    222.909     0.9959      8.211    94.9180 1.0000e-12 -0.6309949    24.8752  0.000e+00
      2.483      2.503    13.7586  39.817360    33.2375    222.148     1.0619      8.216    94.8405 1.0000e-12 -0.6309949    24.8751  0.000e+00
      2.663      2.685    13.7589  39.817297    33.2371    221.950     0.9300      8.211    94.8147 1.0000e-12 -0.5978752    24.8747  0.000e+00
      2.741      2.763    13.7587  39.817555    33.2375    222.155     0.9520      8.211    94.8147 1.0000e-12 -0.5978752    24.8751  0.000e+00
      2.920      2.944    13.7589  39.817555    33.2373    222.159     0.9447      8.211    94.8147 1.0000e-12 -0.5978752    24.8749  0.000e+00
      3.077      3.103    13.7585  39.817169    33.2372    222.165     0.9447      8.211    94.6339 1.0000e-12 -0.5978752    24.8749  0.000e+00
      3.008      3.033    13.7583  39.817362    33.2376    222.164     0.9373      8.211    94.8663 1.0000e-12 -0.5978752    24.8752  0.000e+00
      2.913      2.937    13.7576  39.816460    33.2374    221.812     0.9227      8.211    94.8663 1.0000e-12 -0.6309949    24.8752  0.000e+00
      2.727      2.749    13.7578  39.816717    33.2375    221.453     0.9373      8.216    94.8922 1.0000e-12 -0.5647556    24.8753  0.000e+00
      2.241      2.259    13.7573  39.815878    33.2374    221.996     0.9373      8.211    94.8663 1.0000e-12 -0.5316359    24.8753  0.000e+00
      2.034      2.050    13.7572  39.816070    33.2377    222.192     0.9666      8.211    94.8922 1.0000e-12 -0.6309949    24.8755  0.000e+00
      2.473      2.494    13.7573  39.816136    33.2375    222.355     0.9447      8.211    94.3757 1.0000e-12 -0.6309949    24.8754  0.000e+00
      2.987      3.012    13.7577  39.816718    33.2375    222.720     0.9080      8.211    94.9954 1.0000e-12 -0.6309949    24.8753  0.000e+00
      3.343      3.370    13.7582  39.817235    33.2374    222.879     0.8641      8.211    95.0213 1.0000e-12 -0.4985162    24.8751  0.000e+00
      3.290      3.318    13.7578  39.816977    33.2375    222.325     0.8348      8.211    94.9180 1.0000e-12 -0.4653966    24.8753  0.000e+00
      2.726      2.748    13.7582  39.815686    33.2363    222.107     0.8494      8.211    94.9696 1.0000e-12 -0.5647556    24.8742  0.000e+00
      2.354      2.373    13.7592  39.817682    33.2374    221.940     0.9300      8.211    94.9954 1.0000e-12 -0.5978752    24.8749  0.000e+00
      2.706      2.728    13.7598  39.818199    33.2372    221.947     0.9154      8.211    94.9696 1.0000e-12 -0.5978752    24.8746  0.000e+00
      3.076      3.102    13.7602  39.818651    33.2371    221.452     0.9007      8.211    94.7372 1.0000e-12 -0.5978752    24.8745  0.000e+00
      2.938      2.963    13.7612  39.819875    33.2374    222.853     0.9300      8.211    94.6339 1.0000e-12 -0.6309949    24.8745  0.000e+00
      2.610      2.632    13.7609  39.819422    33.2374    222.192     0.9300      8.211    94.8663 1.0000e-12 -0.5978752    24.8746  0.000e+00
      2.779      2.802    13.7604  39.818972    33.2374    221.040     0.9886      8.211    94.8663 1.0000e-12 -0.5978752    24.8746  0.000e+00
      3.024      3.050    13.7595  39.818458    33.2376    221.303     0.9959      8.211    94.8922 1.0000e-12 -0.6309949    24.8750  0.000e+00
      2.884      2.907    13.7586  39.817555    33.2375    221.857     0.8421      8.211    95.0987 1.0000e-12 -0.6309949    24.8751  0.000e+00
      2.562      2.584    13.7580  39.816781    33.2375    223.110     0.8274      8.211    94.9696 1.0000e-12 -0.5978752    24.8752  0.000e+00
      2.519      2.540    13.7583  39.817232    33.2377    221.848     0.9080      8.211    94.9180 1.0000e-12 -0.6309949    24.8753  0.000e+00
      2.957      2.982    13.7581  39.817233    33.2376    220.903     0.9666      8.216    95.0471 1.0000e-12 -0.5647556    24.8753  0.000e+00
      3.143      3.169    13.7582  39.817427    33.2377    221.513     0.9520      8.211    94.8663 1.0000e-12 -0.4985162    24.8753  0.000e+00
      2.763      2.786    13.7575  39.816588    33.2376    222.413     0.8787      8.211    94.9438 1.0000e-12 -0.5978752    24.8754  0.000e+00
      2.437      2.458    13.7574  39.816265    33.2376    221.699     0.9080      8.211    94.9438 1.0000e-12 -0.4985162    24.8754  0.000e+00
      2.669      2.691    13.7586  39.816781    33.2369    222.355     0.9227      8.211    94.8663 1.0000e-12 -0.4653966    24.8747  0.000e+00
      3.084      3.110    13.7588  39.816847    33.2367    222.417     0.9154      8.211    94.7372 1.0000e-12 -0.4653966    24.8744  0.000e+00
      3.286      3.313    13.7586  39.817428    33.2372    222.170     0.9666      8.211    94.1692 1.0000e-12 -0.4985162    24.8749  0.000e+00
      3.095      3.121    13.7584  39.817169    33.2372    222.720     0.9080      8.211    94.5307 1.0000e-12 -0.4653966    24.8750  0.000e+00
      2.797      2.820    13.7581  39.816717    33.2372    222.511     0.8348      8.211    94.6339 1.0000e-12 -0.4653966    24.8750  0.000e+00
      2.715      2.738    13.7577  39.816459    33.2374    221.956     0.9227      8.211    94.3757 1.0000e-12 -0.5647556    24.8752  0.000e+00
      2.664      2.687    13.7606  39.819358    33.2376    221.589     0.9447      8.211    94.3499 1.0000e-12 -0.5978752    24.8748  0.000e+00
      2.641      2.662    13.7602  39.818972    33.2376    222.144     0.8861      8.211    94.1692 1.0000e-12 -0.6309949    24.8748  0.000e+00
      2.956      2.981    13.7607  39.819488    33.2375    221.295     0.9300      8.211    94.4274 1.0000e-12 -0.5978752    24.8747  0.000e+00
      3.244      3.270    13.7609  39.819489    33.2372    221.101     0.9593      8.211    94.7889 1.0000e-12 -0.5647556    24.8744  0.000e+00
      3.176      3.202    13.7598  39.818909    33.2377    222.061     0.8934      8.211    94.8147 1.0000e-12 -0.6309949    24.8750  0.000e+00
      2.876      2.900    13.7601  39.818844    33.2374    222.757     0.8494      8.211    94.7889 1.0000e-12 -0.5978752    24.8748  0.000e+00
      2.555      2.576    13.7598  39.818263    33.2373    221.843     0.9080      8.211    94.5565 1.0000e-12 -0.6309949    24.8747  0.000e+00
      2.679      2.701    13.7598  39.818392    33.2374    221.090     0.9666      8.211    94.8663 1.0000e-12 -0.6309949    24.8748  0.000e+00
      3.034      3.059    13.7608  39.819682    33.2376    221.851     0.9520      8.211    94.7372 1.0000e-12 -0.6309949    24.8747  0.000e+00
      2.968      2.992    13.7602  39.818973    33.2374    222.759     0.9227      8.211    94.8405 1.0000e-12 -0.6309949    24.8747  0.000e+00
      2.744      2.767    13.7598  39.818521    33.2374    222.200     0.8274      8.211    94.8147 1.0000e-12 -0.5978752    24.8748  0.000e+00
      2.979      3.004    13.7601  39.818651    33.2372    222.507     0.9959      8.211    94.8147 1.0000e-12 -0.5978752    24.8746  0.000e+00
      3.081      3.106    13.7601  39.819102    33.2376    221.654     0.9593      8.211    94.8663 1.0000e-12 -0.5978752    24.8749  0.000e+00
      2.869      2.893    13.7593  39.818264    33.2376    221.248     0.8567      8.216    94.8663 1.0000e-12 -0.5978752    24.8751  0.000e+00
      2.895      2.919    13.7584  39.817555    33.2377    222.210     0.8787      8.211    94.7114 1.0000e-12 -0.6309949    24.8753  0.000e+00
      2.975      3.000    13.7583  39.817233    33.2375    222.214     0.9447      8.211    94.5565 1.0000e-12 -0.6309949    24.8752  0.000e+00
      2.644      2.666    13.7573  39.816266    33.2376    222.359     0.9447      8.211    94.6856 1.0000e-12 -0.5978752    24.8754  0.000e+00
      2.429      2.449    13.7573  39.816265    33.2377    221.648     0.9593      8.216    94.6081 1.0000e-12 -0.5978752    24.8755  0.000e+00
      2.784      2.807    13.7575  39.816331    33.2374    222.161     0.9447      8.216    94.5823 1.0000e-12 -0.5978752    24.8753  0.000e+00
      3.164      3.190    13.7581  39.817363    33.2377    221.867     0.9227      8.211    94.8405 1.0000e-12 -0.5978752    24.8754  0.000e+00
      2.968      2.993    13.7579  39.816718    33.2374    221.459     0.9520      8.211    94.9696 1.0000e-12 -0.4985162    24.8752  0.000e+00
      2.386      2.406    13.7574  39.816329    33.2376    222.201     0.8861      8.211    94.8147 1.0000e-12 -0.5316359    24.8754  0.000e+00
      2.415      2.435    13.7575  39.816329    33.2376    221.496     0.9080      8.211    94.7372 1.0000e-12 -0.5978752    24.8754  0.000e+00
      2.915      2.939    13.7576  39.816911    33.2378    221.308     0.8128      8.211    94.9438 1.0000e-12 -0.5978752    24.8756  0.000e+00
      3.064      3.090    13.7577  39.816976    33.2377    222.067     0.9373      8.211    94.9180 1.0000e-12 -0.5647556    24.8754  0.000e+00
      2.951      2.976    13.7576  39.816654    33.2376    222.065     0.9154      8.216    95.0471 1.0000e-12 -0.5978752    24.8754  0.000e+00
      2.649      2.671    13.7574  39.816459    33.2377    221.503     0.9154      8.211    94.9438 1.0000e-12 -0.5978752    24.8755  0.000e+00
      2.336      2.355    13.7574  39.816458    33.2378    221.846     0.8934      8.211    94.9696 1.0000e-12 -0.6309949    24.8755  0.000e+00
      2.257      2.276    13.7572  39.816136    33.2377    222.399     0.9154      8.211    95.0987 1.0000e-12 -0.6309949    24.8755  0.000e+00
      2.608      2.629    13.7572  39.816266    33.2377    222.560     0.9227      8.211    95.0213 1.0000e-12 -0.5978752    24.8755  0.000e+00
      3.088      3.114    13.7574  39.816654    33.2376    222.371     0.9593      8.211    95.0213 1.0000e-12 -0.5978752    24.8755  0.000e+00
      3.160      3.186    13.7574  39.816719    33.2377    221.819     0.9813      8.211    94.9696 1.0000e-12 -0.5978752    24.8755  0.000e+00
      2.895      2.919    13.7573  39.816525    33.2378    221.459     0.9666      8.211    95.0471 1.0000e-12 -0.5978752    24.8756  0.000e+00
      2.585      2.607    13.7571  39.816137    33.2377    223.064     1.0472      8.211    95.0729 1.0000e-12 -0.6309949    24.8756  0.000e+00
      2.530      2.551    13.7571  39.816201    33.2378    222.206     1.0106      8.211    94.8922 1.0000e-12 -0.6309949    24.8756  0.000e+00
      2.846      2.870    13.7571  39.816331    33.2377    221.760     1.0179      8.211    94.9696 1.0000e-12 -0.6309949    24.8756  0.000e+00
      3.063      3.088    13.7573  39.816396    33.2376    222.371     0.9886      8.211    95.0471 7.3199e-05 -0.6309949    24.8754  0.000e+00
      2.902      2.926    13.7575  39.816718    33.2377    221.811     1.0106      8.211    95.0987 1.0000e-12 -0.6309949    24.8755  0.000e+00
      2.986      3.010    13.7587  39.817878    33.2377    222.513     0.9740      8.211    95.0471 1.0000e-12 -0.5647556    24.8752  0.000e+00
      3.205      3.232    13.7585  39.817814    33.2378    222.722     1.0839      8.216    95.0213 1.0000e-12 -0.5647556    24.8753  0.000e+00
      2.904      2.928    13.7584  39.817491    33.2377    221.958     0.9959      8.211    94.7889 1.0000e-12 -0.5316359    24.8753  0.000e+00
      2.466      2.486    13.7577  39.816587    33.2376    220.891     0.9080      8.211    94.8663 1.0000e-12 -0.6309949    24.8753  0.000e+00
      2.408      2.428    13.7572  39.816136    33.2377    220.741     0.9593      8.211    94.9954 1.0000e-12 -0.5647556    24.8755  0.000e+00
      2.836      2.860    13.7582  39.817362    33.2377    221.706     0.9666      8.216    94.9696 1.0000e-12 -0.5978752    24.8754  0.000e+00
      3.358      3.385    13.7598  39.818781    33.2375    221.916     0.9080      8.211    94.8147 1.0000e-12 -0.5978752    24.8749  0.000e+00
      3.379      3.407    13.7592  39.818459    33.2377    222.774     0.9740      8.211    94.8663 1.0000e-12 -0.5978752    24.8751  0.000e+00
      3.132      3.158    13.7589  39.818007    33.2376    222.064     0.8641      8.216    94.9438 1.0000e-12 -0.5978752    24.8751  0.000e+00
      2.938      2.962    13.7575  39.816525    33.2375    221.107     1.0033      8.216    94.9180 1.0000e-12 -0.5978752    24.8753  0.000e+00
