Arg_L2_SF08_NV.cnv
* Sea-Bird SBE 9 Data File:
* FileName = S:\CTD_Data\CTD\Data\Argentina 2014\Data\Arg_L2_SF08.hex
* Software Version Seasave V 7.21g
* Temperature SN = 5769
* Conductivity SN = 4244
* Number of Bytes Per Scan = 31
* Number of Voltage Words = 4
* Number of Scans Averaged by the Deck Unit = 24
* NMEA Latitude = 45 56.92 S
* NMEA Longitude = 065 34.93 W
* NMEA UTC (Time) = Feb 07 2014 15:04:38
* NMEA baud rate = 9600
** R/V Coriolis II
** MARES project, ARGENTINA 2014
** Chief scientist : Dr. Gustavo Ferreyra
** Co-Chief scientist : Dr. José Luis Esteves
# nquan = 13
# nvalues = 469                                   
# units = specified
# name 0 = depSM: Depth [salt water, m]
# name 1 = prDM: Pressure, Digiquartz [db]
# name 2 = t090C: Temperature [ITS-90, deg C]
# name 3 = c0mS/cm: Conductivity [mS/cm]
# name 4 = sal00: Salinity, Practical [PSU]
# name 5 = sbeox0Mm/Kg: Oxygen, SBE 43 [umol/Kg]
# name 6 = flECO-AFL: Fluorescence, WET Labs ECO-AFL/FL [mg/m^3]
# name 7 = ph: pH
# name 8 = CStarTr0: Beam Transmission, WET Labs C-Star [%]
# name 9 = par: PAR/Irradiance, Biospherical/Licor
# name 10 = upoly0: Upoly 0, Nitrate
# name 11 = sigma-é00: Density [sigma-theta, Kg/m^3]
# name 12 = flag:  0.000e+00
# span 0 =     -0.316,     87.397                 
# span 1 =     -0.319,     88.139                 
# span 2 =     9.3872,    13.8481                 
# span 3 =   6.187211,  39.891406                 
# span 4 =     4.3799,    33.2961                 
# span 5 =    135.575,    267.072                 
# span 6 =    -0.1323,    29.3842                 
# span 7 =      7.800,      8.217                 
# span 8 =     9.4997,    97.5002                 
# span 9 = 1.0000e-12, 2.0023e+03                 
# span 10 = -0.7634735,  3.0121675                
# span 11 =     2.6558,    25.7231                
# span 12 = 0.0000e+00, 0.0000e+00                
# interval = seconds: 1
# start_time = Feb 07 2014 15:04:38 [NMEA time, header]
# bad_flag = -9.990e-29
*END*
[from data line 223]
     66.956     67.521     9.9649  36.326336    33.2027    157.854     0.0143      7.883    64.5258 9.8086e-02  1.8198598    25.5559  0.000e+00
     66.207     66.766     9.9638  36.326085    33.2038    160.393     0.0143      7.883    66.5141 1.2068e-01  1.9523385    25.5569  0.000e+00
     65.627     66.181     9.9838  36.340615    33.2005    161.197     0.0069      7.883    66.8498 1.3923e-01  1.9192188    25.5510  0.000e+00
     65.004     65.552     9.9915  36.346016    33.1992    161.347    -0.0004      7.883    66.9014 1.6574e-01  2.2835350    25.5486  0.000e+00
     64.220     64.761    10.0103  36.359120    33.1956    161.988    -0.0004      7.888    67.4695 2.0016e-01  0.0645179    25.5427  0.000e+00
     63.489     64.024    10.0276  36.371480    33.1925    162.469    -0.0004      7.893    67.3145 2.4420e-01  0.8593897    25.5374  0.000e+00
     62.850     63.379    10.0367  36.378312    33.1914    163.411    -0.0004      7.893    66.7723 2.8837e-01  1.5549026    25.5350  0.000e+00
     62.323     62.848    10.0522  36.388749    33.1881    164.168    -0.0004      7.897    67.4695 3.2425e-01  0.4950735    25.5297  0.000e+00
     61.762     62.282    10.0665  36.398690    33.1852    165.093    -0.0077      7.897    68.5282 3.6628e-01 -0.5316359    25.5251  0.000e+00
     60.726     61.237    10.1013  36.423113    33.1785    166.196    -0.0150      7.902    69.4836 4.5933e-01  0.3625949    25.5140  0.000e+00
     59.391     59.891    10.1311  36.443189    33.1722    167.045    -0.0077      7.911    68.9413 6.2608e-01  1.1243470    25.5040  0.000e+00
     58.509     59.001    10.1228  36.437030    33.1739    168.897    -0.0077      7.916    70.4132 7.6820e-01  1.0581077    25.5068  0.000e+00
     58.421     58.913    10.1002  36.421364    33.1788    170.820    -0.0150      7.921    70.1033 7.7976e-01 -0.6641145    25.5144  0.000e+00
     58.489     58.981    10.0961  36.417821    33.1789    171.725    -0.0297      7.916    70.5939 7.5003e-01  1.3561846    25.5151  0.000e+00
     57.704     58.190    10.1273  36.443432    33.1767    170.336    -0.0297      7.916    70.9554 8.6284e-01  1.8198598    25.5081  0.000e+00
     56.022     56.493    10.2023  36.494735    33.1607    169.472    -0.0224      7.925    71.3944 1.1792e+00  1.1574667    25.4829  0.000e+00
     54.551     55.009    10.2450  36.525592    33.1534    170.886    -0.0224      7.930    74.0540 1.5372e+00  0.2632359    25.4700  0.000e+00
     54.037     54.491    10.2306  36.515322    33.1565    173.966    -0.0297      7.934    75.3709 1.6478e+00  0.5944325    25.4748  0.000e+00
     54.190     54.645    10.2638  36.540901    33.1519    176.780    -0.0297      7.934    74.9836 1.5687e+00  0.2632359    25.4656  0.000e+00
     54.234     54.689    10.1866  36.482910    33.1639    177.713    -0.0297      7.939    75.6808 1.5461e+00 -0.0348410    25.4880  0.000e+00
     53.441     53.890    10.2378  36.523473    33.1584    177.004    -0.0297      7.939    75.7066 1.7561e+00  1.1243470    25.4751  0.000e+00
     52.051     52.488    10.3426  36.599483    33.1399    176.446    -0.0297      7.943    75.5517 2.2240e+00  0.9918684    25.4428  0.000e+00
     50.703     51.129    10.3863  36.631559    33.1330    177.064    -0.0297      7.953    79.1925 2.7260e+00  0.7600308    25.4299  0.000e+00
     49.844     50.262    10.3659  36.615420    33.1358    180.726    -0.0297      7.958    80.1996 3.0475e+00  0.5613128    25.4356  0.000e+00
     49.572     49.988    10.3639  36.615544    33.1378    184.070    -0.0297      7.958    79.1409 3.1628e+00  0.5281932    25.4375  0.000e+00
     49.527     49.943    10.3866  36.633361    33.1351    184.928    -0.0370      7.957    79.7090 3.1900e+00  0.6275521    25.4315  0.000e+00
     49.126     49.539    10.4063  36.650621    33.1346    184.946    -0.0370      7.962    80.3287 3.4063e+00  0.5944325    25.4277  0.000e+00
     48.159     48.563    10.4462  36.680284    33.1285    184.968    -0.0444      7.967    82.9883 3.8944e+00  0.2301162    25.4161  0.000e+00
     47.005     47.400    10.4704  36.699856    33.1267    185.561    -0.0370      7.971    81.9038 4.5279e+00 -0.4322769    25.4105  0.000e+00
     45.927     46.312    10.4916  36.716813    33.1249    186.842    -0.0297      7.971    82.9625 5.2038e+00 -0.1342000    25.4054  0.000e+00
     45.032     45.409    10.4990  36.722548    33.1244    188.602    -0.0224      7.976    83.6855 5.8290e+00  0.2963556    25.4037  0.000e+00
     44.598     44.971    10.5103  36.731465    33.1232    189.682    -0.0297      7.976    84.0729 6.1341e+00  0.1969966    25.4009  0.000e+00
     44.955     45.332    10.4835  36.710262    33.1262    190.688    -0.0370      7.981    84.3311 5.8290e+00 -0.5647556    25.4078  0.000e+00
     45.517     45.899    10.4843  36.711948    33.1269    191.001    -0.0370      7.981    84.3569 5.3233e+00  0.4619538    25.4083  0.000e+00
     45.366     45.746    10.4954  36.721052    33.1259    190.416    -0.0297      7.976    84.9508 5.6983e+00 -0.2004393    25.4056  0.000e+00
     44.943     45.319    10.5064  36.729408    33.1245    190.338    -0.0297      7.981    85.3898 5.9290e+00 -0.2997983    25.4026  0.000e+00
     44.917     45.294    10.5123  36.734398    33.1242    190.383    -0.0370      7.981    85.1315 5.9122e+00  0.1969966    25.4013  0.000e+00
     45.008     45.385    10.5150  36.736581    33.1239    190.862    -0.0297      7.981    85.4414 5.8455e+00 -0.7303538    25.4006  0.000e+00
     44.899     45.275    10.5164  36.737828    33.1240    192.014    -0.0297      7.981    85.8546 6.0478e+00  0.9256291    25.4004  0.000e+00
     44.903     45.279    10.5165  36.738015    33.1240    191.667    -0.0297      7.981    86.0353 6.0822e+00  1.4886632    25.4004  0.000e+00
     45.279     45.659    10.5154  36.737455    33.1243    191.913    -0.0297      7.985    85.9320 5.7633e+00  1.3230650    25.4008  0.000e+00
     45.617     46.000    10.5141  36.736459    33.1244    192.508    -0.0297      7.985    85.7771 5.4610e+00  1.3561846    25.4011  0.000e+00
     45.349     45.729    10.5138  36.736271    33.1245    192.155    -0.0297      7.985    85.7254 5.6181e+00 -0.0679607    25.4013  0.000e+00
     44.807     45.182    10.5139  36.736393    33.1248    192.048    -0.0370      7.985    85.6996 6.0822e+00 -0.0348410    25.4015  0.000e+00
     44.691     45.065    10.5148  36.737017    33.1247    192.204    -0.0297      7.985    85.6480 6.2040e+00 -0.1342000    25.4013  0.000e+00
     45.121     45.499    10.5161  36.738328    33.1246    192.372    -0.0297      7.985    85.7513 5.8955e+00 -0.4985162    25.4010  0.000e+00
     45.603     45.986    10.5148  36.737581    33.1248    192.134    -0.0297      7.985    85.7771 5.4147e+00  0.2963556    25.4014  0.000e+00
     45.647     46.030    10.5144  36.737207    33.1248    192.300    -0.0297      7.985    85.6738 5.3233e+00  0.1969966    25.4014  0.000e+00
     45.226     45.605    10.5144  36.737143    33.1249    192.289    -0.0297      7.985    85.7513 5.7633e+00  0.4619538    25.4015  0.000e+00
     44.729     45.104    10.5145  36.736892    33.1248    192.440    -0.0224      7.985    85.8029 6.1689e+00  1.1905863    25.4014  0.000e+00
     44.664     45.038    10.5152  36.737516    33.1248    192.435    -0.0297      7.985    85.8029 6.1167e+00  0.7600308    25.4013  0.000e+00
     45.125     45.503    10.5162  36.738703    33.1249    192.605    -0.0297      7.985    85.7771 5.7960e+00 -0.0017214    25.4012  0.000e+00
     45.699     46.083    10.5145  36.737582    33.1250    192.208    -0.0297      7.985    85.7254 5.3384e+00  0.1638769    25.4016  0.000e+00
     45.910     46.295    10.5137  36.737021    33.1252    192.380    -0.0297      7.985    85.7254 5.1891e+00  1.0581077    25.4018  0.000e+00
     45.510     45.892    10.5142  36.737269    33.1251    192.623    -0.0370      7.985    85.6222 5.5547e+00  1.1905863    25.4017  0.000e+00
     44.883     45.260    10.5149  36.737766    33.1252    192.349    -0.0370      7.985    85.7771 5.9966e+00 -0.4322769    25.4016  0.000e+00
     44.633     45.007    10.5153  36.737765    33.1250    192.341    -0.0370      7.990    85.8287 6.0994e+00  0.0976376    25.4014  0.000e+00
     44.930     45.307    10.5155  36.738265    33.1252    192.766    -0.0224      7.990    85.7771 5.7796e+00  0.6275521    25.4015  0.000e+00
     45.475     45.856    10.5153  36.738267    33.1251    192.780    -0.0224      7.990    85.7771 5.4455e+00 -0.5978752    25.4015  0.000e+00
     45.767     46.151    10.5140  36.737395    33.1253    192.537    -0.0297      7.990    85.6738 5.3536e+00 -0.5978752    25.4019  0.000e+00
     45.542     45.924    10.5146  36.737768    33.1252    192.112    -0.0370      7.990    85.6738 5.5705e+00 -0.3991573    25.4017  0.000e+00
     45.176     45.555    10.5152  36.738141    33.1252    192.518    -0.0297      7.990    85.7254 5.8455e+00 -0.2004393    25.4016  0.000e+00
     45.112     45.491    10.5156  36.738515    33.1252    192.770    -0.0224      7.990    85.8287 5.7796e+00 -0.4653966    25.4015  0.000e+00
     45.360     45.740    10.5156  36.738516    33.1252    192.521    -0.0224      7.990    85.8029 5.5547e+00 -0.2335590    25.4015  0.000e+00
     45.555     45.937    10.5147  36.737956    33.1253    192.112    -0.0150      7.990    85.8029 5.4301e+00  0.7931504    25.4018  0.000e+00
     45.506     45.887    10.5145  36.737831    33.1254    192.529    -0.0224      7.990    85.7254 5.5390e+00  1.0581077    25.4018  0.000e+00
     45.400     45.780    10.5151  36.738267    33.1254    192.361    -0.0224      7.990    85.8029 5.6661e+00  0.0645179    25.4017  0.000e+00
     45.339     45.719    10.5155  36.738516    33.1253    192.521    -0.0297      7.990    85.7771 5.6983e+00 -0.2335590    25.4016  0.000e+00
     45.127     45.505    10.5158  36.738765    33.1253    192.769    -0.0370      7.990    85.8287 5.8125e+00 -0.2335590    25.4016  0.000e+00
     44.549     44.923    10.5164  36.738950    33.1252    192.498    -0.0297      7.990    85.8546 6.2216e+00 -0.4653966    25.4014  0.000e+00
     44.030     44.399    10.5174  36.739572    33.1251    192.481    -0.0224      7.990    85.8287 6.5101e+00 -0.6309949    25.4011  0.000e+00
     43.592     43.957    10.5181  36.740007    33.1252    192.885    -0.0150      7.990    86.0095 6.8700e+00  1.0581077    25.4010  0.000e+00
     43.019     43.379    10.5216  36.742874    33.1250    193.273    -0.0150      7.990    86.1128 7.1477e+00  0.5944325    25.4003  0.000e+00
     42.069     42.421    10.5325  36.752852    33.1256    192.947    -0.0150      7.995    86.3968 7.6284e+00  0.2632359    25.3988  0.000e+00
     40.867     41.209    10.5692  36.781113    33.1211    192.929    -0.0224      7.999    87.2231 8.3511e+00  0.0313983    25.3890  0.000e+00
     39.980     40.315    10.5674  36.778988    33.1210    194.580    -0.0224      8.004    89.8311 8.7871e+00 -0.7634735    25.3892  0.000e+00
     39.611     39.943    10.5701  36.781296    33.1210    196.801    -0.0224      8.009    90.2959 8.9627e+00 -0.7634735    25.3887  0.000e+00
     39.398     39.727    10.5679  36.779423    33.1212    198.287    -0.0224      8.009    89.7020 9.0135e+00 -0.7634735    25.3893  0.000e+00
     38.870     39.195    10.6130  36.818370    33.1195    199.045    -0.0150      8.008    92.4907 9.2458e+00 -0.7634735    25.3801  0.000e+00
     37.881     38.197    10.6557  36.857644    33.1205    198.555    -0.0077      8.013    94.0659 9.8388e+00 -0.7634735    25.3735  0.000e+00
     36.778     37.086    10.7423  36.938558    33.1233    199.105    -0.0004      8.017    93.0846 1.0649e+01 -0.6641145    25.3605  0.000e+00
     35.944     36.245    10.7961  36.987515    33.1238    200.148    -0.0004      8.017    93.8593 1.1299e+01 -0.6972342    25.3514  0.000e+00
     35.478     35.774    10.8824  37.072614    33.1306    200.295    -0.0077      8.022    94.2724 1.1267e+01 -0.7634735    25.3416  0.000e+00
     35.172     35.466    10.9844  37.168945    33.1343    199.813    -0.0004      8.026    94.5565 1.1299e+01 -0.7634735    25.3264  0.000e+00
     34.715     35.005    11.1781  37.350855    33.1399    198.928     0.0143      8.030    94.9954 1.1922e+01 -0.6972342    25.2962  0.000e+00
     33.871     34.154    11.2880  37.447784    33.1371    200.109     0.0216      8.044    95.1762 1.2229e+01 -0.6641145    25.2742  0.000e+00
     32.931     33.206    11.6279  37.768881    33.1478    199.439     0.0216      8.061    94.9180 1.2367e+01 -0.6309949    25.2207  0.000e+00
     32.147     32.416    11.8193  37.973759    33.1770    201.435     0.0289      8.084    95.6668 1.3197e+01 -0.5647556    25.2080  0.000e+00
     31.421     31.683    12.7392  38.826253    33.1830    202.460     0.0582      8.104    96.1574 1.3498e+01 -0.5647556    25.0375  0.000e+00
     30.736     30.992    12.9678  39.053663    33.1985    209.350     0.0362      8.126    96.5706 1.3384e+01 -0.7634735    25.0047  0.000e+00
     30.214     30.467    13.2655  39.337619    33.2064    214.343     0.0289      8.139    96.8030 1.3963e+01 -0.7634735    24.9516  0.000e+00
     29.772     30.021    13.3463  39.412328    33.2063    216.755     0.1388      8.148    96.9321 1.4241e+01 -0.6972342    24.9354  0.000e+00
     29.326     29.571    13.4444  39.517212    33.2194    217.466     0.2633      8.157    97.0095 1.4362e+01 -0.5978752    24.9258  0.000e+00
     28.631     28.870    13.4214  39.495248    33.2191    217.972     0.3000      8.161    96.9063 1.4857e+01 -0.7634735    24.9301  0.000e+00
     27.894     28.126    13.4476  39.523630    33.2232    217.832     0.2780      8.171    96.7771 1.5282e+01 -0.7634735    24.9280  0.000e+00
     27.456     27.685    13.5444  39.615323    33.2249    217.486     0.2560      8.170    96.8030 1.6169e+01 -0.7634735    24.9097  0.000e+00
     27.206     27.433    13.5293  39.609152    33.2324    217.419     0.2926      8.175    96.8030 1.5719e+01 -0.7634735    24.9186  0.000e+00
     26.962     27.187    13.6559  39.726666    33.2322    217.122     0.4465      8.174    96.3640 1.5025e+01 -0.7634735    24.8927  0.000e+00
     26.455     26.675    13.6561  39.725441    33.2312    218.731     0.7688      8.179    95.5119 1.5942e+01 -0.7634735    24.8919  0.000e+00
     25.767     25.982    13.6275  39.698862    33.2314    219.041     0.8934      8.179    95.7185 1.6915e+01 -0.7634735    24.8978  0.000e+00
     25.264     25.475    13.6481  39.719001    33.2326    218.717     0.7395      8.184    96.1058 1.7058e+01 -0.6309949    24.8945  0.000e+00
     25.283     25.494    13.7047  39.773589    33.2343    218.706     0.6882      8.188    95.9508 1.6915e+01 -0.6972342    24.8843  0.000e+00
     25.448     25.660    13.7157  39.784988    33.2353    219.265     0.6882      8.188    95.9767 1.6725e+01 -0.5316359    24.8828  0.000e+00
     25.375     25.586    13.7230  39.794133    33.2375    218.970     0.7542      8.188    95.6152 1.6537e+01 -0.6641145    24.8830  0.000e+00
     25.168     25.378    13.7240  39.794969    33.2375    218.855     0.9886      8.188    94.8663 1.6537e+01 -0.6309949    24.8828  0.000e+00
     25.046     25.254    13.7190  39.790589    33.2378    219.380     1.1425      8.188    94.6339 1.6491e+01 -0.5316359    24.8841  0.000e+00
     25.054     25.263    13.7162  39.788335    33.2382    219.696     1.1864      8.188    94.7114 1.7155e+01 -0.6972342    24.8849  0.000e+00
     25.074     25.283    13.7175  39.790525    33.2390    219.281     1.1791      8.193    94.6339 1.6631e+01 -0.5978752    24.8853  0.000e+00
     25.264     25.475    13.7153  39.788530    33.2390    219.955     1.1351      8.193    94.6081 1.5853e+01 -0.7634735    24.8858  0.000e+00
     25.476     25.689    13.7047  39.778742    33.2390    220.009     1.1425      8.193    94.5823 1.5942e+01 -0.5316359    24.8879  0.000e+00
