Arg_Leg3_G02_NV.cnv
* Sea-Bird SBE 9 Data File:
* FileName = S:\CTD_Data\CTD\Data\Argentina 2014\Data\Leg3\Arg_Leg3_G02.hex
* Software Version Seasave V 7.21g
* Temperature SN = 5769
* Conductivity SN = 4244
* Number of Bytes Per Scan = 31
* Number of Voltage Words = 4
* Number of Scans Averaged by the Deck Unit = 24
* NMEA Latitude = 46 14.42 S
* NMEA Longitude = 066 53.98 W
* NMEA UTC (Time) = Feb 15 2014 22:34:12
* NMEA baud rate = 9600
** R/V Coriolis II
** MARES project, ARGENTINA 2014
** Chief scientist : Dr. Gustavo Ferreyra
** Co-Chief scientist : Dr. José Luis Esteves
# nquan = 13
# nvalues = 654                                   
# units = specified
# name 0 = depSM: Depth [salt water, m]
# name 1 = prDM: Pressure, Digiquartz [db]
# name 2 = t090C: Temperature [ITS-90, deg C]
# name 3 = c0mS/cm: Conductivity [mS/cm]
# name 4 = sal00: Salinity, Practical [PSU]
# name 5 = sbeox0Mm/Kg: Oxygen, SBE 43 [umol/Kg]
# name 6 = flECO-AFL: Fluorescence, WET Labs ECO-AFL/FL [mg/m^3]
# name 7 = ph: pH
# name 8 = CStarTr0: Beam Transmission, WET Labs C-Star [%]
# name 9 = par: PAR/Irradiance, Biospherical/Licor
# name 10 = upoly0: Upoly 0, Nitrate
# name 11 = sigma-é00: Density [sigma-theta, Kg/m^3]
# name 12 = flag:  0.000e+00
# span 0 =     -0.076,     84.716                 
# span 1 =     -0.077,     85.437                 
# span 2 =     7.7900,    15.2285                 
# span 3 =   5.405796,  41.366006                 
# span 4 =     3.6620,    33.4447                 
# span 5 =    125.505,    268.728                 
# span 6 =    -0.1542,    29.3476                 
# span 7 =      7.648,      8.225                 
# span 8 =    43.1712,    96.5964                 
# span 9 = 1.0000e-12, 2.0417e+02                 
# span 10 = -0.7303538,  7.8476376                
# span 11 =     1.8942,    26.0747                
# span 12 = 0.0000e+00, 0.0000e+00                
# interval = seconds: 1
# start_time = Feb 15 2014 22:34:12 [NMEA time, header]
# bad_flag = -9.990e-29
*END*
[from data line 334]
     59.388     59.890     8.1887  34.939854    33.4268    134.235    -0.0297      7.699    81.4907 2.8728e-02  1.6211419    26.0114  0.000e+00
     59.302     59.803     8.2078  34.957101    33.4270    134.345    -0.0297      7.699    81.3616 2.9601e-02  1.9854581    26.0087  0.000e+00
     59.528     60.031     8.2135  34.962057    33.4268    134.031    -0.0297      7.699    81.2325 2.7650e-02 -0.6309949    26.0077  0.000e+00
     59.803     60.308     8.1868  34.939367    33.4279    133.346    -0.0297      7.699    81.4132 2.4712e-02  0.7269111    26.0126  0.000e+00
     59.853     60.358     8.1659  34.922001    33.4293    132.938    -0.0370      7.699    81.9555 2.6377e-02  0.7600308    26.0168  0.000e+00
     59.560     60.063     8.1896  34.942057    33.4283    133.634    -0.0370      7.699    81.7489 2.6588e-02 -0.6641145    26.0124  0.000e+00
     59.332     59.833     8.2056  34.955695    33.4276    134.352    -0.0297      7.699    81.0775 2.7437e-02 -0.6641145    26.0095  0.000e+00
     59.453     59.955     8.2129  34.962179    33.4275    134.031    -0.0224      7.699    81.1808 2.7865e-02 -0.6641145    26.0084  0.000e+00
     59.629     60.133     8.1973  34.948968    33.4282    133.311    -0.0224      7.699    81.4907 2.8511e-02 -0.6641145    26.0113  0.000e+00
     59.609     60.113     8.1898  34.943280    33.4293    133.332    -0.0297      7.704    81.7747 2.7011e-02 -0.4653966    26.0132  0.000e+00
     59.370     59.871     8.2041  34.955512    33.4288    133.585    -0.0297      7.699    81.5165 2.8511e-02  5.8604581    26.0107  0.000e+00
     59.225     59.725     8.2156  34.964870    33.4279    134.489    -0.0297      7.699    81.0517 3.0262e-02  1.4224239    26.0083  0.000e+00
     59.295     59.795     8.2198  34.968540    33.4278    134.478    -0.0297      7.699    81.0775 3.0262e-02 -0.0679607    26.0075  0.000e+00
     59.411     59.913     8.2139  34.963708    33.4281    133.427    -0.0297      7.699    81.2066 2.9382e-02  0.8593897    26.0087  0.000e+00
     59.477     59.980     8.2096  34.960405    33.4287    132.970    -0.0297      7.699    81.2841 3.0484e-02  0.8593897    26.0098  0.000e+00
     59.568     60.071     8.2099  34.960528    33.4286    132.799    -0.0297      7.699    81.3616 2.9163e-02 -0.4322769    26.0097  0.000e+00
     59.562     60.066     8.2092  34.960222    33.4288    133.101    -0.0297      7.699    81.4132 2.8945e-02  0.2963556    26.0100  0.000e+00
     59.367     59.868     8.2182  34.967562    33.4282    133.370    -0.0297      7.699    81.2583 3.0484e-02  0.7600308    26.0081  0.000e+00
     59.181     59.681     8.2341  34.981020    33.4275    133.318    -0.0297      7.699    80.9226 3.3885e-02 -0.6641145    26.0052  0.000e+00
     59.201     59.701     8.2365  34.983407    33.4276    133.311    -0.0297      7.695    80.9226 3.1827e-02 -0.6641145    26.0050  0.000e+00
     59.332     59.833     8.2321  34.979614    33.4277    132.856    -0.0297      7.695    80.9484 2.9821e-02 -0.2997983    26.0057  0.000e+00
     59.526     60.028     8.2186  34.968174    33.4283    131.958    -0.0297      7.699    80.9484 2.9821e-02 -0.1342000    26.0082  0.000e+00
     59.582     60.086     8.2117  34.962608    33.4291    131.809    -0.0297      7.699    81.2325 2.8511e-02 -0.6641145    26.0098  0.000e+00
     59.384     59.885     8.2218  34.971355    33.4288    132.374    -0.0370      7.699    81.1292 2.9382e-02  4.0719966    26.0080  0.000e+00
     59.258     59.758     8.2333  34.980776    33.4279    133.108    -0.0224      7.699    80.8968 3.2280e-02  3.7739197    26.0057  0.000e+00
     59.368     59.870     8.2293  34.977411    33.4280    133.592    -0.0224      7.699    80.8968 2.9163e-02  2.9459282    26.0063  0.000e+00
     59.618     60.121     8.2156  34.965850    33.4287    132.868    -0.0297      7.699    81.1292 2.7865e-02  2.4822530    26.0089  0.000e+00
     59.731     60.236     8.2033  34.955574    33.4295    132.136    -0.0224      7.699    81.4649 2.9821e-02 -0.3991573    26.0114  0.000e+00
     59.624     60.127     8.2114  34.962547    33.4293    132.881    -0.0297      7.699    81.5165 3.0041e-02 -0.6641145    26.0100  0.000e+00
     59.476     59.979     8.2193  34.968908    33.4285    133.626    -0.0297      7.699    81.1808 2.8945e-02 -0.4653966    26.0082  0.000e+00
     59.461     59.963     8.2187  34.968419    33.4285    133.798    -0.0297      7.699    81.1034 2.9163e-02 -0.0679607    26.0083  0.000e+00
     59.612     60.116     8.2104  34.961384    33.4290    133.527    -0.0297      7.699    81.2583 2.8945e-02  1.5217829    26.0099  0.000e+00
     59.745     60.250     8.1909  34.944932    33.4299    133.289    -0.0297      7.704    81.5165 2.8080e-02  0.0645179    26.0136  0.000e+00
     59.740     60.244     8.1848  34.939734    33.4302    133.308    -0.0297      7.704    81.7747 2.8945e-02 -0.6641145    26.0147  0.000e+00
     59.787     60.292     8.1808  34.935942    33.4300    133.794    -0.0297      7.704    81.9555 2.7011e-02 -0.4653966    26.0151  0.000e+00
     59.974     60.480     8.1467  34.904394    33.4288    134.851    -0.0370      7.704    82.0846 2.5540e-02  2.6147316    26.0192  0.000e+00
     60.040     60.547     8.1085  34.870657    33.4294    135.146    -0.0297      7.700    82.2395 2.4918e-02  1.2568256    26.0253  0.000e+00
     59.819     60.325     8.1468  34.905983    33.4305    134.416    -0.0370      7.700    82.0588 2.4098e-02  0.1307573    26.0206  0.000e+00
     59.600     60.103     8.2044  34.954778    33.4276    133.461    -0.0297      7.699    81.7489 2.7011e-02 -0.5978752    26.0097  0.000e+00
     59.753     60.258     8.1586  34.914725    33.4286    133.605    -0.0297      7.704    81.8005 2.7437e-02  0.0313983    26.0173  0.000e+00
     60.079     60.586     8.1078  34.868946    33.4282    134.072    -0.0297      7.700    82.1104 2.4302e-02  2.0848171    26.0245  0.000e+00
     60.080     60.588     8.0865  34.849700    33.4279    134.139    -0.0297      7.700    82.1104 2.3894e-02  2.2835350    26.0274  0.000e+00
     59.831     60.336     8.1174  34.877806    33.4285    134.037    -0.0297      7.695    81.9813 2.4507e-02  1.5880222    26.0233  0.000e+00
     59.790     60.295     8.1341  34.892963    33.4287    133.511    -0.0297      7.700    81.8522 2.7011e-02  1.5880222    26.0210  0.000e+00
     60.026     60.533     8.1115  34.870412    33.4262    133.588    -0.0297      7.700    82.1104 2.7224e-02 -0.4985162    26.0224  0.000e+00
     60.237     60.746     8.0477  34.812075    33.4248    134.095    -0.0297      7.695    82.1104 2.5748e-02  0.9256291    26.0307  0.000e+00
     60.236     60.745     8.0226  34.790704    33.4259    133.697    -0.0370      7.695    82.0588 2.3691e-02  2.6478513    26.0353  0.000e+00
     60.066     60.574     8.0517  34.816899    33.4262    133.603    -0.0370      7.695    82.0846 2.4302e-02  4.0057573    26.0312  0.000e+00
     59.956     60.462     8.0822  34.844262    33.4263    133.334    -0.0370      7.700    82.0071 2.7437e-02  0.0645179    26.0268  0.000e+00
     59.995     60.502     8.0795  34.841880    33.4263    133.343    -0.0297      7.695    82.0846 2.6377e-02 -0.0017214    26.0272  0.000e+00
     59.627     60.131     8.1163  34.877316    33.4292    133.522    -0.0370      7.695    82.1362 2.6377e-02  1.8860991    26.0240  0.000e+00
     58.971     59.469     8.1924  34.945235    33.4293    133.745    -0.0370      7.699    81.9038 3.1153e-02  5.8273385    26.0128  0.000e+00
     58.174     58.665     8.2398  34.985606    33.4273    134.054    -0.0297      7.699    81.5423 3.5286e-02  2.6478513    26.0042  0.000e+00
     57.346     57.830     8.2802  35.020853    33.4268    133.615    -0.0297      7.699    81.1292 4.1385e-02  3.1446462    25.9977  0.000e+00
     56.652     57.130     8.3348  35.068485    33.4256    133.137    -0.0297      7.699    80.8451 4.5520e-02  2.0848171    25.9886  0.000e+00
     56.152     56.626     8.3849  35.111363    33.4236    132.042    -0.0150      7.704    80.7160 4.9568e-02 -0.4653966    25.9795  0.000e+00
     55.617     56.086     8.4006  35.124474    33.4229    131.054    -0.0150      7.704    80.4578 5.4948e-02 -0.4985162    25.9766  0.000e+00
     54.945     55.409     8.4016  35.125575    33.4234    130.698    -0.0224      7.704    80.3287 6.0011e-02 -0.6641145    25.9768  0.000e+00
     54.215     54.672     8.4161  35.139178    33.4244    130.766    -0.0224      7.704    80.1996 6.8896e-02  0.2632359    25.9754  0.000e+00
     53.452     53.902     8.4711  35.186321    33.4224    130.251    -0.0150      7.708    80.1479 7.7797e-02  1.4886632    25.9655  0.000e+00
     52.724     53.169     8.5029  35.213857    33.4216    130.438    -0.0077      7.713    80.6644 8.8909e-02  0.7600308    25.9600  0.000e+00
     52.193     52.633     8.5423  35.247906    33.4205    131.359    -0.0077      7.717    81.2066 9.8086e-02 -0.2004393    25.9531  0.000e+00
     51.507     51.941     8.5675  35.269446    33.4196    132.194    -0.0077      7.727    82.0329 1.1143e-01 -0.4985162    25.9486  0.000e+00
     50.823     51.251     8.5863  35.285588    33.4191    133.678    -0.0150      7.732    83.2207 1.2404e-01 -0.0017214    25.9453  0.000e+00
     50.199     50.622     8.6459  35.338029    33.4183    134.737    -0.0150      7.736    83.8663 1.3765e-01  3.4427231    25.9355  0.000e+00
     49.548     49.965     8.7802  35.456106    33.4156    135.429    -0.0077      7.755    85.0024 1.5120e-01  0.1638769    25.9127  0.000e+00
     48.778     49.189     8.8473  35.511169    33.4104    137.696    -0.0150      7.769    85.4930 1.7247e-01 -0.4985162    25.8982  0.000e+00
     48.078     48.483     8.8936  35.549271    33.4070    140.188    -0.0150      7.773    85.1057 2.0016e-01 -0.1010803    25.8883  0.000e+00
     47.509     47.909     8.9687  35.613017    33.4031    141.720    -0.0004      7.778    84.8733 2.2433e-01  1.4224239    25.8735  0.000e+00
     46.932     47.327     9.0590  35.688648    33.3973    142.012     0.0069      7.782    84.7959 2.3689e-01  0.2301162    25.8547  0.000e+00
     46.226     46.615     9.1187  35.737128    33.3921    141.963     0.0069      7.792    84.9508 2.5339e-01 -0.2335590    25.8412  0.000e+00
     45.349     45.730     9.1756  35.784831    33.3887    142.480     0.0069      7.796    85.2348 2.7903e-01 -0.4985162    25.8294  0.000e+00
     44.501     44.876     9.2835  35.874877    33.3814    142.663     0.0289      7.824    86.7067 3.1087e-01 -0.4985162    25.8066  0.000e+00
     44.006     44.376     9.3753  35.954190    33.3780    145.114     0.0729      7.866    90.1926 3.3273e-01  0.6937915    25.7891  0.000e+00
     43.789     44.157     9.4843  36.050659    33.3758    153.032     0.2487      7.894    94.2983 3.3596e-01 -0.0348410    25.7698  0.000e+00
     43.321     43.685     9.6101  36.166136    33.3777    162.920     0.4172      7.908    94.8147 3.4470e-01 -0.4985162    25.7507  0.000e+00
     42.817     43.177     9.8505  36.379382    33.3731    168.952     0.3952      7.917    93.6011 3.6744e-01 -0.4985162    25.7075  0.000e+00
     42.417     42.773    10.1127  36.624396    33.3803    171.816     0.3952      7.935    94.1433 3.8293e-01 -0.4653966    25.6692  0.000e+00
     41.971     42.324    10.5898  37.079059    33.4005    171.599     0.4538      7.952    94.9954 4.0278e-01 -0.4985162    25.6032  0.000e+00
     41.468     41.816    11.1602  37.606310    33.4057    172.386     0.5124      7.974    95.3311 4.2487e-01 -0.4985162    25.5064  0.000e+00
     40.965     41.309    11.7553  38.129240    33.3820    175.475     0.5417      8.000    95.3569 4.4525e-01 -0.4653966    25.3793  0.000e+00
     40.497     40.837    12.1305  38.458051    33.3654    179.324     0.4978      8.026    95.6926 4.7088e-01 -0.4985162    25.2961  0.000e+00
     39.934     40.269    12.3781  38.679116    33.3581    182.596     0.4538      8.044    95.8992 4.9173e-01 -0.4985162    25.2432  0.000e+00
     39.264     39.593    12.7880  39.047262    33.3471    184.146     0.4465      8.061    96.0025 5.1977e-01 -0.4985162    25.1553  0.000e+00
     38.483     38.806    13.1711  39.360233    33.3069    186.064     0.4465      8.088    96.1574 5.5944e-01 -0.4985162    25.0485  0.000e+00
     37.746     38.062    13.3236  39.509809    33.3145    190.067     0.4392      8.106    96.2607 6.0738e-01 -0.4985162    25.0239  0.000e+00
     37.254     37.566    13.5168  39.704905    33.3288    194.209     0.4831      8.114    96.2865 6.5316e-01 -0.4653966    24.9959  0.000e+00
     36.892     37.201    13.6313  39.824081    33.3405    197.556     0.4611      8.123    96.3382 6.7317e-01 -0.4985162    24.9817  0.000e+00
     36.372     36.677    13.7644  39.965334    33.3565    199.167     0.4465      8.127    96.3382 6.9166e-01 -0.4653966    24.9668  0.000e+00
     35.593     35.891    13.9219  40.127206    33.3703    199.311     0.4392      8.132    96.3640 7.3008e-01 -0.6641145    24.9451  0.000e+00
     34.755     35.046    14.1450  40.359014    33.3917    200.325     0.5417      8.140    96.4415 8.1301e-01 -0.4985162    24.9153  0.000e+00
     34.171     34.458    14.2904  40.498434    33.3946    201.664     0.6003      8.149    96.4156 8.8357e-01 -0.4985162    24.8870  0.000e+00
     33.814     34.097    14.3136  40.523862    33.3981    203.698     0.6003      8.153    96.4673 9.0477e-01 -0.6309949    24.8849  0.000e+00
     33.290     33.569    14.4192  40.633502    33.4078    204.213     0.5710      8.157    96.5964 9.2919e-01 -0.4985162    24.8700  0.000e+00
     32.486     32.758    14.6447  40.847282    33.4095    204.364     0.5710      8.161    96.4415 1.0212e+00 -0.4985162    24.8235  0.000e+00
     31.710     31.976    14.7498  40.947044    33.4104    206.679     0.6663      8.170    96.1574 1.1655e+00 -0.5978752    24.8016  0.000e+00
     31.207     31.469    14.8059  41.003937    33.4143    209.687     0.8274      8.174    95.8734 1.2502e+00 -0.4985162    24.7925  0.000e+00
     30.921     31.180    14.8355  41.033732    33.4161    211.763     1.0106      8.179    95.2020 1.2321e+00 -0.4985162    24.7876  0.000e+00
     30.445     30.700    14.8382  41.037186    33.4171    213.576     1.1571      8.183    94.4532 1.2393e+00 -0.4985162    24.7877  0.000e+00
     29.542     29.790    14.8284  41.030271    33.4196    214.799     1.1571      8.184    94.4790 1.4213e+00 -0.4985162    24.7918  0.000e+00
     28.626     28.865    14.8585  41.060789    33.4219    213.484     1.2450      8.183    94.2466 1.6962e+00 -0.4985162    24.7870  0.000e+00
     28.068     28.303    14.8693  41.072724    33.4237    214.182     1.3622      8.188    93.4978 1.8391e+00 -0.4985162    24.7860  0.000e+00
     27.911     28.145    14.9038  41.104563    33.4231    214.764     1.5088      8.188    92.5682 1.7868e+00 -0.4985162    24.7781  0.000e+00
     27.760     27.992    14.9100  41.110631    33.4233    216.061     1.5893      8.192    91.7936 1.7460e+00 -0.4985162    24.7769  0.000e+00
     27.272     27.500    14.9132  41.114479    33.4243    217.441     1.6113      8.192    91.9227 1.9483e+00 -0.4985162    24.7770  0.000e+00
     26.878     27.102    14.9165  41.117871    33.4247    218.408     1.6333      8.192    92.0518 2.1672e+00 -0.4985162    24.7766  0.000e+00
     26.759     26.983    14.9204  41.122048    33.4251    218.077     1.6846      8.192    91.4837 2.1672e+00 -0.4985162    24.7761  0.000e+00
     26.640     26.863    14.9225  41.124462    33.4256    217.232     1.6919      8.192    91.3288 2.0997e+00 -0.4653966    24.7760  0.000e+00
     26.357     26.577    14.9267  41.128900    33.4262    218.653     1.6187      8.192    91.2771 2.1797e+00 -0.4985162    24.7755  0.000e+00
     25.981     26.198    14.9322  41.134316    33.4265    218.578     1.6187      8.192    91.5095 2.3758e+00 -0.4985162    24.7745  0.000e+00
