Arg_Leg3_G7_NV.cnv
* Sea-Bird SBE 9 Data File:
* FileName = S:\CTD_Data\CTD\Data\Argentina 2014\Data\Leg3\Arg_Leg3_G7.hex
* Software Version Seasave V 7.21g
* Temperature SN = 5769
* Conductivity SN = 4244
* Number of Bytes Per Scan = 31
* Number of Voltage Words = 4
* Number of Scans Averaged by the Deck Unit = 24
* NMEA Latitude = 45 49.72 S
* NMEA Longitude = 066 11.71 W
* NMEA UTC (Time) = Feb 13 2014 17:38:11
* NMEA baud rate = 9600
** R/V Coriolis II
** MARES project, ARGENTINA 2014
** Chief scientist : Dr. Gustavo Ferreyra
** Co-Chief scientist : Dr. José Luis Esteves
# nquan = 13
# nvalues = 702                                   
# units = specified
# name 0 = depSM: Depth [salt water, m]
# name 1 = prDM: Pressure, Digiquartz [db]
# name 2 = t090C: Temperature [ITS-90, deg C]
# name 3 = c0mS/cm: Conductivity [mS/cm]
# name 4 = sal00: Salinity, Practical [PSU]
# name 5 = sbeox0Mm/Kg: Oxygen, SBE 43 [umol/Kg]
# name 6 = flECO-AFL: Fluorescence, WET Labs ECO-AFL/FL [mg/m^3]
# name 7 = ph: pH
# name 8 = CStarTr0: Beam Transmission, WET Labs C-Star [%]
# name 9 = par: PAR/Irradiance, Biospherical/Licor
# name 10 = upoly0: Upoly 0, Nitrate
# name 11 = sigma-é00: Density [sigma-theta, Kg/m^3]
# name 12 = flag:  0.000e+00
# span 0 =      0.009,     90.773                 
# span 1 =      0.009,     91.543                 
# span 2 =     8.0210,    15.8464                 
# span 3 =   5.025940,  42.122242                 
# span 4 =     3.3572,    33.5463                 
# span 5 =    132.988,    274.661                 
# span 6 =    -0.1835,    29.3549                 
# span 7 =      7.705,      8.246                 
# span 8 =    63.7770,    94.8922                 
# span 9 = 1.0000e-12, 1.9089e+03                 
# span 10 = -0.7634735,  3.4427231                
# span 11 =     1.6010,    26.0226                
# span 12 = 0.0000e+00, 0.0000e+00                
# interval = seconds: 1
# start_time = Feb 13 2014 17:38:11 [NMEA time, header]
# bad_flag = -9.990e-29
*END*
[from data line 334]
     59.772     60.275     8.3912  35.048829    33.3499    138.210     0.0362      7.751    82.4719 7.2790e-01 -0.6972342    25.9208  0.000e+00
     59.755     60.258     8.3914  35.049074    33.3499    138.209     0.0362      7.751    82.4461 7.3008e-01 -0.6972342    25.9208  0.000e+00
     59.774     60.276     8.3915  35.049074    33.3498    138.209     0.0509      7.756    82.3686 7.2790e-01 -0.0348410    25.9207  0.000e+00
     59.837     60.341     8.3911  35.048952    33.3501    138.212     0.0436      7.751    82.4719 7.2138e-01 -0.2666786    25.9210  0.000e+00
     59.900     60.403     8.3900  35.048156    33.3502    138.216     0.0436      7.751    82.3944 7.1491e-01 -0.4322769    25.9212  0.000e+00
     59.921     60.425     8.3896  35.048279    33.3507    138.217     0.0362      7.751    82.3944 7.1063e-01  1.0249880    25.9217  0.000e+00
     59.911     60.415     8.3898  35.048156    33.3504    138.217     0.0509      7.751    82.4203 7.1277e-01 -0.3329179    25.9214  0.000e+00
     59.823     60.326     8.3896  35.047972    33.3505    137.749     0.0729      7.751    82.4461 7.2138e-01  0.3957145    25.9215  0.000e+00
     59.709     60.211     8.3897  35.047911    33.3503    137.746     0.0509      7.756    82.4719 7.4111e-01  1.0912274    25.9213  0.000e+00
     59.709     60.211     8.3907  35.048646    33.3502    138.507     0.0289      7.751    82.4977 7.4333e-01 -0.6972342    25.9211  0.000e+00
     59.845     60.348     8.3900  35.048279    33.3503    138.511     0.0289      7.756    82.4203 7.2138e-01 -0.6972342    25.9213  0.000e+00
     59.979     60.484     8.3900  35.048402    33.3505    137.750     0.0436      7.756    82.3686 7.0425e-01 -0.6972342    25.9214  0.000e+00
     60.005     60.509     8.3900  35.048340    33.3503    138.218     0.0362      7.756    82.3944 7.0425e-01 -0.6972342    25.9213  0.000e+00
     60.012     60.517     8.3900  35.048402    33.3504    138.515     0.0362      7.756    82.3944 7.0214e-01 -0.6641145    25.9214  0.000e+00
     59.964     60.468     8.3901  35.048402    33.3504    138.217     0.0289      7.756    82.4461 7.0003e-01  1.3893043    25.9213  0.000e+00
     59.777     60.280     8.3905  35.048707    33.3504    138.213     0.0362      7.756    82.4719 7.1706e-01  1.2568256    25.9213  0.000e+00
     59.610     60.111     8.3905  35.048339    33.3501    138.210     0.0362      7.756    82.5752 7.4111e-01  0.9918684    25.9211  0.000e+00
     59.650     60.151     8.3907  35.048707    33.3502    138.210     0.0216      7.756    82.5494 7.4333e-01  0.6275521    25.9211  0.000e+00
     59.875     60.378     8.3902  35.048524    33.3504    137.748     0.0216      7.756    82.5235 7.1491e-01 -0.1342000    25.9214  0.000e+00
     60.031     60.535     8.3898  35.048402    33.3506    137.752     0.0289      7.756    82.4719 6.8959e-01  0.7269111    25.9215  0.000e+00
     59.920     60.424     8.3910  35.049014    33.3502    138.043     0.0362      7.756    82.4203 7.0425e-01  0.6275521    25.9211  0.000e+00
     59.786     60.288     8.3912  35.049074    33.3501    138.040     0.0289      7.756    82.5494 7.3008e-01 -0.1342000    25.9209  0.000e+00
     59.878     60.381     8.3915  35.049381    33.3501    138.041     0.0289      7.756    82.5752 7.2138e-01 -0.6972342    25.9209  0.000e+00
     60.100     60.606     8.3885  35.047606    33.3509    138.054     0.0216      7.756    82.5235 6.8545e-01 -0.6972342    25.9220  0.000e+00
     60.146     60.651     8.3887  35.047606    33.3508    138.054     0.0362      7.756    82.4719 6.6711e-01  0.6937915    25.9219  0.000e+00
     59.837     60.340     8.3913  35.049258    33.3502    138.508     0.0216      7.756    82.4461 7.0214e-01  2.6147316    25.9210  0.000e+00
     59.467     59.967     8.3917  35.049257    33.3500    138.500     0.0143      7.756    82.6010 7.5680e-01  2.6147316    25.9208  0.000e+00
     59.483     59.983     8.3916  35.049196    33.3500    138.205     0.0216      7.756    82.6268 7.6820e-01  0.5944325    25.9208  0.000e+00
     59.898     60.401     8.3907  35.049014    33.3505    138.215     0.0143      7.756    82.4719 7.1277e-01 -0.2997983    25.9213  0.000e+00
     60.158     60.664     8.3884  35.047423    33.3508    138.226     0.0143      7.756    82.4203 6.6912e-01 -0.5978752    25.9220  0.000e+00
     59.977     60.481     8.3909  35.049014    33.3503    138.216     0.0216      7.756    82.3944 6.8959e-01 -0.3329179    25.9211  0.000e+00
     59.776     60.278     8.3916  35.049319    33.3500    138.210     0.0289      7.756    82.4977 7.2572e-01  0.6606718    25.9208  0.000e+00
     59.875     60.378     8.3920  35.049687    33.3500    138.211     0.0362      7.756    82.4977 7.1491e-01  0.5944325    25.9208  0.000e+00
     60.092     60.597     8.3909  35.049137    33.3503    138.218     0.0216      7.756    82.4461 6.7928e-01  0.1638769    25.9212  0.000e+00
     60.055     60.560     8.3906  35.048892    33.3503    138.218     0.0289      7.756    82.4461 6.7114e-01 -0.6972342    25.9212  0.000e+00
     59.745     60.247     8.3921  35.049748    33.3500    138.208     0.0216      7.756    82.4203 7.0850e-01 -0.6972342    25.9207  0.000e+00
     59.494     59.994     8.3923  35.049747    33.3499    138.203     0.0143      7.756    82.5235 7.4779e-01  0.3625949    25.9206  0.000e+00
     59.515     60.016     8.3923  35.049686    33.3498    138.204     0.0216      7.756    82.5752 7.5228e-01  0.6606718    25.9206  0.000e+00
     59.769     60.271     8.3923  35.049993    33.3500    138.208     0.0143      7.756    82.4977 7.2138e-01 -0.6972342    25.9207  0.000e+00
     59.951     60.456     8.3914  35.049320    33.3501    138.214     0.0216      7.756    82.4719 6.9584e-01  0.3625949    25.9209  0.000e+00
     59.946     60.450     8.3926  35.050177    33.3499    138.211     0.0216      7.756    82.4203 6.9793e-01  0.4950735    25.9206  0.000e+00
     59.985     60.490     8.3922  35.049810    33.3499    138.213     0.0362      7.756    82.4719 7.0003e-01  0.7931504    25.9206  0.000e+00
     60.069     60.574     8.3905  35.049014    33.3506    138.219     0.0362      7.756    82.5235 6.8339e-01  1.1574667    25.9214  0.000e+00
     60.048     60.553     8.3920  35.049810    33.3501    138.214     0.0362      7.756    82.4461 6.7520e-01 -0.6972342    25.9208  0.000e+00
     59.895     60.398     8.3921  35.049748    33.3499    138.211     0.0362      7.756    82.4461 6.9375e-01  0.5613128    25.9207  0.000e+00
     59.704     60.206     8.3922  35.049748    33.3499    138.208     0.0216      7.756    82.4461 7.1491e-01  0.3625949    25.9207  0.000e+00
     59.607     60.108     8.3931  35.050360    33.3498    138.203     0.0289      7.756    82.5235 7.3008e-01 -0.4653966    25.9204  0.000e+00
     59.657     60.158     8.3931  35.050360    33.3497    138.204     0.0362      7.756    82.6010 7.3008e-01 -0.6972342    25.9203  0.000e+00
     59.749     60.251     8.3924  35.049993    33.3500    138.208     0.0436      7.756    82.5752 7.2138e-01 -0.6972342    25.9207  0.000e+00
     59.848     60.351     8.3926  35.049993    33.3498    138.209     0.0289      7.756    82.5235 7.1063e-01  0.0645179    25.9205  0.000e+00
     59.978     60.483     8.3913  35.049381    33.3502    138.215     0.0289      7.756    82.4977 6.9166e-01  0.8925094    25.9210  0.000e+00
     60.014     60.518     8.3903  35.048647    33.3504    138.219     0.0289      7.756    82.4719 6.8133e-01  0.7269111    25.9213  0.000e+00
     59.893     60.397     8.3899  35.048401    33.3506    138.218     0.0143      7.756    82.4719 6.9584e-01 -0.3660376    25.9215  0.000e+00
     59.756     60.258     8.3911  35.049013    33.3501    137.745     0.0143      7.756    82.4719 7.1491e-01  0.3957145    25.9210  0.000e+00
     59.834     60.337     8.3908  35.049013    33.3504    138.214     0.0436      7.756    82.4203 7.1063e-01  1.5217829    25.9212  0.000e+00
     60.002     60.507     8.3890  35.047728    33.3507    138.052     0.0509      7.756    82.4977 6.9166e-01  1.5217829    25.9218  0.000e+00
     59.961     60.466     8.3892  35.047789    33.3506    138.222     0.0289      7.756    82.4719 6.9375e-01  1.0912274    25.9217  0.000e+00
     59.752     60.254     8.3901  35.048401    33.3504    138.512     0.0143      7.756    82.4461 7.2138e-01  0.7269111    25.9214  0.000e+00
     59.643     60.144     8.3915  35.049196    33.3500    138.209     0.0216      7.756    82.4977 7.3889e-01  0.1969966    25.9209  0.000e+00
     59.729     60.231     8.3910  35.049013    33.3502    138.212     0.0216      7.756    82.5235 7.3447e-01 -0.6641145    25.9211  0.000e+00
     60.008     60.513     8.3888  35.047606    33.3507    138.224     0.0216      7.756    82.5235 7.0003e-01  1.8860991    25.9218  0.000e+00
     60.369     60.877     8.3871  35.046627    33.3512    138.236     0.0289      7.756    82.4461 6.5119e-01  0.2632359    25.9224  0.000e+00
     60.714     61.224     8.3848  35.045282    33.3517    138.248     0.0143      7.756    82.4203 6.1480e-01 -0.6972342    25.9232  0.000e+00
     60.993     61.506     8.3831  35.044181    33.3520    137.791     0.0216      7.756    82.3686 5.8563e-01 -0.6972342    25.9237  0.000e+00
     61.307     61.823     8.3814  35.043080    33.3524    137.802     0.0216      7.756    82.3944 5.5433e-01 -0.6972342    25.9242  0.000e+00
     61.819     62.339     8.3782  35.041306    33.3533    138.117     0.0216      7.756    82.4203 5.0870e-01 -0.0348410    25.9254  0.000e+00
     62.506     63.032     8.3747  35.039043    33.3538    138.140     0.0143      7.756    82.3686 4.4944e-01  0.4288342    25.9264  0.000e+00
     63.240     63.772     8.3710  35.036781    33.3547    137.696    -0.0004      7.756    82.2912 3.9398e-01  0.6937915    25.9276  0.000e+00
     63.919     64.457     8.3607  35.029743    33.3566    138.208    -0.0004      7.756    82.1620 3.4915e-01  0.0313983    25.9307  0.000e+00
     64.637     65.182     8.3571  35.027481    33.3573    138.060     0.0069      7.756    82.1104 3.0987e-01  0.0313983    25.9318  0.000e+00
     65.369     65.919     8.3494  35.022525    33.3590    137.799     0.0069      7.756    82.2137 2.6906e-01 -0.2997983    25.9343  0.000e+00
     65.489     66.041     8.3552  35.026382    33.3575    138.081    -0.0004      7.756    82.3170 2.5595e-01 -0.6641145    25.9323  0.000e+00
     65.265     65.815     8.3633  35.031706    33.3556    138.522    -0.0004      7.756    82.2912 2.6375e-01 -0.6641145    25.9296  0.000e+00
     65.047     65.595     8.3601  35.029318    33.3562    138.528    -0.0004      7.756    82.3428 2.7811e-01 -0.6641145    25.9305  0.000e+00
     64.874     65.420     8.3583  35.027910    33.3565    138.233     0.0216      7.756    82.4461 2.8648e-01  0.6275521    25.9310  0.000e+00
     64.793     65.339     8.3564  35.026379    33.3568    138.237     0.0216      7.756    82.4461 2.9123e-01  1.3561846    25.9315  0.000e+00
     64.629     65.173     8.3588  35.028215    33.3565    138.227     0.0069      7.756    82.5235 2.9798e-01 -0.6641145    25.9309  0.000e+00
     64.377     64.919     8.3579  35.027541    33.3568    138.225     0.0143      7.756    82.5494 3.1189e-01  2.1510564    25.9313  0.000e+00
     64.000     64.538     8.3586  35.027968    33.3567    138.216     0.0069      7.756    82.5494 3.3488e-01  2.3497744    25.9311  0.000e+00
     63.522     64.057     8.3614  35.029803    33.3562    138.668     0.0143      7.756    82.4461 3.6628e-01  1.9854581    25.9303  0.000e+00
     63.077     63.608     8.3677  35.033964    33.3549    138.641     0.0289      7.756    82.3428 3.9773e-01  1.8529795    25.9283  0.000e+00
     62.777     63.305     8.3699  35.035248    33.3542    138.332     0.0289      7.756    82.2395 4.2221e-01 -0.1342000    25.9274  0.000e+00
     62.479     63.005     8.3721  35.036900    33.3541    138.319     0.0216      7.756    82.2653 4.3836e-01  0.4288342    25.9270  0.000e+00
     62.013     62.535     8.3750  35.038613    33.3534    138.303     0.0143      7.756    82.2137 4.7676e-01  1.0581077    25.9260  0.000e+00
     61.452     61.969     8.3770  35.040080    33.3532    138.286     0.0143      7.756    82.2137 5.2298e-01  1.0912274    25.9256  0.000e+00
     60.958     61.470     8.3796  35.041425    33.3524    138.270     0.0289      7.756    82.2137 5.7152e-01  1.7867402    25.9245  0.000e+00
     60.538     61.047     8.3809  35.042036    33.3521    137.791     0.0362      7.756    82.2137 6.1294e-01  0.4950735    25.9241  0.000e+00
     60.072     60.577     8.3845  35.044361    33.3514    137.772     0.0436      7.756    82.2653 6.6711e-01 -0.2997983    25.9230  0.000e+00
     59.572     60.073     8.3879  35.046563    33.3507    138.050     0.0289      7.756    82.3170 7.3008e-01 -0.6972342    25.9219  0.000e+00
     59.137     59.634     8.3902  35.047909    33.3501    138.035     0.0289      7.756    82.3428 7.9148e-01 -0.6972342    25.9211  0.000e+00
     58.725     59.219     8.3924  35.049254    33.3496    138.021     0.0216      7.756    82.3428 8.5265e-01 -0.6972342    25.9204  0.000e+00
     58.283     58.773     8.3950  35.050906    33.3491    138.472     0.0216      7.756    82.3428 9.1826e-01 -0.6972342    25.9196  0.000e+00
     57.856     58.342     8.3970  35.051945    33.3486    137.992     0.0216      7.756    82.3944 9.9744e-01 -0.4985162    25.9189  0.000e+00
     57.459     57.942     8.3989  35.053046    33.3481    137.684     0.0289      7.756    82.4719 1.0736e+00  1.5880222    25.9182  0.000e+00
     57.030     57.509     8.4001  35.053718    33.3479    137.968     0.0436      7.756    82.5494 1.1418e+00 -0.1010803    25.9178  0.000e+00
     56.466     56.941     8.4016  35.054512    33.3476    137.954     0.0289      7.756    82.7301 1.2430e+00 -0.6309949    25.9174  0.000e+00
     55.805     56.274     8.4022  35.054632    33.3475    137.941     0.0289      7.756    82.7818 1.3765e+00 -0.5647556    25.9172  0.000e+00
     55.138     55.601     8.4027  35.054875    33.3475    137.927     0.0216      7.760    82.6268 1.5416e+00 -0.7303538    25.9171  0.000e+00
     54.665     55.124     8.4078  35.057935    33.3462    138.370     0.0216      7.760    82.6268 1.6767e+00 -0.7303538    25.9153  0.000e+00
     54.462     54.919     8.4085  35.058485    33.3462    137.898     0.0143      7.760    82.7559 1.7309e+00 -0.4653966    25.9152  0.000e+00
     54.193     54.648     8.4128  35.062955    33.3469    137.583     0.0362      7.760    82.8592 1.7919e+00 -0.1342000    25.9151  0.000e+00
     53.610     54.059     8.4219  35.069628    33.3457    137.840     0.0362      7.760    83.3498 1.9539e+00  0.3294752    25.9127  0.000e+00
     53.001     53.446     8.4240  35.070851    33.3453    138.289     0.0436      7.760    83.3240 2.1672e+00 -0.5978752    25.9121  0.000e+00
     52.575     53.016     8.4290  35.074463    33.3445    138.266     0.0509      7.760    83.3757 2.3152e+00  0.1638769    25.9108  0.000e+00
     52.186     52.623     8.4327  35.077340    33.3443    138.418     0.0655      7.760    83.5564 2.4379e+00  0.6937915    25.9100  0.000e+00
     51.649     52.082     8.4408  35.083586    33.3434    138.383     0.0729      7.760    83.5564 2.6340e+00  0.5281932    25.9081  0.000e+00
     51.046     51.474     8.4401  35.082971    33.3437    138.544     0.0582      7.760    83.7372 2.9030e+00 -0.6309949    25.9085  0.000e+00
     50.602     51.026     8.4422  35.084440    33.3435    138.530     0.0655      7.760    83.8146 3.1269e+00 -0.7303538    25.9079  0.000e+00
     50.259     50.681     8.4423  35.084316    33.3435    138.229     0.0655      7.765    83.9696 3.2823e+00 -0.7303538    25.9079  0.000e+00
     49.771     50.189     8.4716  35.111944    33.3451    138.589     0.0729      7.765    84.2794 3.4948e+00 -0.7303538    25.9048  0.000e+00
