Arg_Leg3_G14_NV.cnv
* Sea-Bird SBE 9 Data File:
* FileName = S:\CTD_Data\CTD\Data\Argentina 2014\Data\Leg3\Arg_Leg3_G14.hex
* Software Version Seasave V 7.21g
* Temperature SN = 5769
* Conductivity SN = 4244
* Number of Bytes Per Scan = 31
* Number of Voltage Words = 4
* Number of Scans Averaged by the Deck Unit = 24
* NMEA Latitude = 45 49.21 S
* NMEA Longitude = 065 25.37 W
* NMEA UTC (Time) = Feb 12 2014 14:52:10
* NMEA baud rate = 9600
** R/V Coriolis II
** MARES project, ARGENTINA 2014
** Chief scientist : Dr. Gustavo Ferreyra
** Co-Chief scientist : Dr. José Luis Esteves
# nquan = 13
# nvalues = 603                                   
# units = specified
# name 0 = depSM: Depth [salt water, m]
# name 1 = prDM: Pressure, Digiquartz [db]
# name 2 = t090C: Temperature [ITS-90, deg C]
# name 3 = c0mS/cm: Conductivity [mS/cm]
# name 4 = sal00: Salinity, Practical [PSU]
# name 5 = sbeox0Mm/Kg: Oxygen, SBE 43 [umol/Kg]
# name 6 = flECO-AFL: Fluorescence, WET Labs ECO-AFL/FL [mg/m^3]
# name 7 = ph: pH
# name 8 = CStarTr0: Beam Transmission, WET Labs C-Star [%]
# name 9 = par: PAR/Irradiance, Biospherical/Licor
# name 10 = upoly0: Upoly 0, Nitrate
# name 11 = sigma-é00: Density [sigma-theta, Kg/m^3]
# name 12 = flag:  0.000e+00
# span 0 =     -0.067,     76.320                 
# span 1 =     -0.067,     76.965                 
# span 2 =     9.8523,    14.3008                 
# span 3 =   4.078268,  40.274363                 
# span 4 =     2.7922,    33.2209                 
# span 5 =    151.728,    336.450                 
# span 6 =    -0.2715,    29.3549                 
# span 7 =      7.874,      8.261                 
# span 8 =    57.0891,    95.9250                 
# span 9 = 8.8324e-03, 1.8456e+03                 
# span 10 = -0.7634735,  7.6820393                
# span 11 =     1.4003,    25.5566                
# span 12 = 0.0000e+00, 0.0000e+00                
# interval = seconds: 1
# start_time = Feb 12 2014 14:52:10 [NMEA time, header]
# bad_flag = -9.990e-29
*END*
[from data line 556]
      1.659      1.672    14.2818  40.258508    33.1942    225.919     0.3586      8.251    92.8006 1.6539e+03 -0.4985162    24.7332  0.000e+00
      1.578      1.592    14.2754  40.253913    33.1956    226.632     0.3806      8.251    92.6457 1.4738e+03 -0.4985162    24.7356  0.000e+00
      1.757      1.772    14.2783  40.256049    33.1950    227.644     0.3439      8.251    92.7490 1.2521e+03 -0.5316359    24.7345  0.000e+00
      1.911      1.927    14.2771  40.255532    33.1954    227.264     0.3439      8.251    92.6973 1.4614e+03 -0.5316359    24.7351  0.000e+00
      2.114      2.131    14.2822  40.259868    33.1950    227.097     0.3806      8.251    92.8522 1.2242e+03 -0.5647556    24.7337  0.000e+00
      2.025      2.042    14.2823  40.259544    33.1946    227.783     0.4172      8.251    92.9297 1.1936e+03 -0.4985162    24.7334  0.000e+00
      1.842      1.857    14.2776  40.255467    33.1950    229.370     0.4245      8.251    92.8006 1.5723e+03 -0.6309949    24.7346  0.000e+00
      1.748      1.762    14.2747  40.253332    33.1956    226.926     0.4465      8.251    92.5682 1.5158e+03 -0.5647556    24.7357  0.000e+00
      1.831      1.846    14.2775  40.256050    33.1956    226.824     0.4318      8.251    92.5940 1.3661e+03 -0.4985162    24.7351  0.000e+00
      1.735      1.749    14.2768  40.254949    33.1952    228.682     0.4245      8.251    92.9039 1.8456e+03 -0.5978752    24.7350  0.000e+00
      1.680      1.694    14.2753  40.253655    33.1954    228.298     0.4318      8.251    92.6973 1.5373e+03 -0.6309949    24.7355  0.000e+00
      1.905      1.921    14.2816  40.258767    33.1946    228.575     0.4318      8.251    92.8522 1.1936e+03 -0.6309949    24.7335  0.000e+00
      1.886      1.901    14.2824  40.259350    33.1944    228.226     0.4025      8.251    92.8264 1.3245e+03 -0.5647556    24.7332  0.000e+00
      1.807      1.822    14.2790  40.256308    33.1946    226.474     0.3879      8.251    92.8522 1.5287e+03 -0.4985162    24.7341  0.000e+00
      2.111      2.128    14.2891  40.264786    33.1935    227.320     0.4172      8.251    92.8522 1.4573e+03 -0.4985162    24.7311  0.000e+00
      2.169      2.187    14.2871  40.262715    33.1934    229.486     0.3879      8.251    92.9039 1.2242e+03 -0.4985162    24.7314  0.000e+00
      1.777      1.792    14.2773  40.255143    33.1950    227.753     0.4099      8.251    92.8264 1.3932e+03 -0.4985162    24.7347  0.000e+00
      1.676      1.689    14.2772  40.254561    33.1946    227.660     0.4172      8.251    92.5424 1.6820e+03 -0.5978752    24.7344  0.000e+00
      1.767      1.782    14.2809  40.257990    33.1945    226.361     0.4099      8.251    92.5940 1.2037e+03 -0.6309949    24.7336  0.000e+00
      1.831      1.846    14.2829  40.259673    33.1943    227.340     0.4099      8.251    92.6715 1.3932e+03 -0.5316359    24.7330  0.000e+00
      1.694      1.708    14.2811  40.258184    33.1945    228.856     0.4172      8.251    92.8522 1.3395e+03 -0.5978752    24.7336  0.000e+00
      1.722      1.736    14.2823  40.259414    33.1947    228.073     0.4318      8.251    92.7490 1.3546e+03 -0.4985162    24.7334  0.000e+00
      1.981      1.998    14.2936  40.268344    33.1931    226.804     0.4392      8.251    92.8264 1.3815e+03 -0.4985162    24.7298  0.000e+00
      2.078      2.096    14.3008  40.274363    33.1923    227.806     0.4318      8.251    92.8006 1.4050e+03 -0.5978752    24.7277  0.000e+00
      2.036      2.053    14.2907  40.265627    33.1930    229.122     0.4245      8.251    92.8006 1.0697e+03 -0.4985162    24.7304  0.000e+00
      1.854      1.870    14.2856  40.262326    33.1945    228.211     0.4392      8.251    92.8264 1.5723e+03 -0.4985162    24.7326  0.000e+00
      1.901      1.917    14.2855  40.262456    33.1946    227.479     0.4831      8.251    92.8006 1.3661e+03 -0.6309949    24.7327  0.000e+00
      1.976      1.992    14.2889  40.264850    33.1939    226.973     0.4758      8.251    92.8264 1.3395e+03 -0.4985162    24.7314  0.000e+00
      1.629      1.642    14.2770  40.254043    33.1943    227.556     0.4172      8.251    92.7748 1.3357e+03 -0.4985162    24.7342  0.000e+00
      1.622      1.635    14.2768  40.255078    33.1954    227.945     0.4318      8.255    92.4907 1.2627e+03 -0.6309949    24.7352  0.000e+00
      1.863      1.878    14.2909  40.266338    33.1935    227.350     0.4538      8.251    92.6973 1.3815e+03 -0.4985162    24.7307  0.000e+00
      1.926      1.942    14.2942  40.268991    33.1932    227.338     0.4392      8.251    92.6715 1.4410e+03 -0.5316359    24.7298  0.000e+00
      1.853      1.868    14.2957  40.270091    33.1929    227.868     0.4611      8.255    92.7748 1.4863e+03 -0.7303538    24.7293  0.000e+00
      1.978      1.995    14.2969  40.270674    33.1923    227.866     0.4978      8.251    92.7231 1.1443e+03 -0.4985162    24.7286  0.000e+00
      1.947      1.963    14.2965  40.270221    33.1923    228.017     0.5051      8.251    92.7490 1.3023e+03 -0.6309949    24.7286  0.000e+00
      1.539      1.551    14.2753  40.252360    33.1943    227.756     0.4978      8.251    92.7748 1.5767e+03 -0.6972342    24.7346  0.000e+00
      1.024      1.033    14.2570  40.239743    33.1985    227.624     0.4831      8.255    92.4907 1.5201e+03 -0.4985162    24.7417  0.000e+00
      0.612      0.617    14.2549  40.237283    33.1983    227.818     0.4831      8.256    92.4391 1.5723e+03 -0.4985162    24.7419  0.000e+00
      0.099      0.100    14.2518  40.235016    33.1991    229.194     0.4978      8.256    92.0001 1.6126e+03 -0.5978752    24.7432  0.000e+00
     -0.059     -0.059    14.1426  15.166200    11.4100    336.450     0.6150      8.251    77.6432 1.5945e+03 -0.5978752     8.0089  0.000e+00
     -0.060     -0.061    13.9614   5.463295     3.8209    273.664    -0.2715      8.252    69.7676 1.5287e+03 -0.4985162     2.2051  0.000e+00
     -0.062     -0.062    14.0358   4.967168     3.4452    217.134    -0.0663      8.252    69.3028 1.5373e+03 -0.4985162     1.9047  0.000e+00
     -0.063     -0.064    14.0275   4.392042     3.0225    248.114    -0.1030      8.247    67.7019 1.6035e+03 -0.4985162     1.5801  0.000e+00
     -0.062     -0.063    14.0429   4.078268     2.7922    239.811    18.9666      8.243    64.1643 1.5767e+03 -0.4985162     1.4003  0.000e+00
     -0.059     -0.060    14.0831  10.387834     7.5896    225.405    29.3549      8.233    61.3497 1.4947e+03 -0.4985162     5.0853  0.000e+00
     -0.064     -0.064    14.1315  13.726606    10.2438    216.923    15.5454      8.219    59.9554 1.5416e+03 -0.4985162     7.1156  0.000e+00
     -0.067     -0.067    14.1243  17.353577    13.2144    210.542    -0.1542      8.200    57.0891 1.6217e+03 -0.4985162     9.3968  0.000e+00
