Arg_Leg3_G8_NV.cnv
* Sea-Bird SBE 9 Data File:
* FileName = S:\CTD_Data\CTD\Data\Argentina 2014\Data\Leg3\Arg_Leg3_G8.hex
* Software Version Seasave V 7.21g
* Temperature SN = 5769
* Conductivity SN = 4244
* Number of Bytes Per Scan = 31
* Number of Voltage Words = 4
* Number of Scans Averaged by the Deck Unit = 24
* NMEA Latitude = 46 13.57 S
* NMEA Longitude = 066 11.85 W
* NMEA UTC (Time) = Feb 14 2014 05:51:45
* NMEA baud rate = 9600
** R/V Coriolis II
** MARES project, ARGENTINA 2014
** Chief scientist : Dr. Gustavo Ferreyra
** Co-Chief scientist : Dr. José Luis Esteves
# nquan = 13
# nvalues = 710                                   
# units = specified
# name 0 = depSM: Depth [salt water, m]
# name 1 = prDM: Pressure, Digiquartz [db]
# name 2 = t090C: Temperature [ITS-90, deg C]
# name 3 = c0mS/cm: Conductivity [mS/cm]
# name 4 = sal00: Salinity, Practical [PSU]
# name 5 = sbeox0Mm/Kg: Oxygen, SBE 43 [umol/Kg]
# name 6 = flECO-AFL: Fluorescence, WET Labs ECO-AFL/FL [mg/m^3]
# name 7 = ph: pH
# name 8 = CStarTr0: Beam Transmission, WET Labs C-Star [%]
# name 9 = par: PAR/Irradiance, Biospherical/Licor
# name 10 = upoly0: Upoly 0, Nitrate
# name 11 = sigma-é00: Density [sigma-theta, Kg/m^3]
# name 12 = flag:  0.000e+00
# span 0 =     -0.012,     92.928                 
# span 1 =     -0.012,     93.721                 
# span 2 =     7.7164,    15.5540                 
# span 3 =   6.285440,  41.856272                 
# span 4 =     4.2839,    34.2084                 
# span 5 =    143.748,    258.064                 
# span 6 =    -0.1249,     2.7908                 
# span 7 =      7.734,      8.218                 
# span 8 =    60.8591,    95.8734                 
# span 9 = 1.0000e-12, 8.5773e-01                 
# span 10 = -0.7634735,  5.7610991                
# span 11 =     2.3440,    26.0744                
# span 12 = 0.0000e+00, 0.0000e+00                
# interval = seconds: 1
# start_time = Feb 14 2014 05:51:45 [NMEA time, header]
# bad_flag = -9.990e-29
*END*
[from data line 667]
      4.015      4.048    15.5418  41.842642    33.5527    213.680     1.1351      8.218    91.1480 3.0257e-03 -0.4985162    24.7374  0.000e+00
      4.126      4.161    15.5415  41.842379    33.5527    214.332     1.0619      8.218    91.1480 2.0988e-04 -0.4653966    24.7374  0.000e+00
      3.826      3.858    15.5414  41.842115    33.5527    215.151     1.0765      8.218    91.1480 1.0000e-12 -0.6309949    24.7375  0.000e+00
      3.450      3.479    15.5406  41.841194    33.5526    214.139     0.9813      8.218    91.1738 1.0000e-12 -0.4653966    24.7376  0.000e+00
      3.674      3.705    15.5409  41.841720    33.5527    212.814     1.0912      8.218    91.1738 1.0000e-12 -0.4653966    24.7376  0.000e+00
      4.114      4.148    15.5414  41.842314    33.5527    214.153     0.9886      8.218    91.1480 7.3199e-05 -0.5978752    24.7375  0.000e+00
      4.093      4.127    15.5414  41.842511    33.5528    214.689     1.0472      8.218    91.1222 1.1775e-03 -0.4653966    24.7376  0.000e+00
      3.726      3.757    15.5419  41.842509    33.5526    214.789     1.0399      8.218    91.1222 1.0000e-12 -0.4653966    24.7373  0.000e+00
      3.656      3.686    15.5423  41.842772    33.5525    214.785     1.0472      8.218    91.1480 1.0000e-12 -0.5316359    24.7371  0.000e+00
      3.962      3.994    15.5425  41.843299    33.5527    212.491     1.0252      8.218    91.1738 1.0000e-12 -0.4653966    24.7372  0.000e+00
      4.115      4.149    15.5428  41.843628    33.5527    213.790     1.0326      8.218    91.1738 3.7548e-03 -0.4653966    24.7372  0.000e+00
      3.915      3.948    15.5441  41.844679    33.5526    215.499     1.0692      8.218    91.1222 2.0988e-04 -0.4985162    24.7368  0.000e+00
      3.654      3.685    15.5439  41.844349    33.5526    213.807     1.0179      8.218    91.1738 7.3199e-05 -0.4653966    24.7368  0.000e+00
      3.766      3.797    15.5438  41.844284    33.5526    214.100     1.0765      8.218    91.1997 1.0000e-12 -0.4653966    24.7369  0.000e+00
      3.987      4.020    15.5415  41.842379    33.5527    214.004     1.0033      8.218    91.1738 1.0000e-12 -0.4653966    24.7374  0.000e+00
      3.967      4.000    15.5429  41.843693    33.5527    216.232     1.1278      8.218    91.1480 1.0381e-03 -0.4653966    24.7371  0.000e+00
      3.860      3.892    15.5443  41.845007    33.5527    214.637     1.1571      8.218    91.1222 6.2223e-04 -0.4653966    24.7369  0.000e+00
      3.740      3.771    15.5444  41.845007    33.5527    213.527     1.1205      8.218    91.1480 1.0000e-12 -0.4653966    24.7368  0.000e+00
      3.883      3.915    15.5440  41.844547    33.5525    213.309     1.1058      8.218    91.1480 1.0000e-12 -0.4653966    24.7368  0.000e+00
      4.011      4.044    15.5438  41.844417    33.5526    213.459     1.0912      8.218    91.1738 1.1775e-03 -0.4653966    24.7369  0.000e+00
      3.881      3.913    15.5439  41.844613    33.5527    214.170     1.1058      8.218    91.1480 7.3199e-05 -0.4653966    24.7369  0.000e+00
      3.788      3.820    15.5441  41.844744    33.5527    214.959     1.1571      8.218    91.1222 1.0000e-12 -0.4653966    24.7368  0.000e+00
      3.482      3.511    15.5435  41.844020    33.5526    214.306     1.1498      8.218    91.1997 6.0045e-03 -0.4653966    24.7370  0.000e+00
      2.771      2.794    15.5427  41.843097    33.5528    214.725     1.0839      8.218    91.1738 2.8812e-03 -0.4653966    24.7372  0.000e+00
      1.874      1.889    15.5431  41.843093    33.5528    215.704     1.0692      8.218    91.1738 2.3069e-03 -0.4653966    24.7371  0.000e+00
      1.134      1.143    15.5428  41.842367    33.5527    213.855     1.0839      8.218    91.1480 2.5332e-02 -0.4985162    24.7370  0.000e+00
      0.813      0.820    15.5412  41.840723    33.5527    214.467     1.0912      8.218    91.1480 1.0142e-01 -0.5978752    24.7375  0.000e+00
      0.319      0.321    15.5410  41.840392    33.5528    215.169     1.0692      8.218    90.9673 2.3609e-01 -0.5316359    24.7375  0.000e+00
     -0.008     -0.008    15.4417  12.547349     8.9896    258.064     1.0179      8.213    83.4531 2.6200e-01 -0.4653966     5.9333  0.000e+00
     -0.006     -0.006    15.3548   6.285440     4.2839    255.067     0.3439      8.209    78.9601 2.6995e-01 -0.4653966     2.3440  0.000e+00
     -0.003     -0.003    15.3429  10.650270     7.5501    237.365    -0.0444      8.209    87.7654 2.6200e-01 -0.4653966     4.8486  0.000e+00
     -0.003     -0.003    15.3231  14.495265    10.5412    224.435    -0.1249      8.205    74.0024 2.5595e-01 -0.4653966     7.1413  0.000e+00
     -0.004     -0.004    15.2961  14.835846    10.8174    213.945    -0.1176      8.200    69.4836 2.7085e-01 -0.4653966     7.3574  0.000e+00
     -0.002     -0.002    15.2136  16.067812    11.8202    205.571    -0.1249      8.196    64.7066 2.6728e-01 -0.4653966     8.1394  0.000e+00
     -0.000     -0.000    15.1379  23.137780    17.6224    192.924    -0.1249      8.192    62.9507 2.8088e-01 -0.4653966    12.5948  0.000e+00
     -0.010     -0.010    15.0504  27.954805    21.7339    183.969    -0.1249      8.178    60.8591 3.2635e-01 -0.4653966    15.7622  0.000e+00
     -0.002     -0.002    14.9584  41.641415    33.8746    168.819    -0.1249      8.160    62.4342 2.6817e-01 -0.4653966    25.1134  0.000e+00
      0.001      0.001    14.8309  41.810581    34.1400    176.032    -0.1249      8.128    63.0540 9.8086e-02 -0.4653966    25.3457  0.000e+00
     -0.000     -0.000    14.7848  41.841151    34.2084    182.551    -0.1249      8.091    62.7957 1.8789e-01 -0.4653966    25.4085  0.000e+00
     -0.010     -0.010    15.2476  28.121221    21.7668    199.259    -0.1249      8.043    62.9249 3.5365e-01 -0.4653966    15.7487  0.000e+00
     -0.003     -0.003    15.5220   7.380375     5.0665    231.284    -0.1249      7.945    63.3638 4.8270e-01 -0.4653966     2.9163  0.000e+00
     -0.012     -0.012    15.5174   6.900560     4.7149    238.418    -0.1249      7.950    64.1385 5.0092e-01 -0.4653966     2.6476  0.000e+00
      0.002      0.002    15.5152   6.580235     4.4811    236.082    -0.1249      7.968    64.1643 8.5773e-01 -0.4653966     2.4688  0.000e+00
