Arg_Leg3_G9_NV.cnv
* Sea-Bird SBE 9 Data File:
* FileName = S:\CTD_Data\CTD\Data\Argentina 2014\Data\Leg3\Arg_Leg3_G9.hex
* Software Version Seasave V 7.21g
* Temperature SN = 5769
* Conductivity SN = 4244
* Number of Bytes Per Scan = 31
* Number of Voltage Words = 4
* Number of Scans Averaged by the Deck Unit = 24
* NMEA Latitude = 46 38.83 S
* NMEA Longitude = 066 12.41 W
* NMEA UTC (Time) = Feb 14 2014 08:50:07
* NMEA baud rate = 9600
** R/V Coriolis II
** MARES project, ARGENTINA 2014
** Chief scientist : Dr. Gustavo Ferreyra
** Co-Chief scientist : Dr. José Luis Esteves
# nquan = 13
# nvalues = 518                                   
# units = specified
# name 0 = depSM: Depth [salt water, m]
# name 1 = prDM: Pressure, Digiquartz [db]
# name 2 = t090C: Temperature [ITS-90, deg C]
# name 3 = c0mS/cm: Conductivity [mS/cm]
# name 4 = sal00: Salinity, Practical [PSU]
# name 5 = sbeox0Mm/Kg: Oxygen, SBE 43 [umol/Kg]
# name 6 = flECO-AFL: Fluorescence, WET Labs ECO-AFL/FL [mg/m^3]
# name 7 = ph: pH
# name 8 = CStarTr0: Beam Transmission, WET Labs C-Star [%]
# name 9 = par: PAR/Irradiance, Biospherical/Licor
# name 10 = upoly0: Upoly 0, Nitrate
# name 11 = sigma-é00: Density [sigma-theta, Kg/m^3]
# name 12 = flag:  0.000e+00
# span 0 =     -0.019,     74.671                 
# span 1 =     -0.019,     75.308                 
# span 2 =     9.0749,    14.9727                 
# span 3 =  10.392001,  41.139966                 
# span 4 =     7.4613,    33.4059                 
# span 5 =    148.807,    295.281                 
# span 6 =    -0.1249,     1.8824                 
# span 7 =      7.834,      8.243                 
# span 8 =    48.4130,    96.0541                 
# span 9 = 1.0000e-12, 6.6310e-01                 
# span 10 = -0.7634735,  5.0655863                
# span 11 =     4.8773,    25.8139                
# span 12 = 0.0000e+00, 0.0000e+00                
# interval = seconds: 1
# start_time = Feb 14 2014 08:50:07 [NMEA time, header]
# bad_flag = -9.990e-29
*END*
[from data line 445]
      7.856      7.922    14.9357  41.094168    33.3943    225.966     1.4208      8.239    92.4391 4.4208e-02 -0.4653966    24.7484  0.000e+00
      7.103      7.163    14.9400  41.099124    33.3953    226.070     1.3403      8.239    92.2842 5.0399e-02 -0.5316359    24.7482  0.000e+00
      6.308      6.361    14.9395  41.098598    33.3956    227.384     1.3256      8.239    92.3100 5.7003e-02 -0.5316359    24.7485  0.000e+00
      5.900      5.949    14.9388  41.097749    33.3956    225.854     1.4208      8.239    92.4133 7.4642e-02 -0.4653966    24.7486  0.000e+00
      5.595      5.642    14.9391  41.098204    33.3959    224.765     1.4208      8.239    92.2842 8.2130e-02 -0.5316359    24.7488  0.000e+00
      5.012      5.054    14.9392  41.098202    33.3960    224.826     1.2963      8.239    92.2583 9.3224e-02 -0.5316359    24.7489  0.000e+00
      4.372      4.409    14.9399  41.099048    33.3965    225.658     1.3036      8.239    92.2842 9.5635e-02 -0.4653966    24.7490  0.000e+00
      3.861      3.893    14.9391  41.097871    33.3963    226.020     1.4282      8.239    92.3100 1.0526e-01 -0.5316359    24.7491  0.000e+00
      3.279      3.306    14.9379  41.096498    33.3963    226.303     1.4868      8.239    92.2583 1.1143e-01 -0.5647556    24.7493  0.000e+00
      2.804      2.828    14.9372  41.095583    33.3962    226.959     1.4648      8.239    92.2842 1.0744e-01 -0.4985162    24.7494  0.000e+00
      2.408      2.428    14.9354  41.093820    33.3963    225.583     1.4795      8.239    92.2325 1.1461e-01 -0.5647556    24.7499  0.000e+00
      1.821      1.836    14.9339  41.091925    33.3961    226.201     1.4208      8.239    92.2583 1.1599e-01 -0.6972342    24.7500  0.000e+00
      1.726      1.741    14.9328  41.090946    33.3962    227.429     1.3842      8.239    92.1809 1.2164e-01 -0.4653966    24.7503  0.000e+00
      2.027      2.043    14.9360  41.094340    33.3964    225.197     1.3622      8.243    92.3100 1.4135e-01 -0.5316359    24.7498  0.000e+00
      1.931      1.947    14.9336  41.091926    33.3963    225.833     1.3549      8.239    92.2842 1.1415e-01 -0.6972342    24.7502  0.000e+00
      1.819      1.835    14.9331  41.091599    33.3965    227.096     1.3989      8.239    92.2583 1.3249e-01 -0.4653966    24.7504  0.000e+00
      2.063      2.080    14.9366  41.095319    33.3968    226.528     1.3403      8.243    92.2325 1.2797e-01 -0.5316359    24.7499  0.000e+00
      2.245      2.264    14.9369  41.095255    33.3964    225.680     1.4062      8.239    92.2583 1.3047e-01 -0.6641145    24.7496  0.000e+00
      1.910      1.926    14.9347  41.093426    33.3967    226.679     1.3915      8.239    92.2842 1.4188e-01 -0.5647556    24.7503  0.000e+00
      1.814      1.829    14.9343  41.092904    33.3967    226.051     1.3989      8.239    92.2325 1.3713e-01 -0.4653966    24.7504  0.000e+00
      2.062      2.079    14.9349  41.093688    33.3968    225.497     1.4062      8.239    92.2583 1.6335e-01 -0.4985162    24.7503  0.000e+00
      2.043      2.060    14.9348  41.093557    33.3968    226.389     1.3476      8.243    92.2325 1.6454e-01 -0.4985162    24.7503  0.000e+00
      1.945      1.961    14.9345  41.093231    33.3967    227.054     1.3989      8.239    92.2067 1.7061e-01 -0.4653966    24.7503  0.000e+00
      1.843      1.859    14.9348  41.093100    33.3964    226.531     1.4428      8.239    92.2325 1.6695e-01 -0.4653966    24.7500  0.000e+00
      2.059      2.076    14.9353  41.093688    33.3964    225.829     1.5088      8.239    92.2583 1.6394e-01 -0.4653966    24.7499  0.000e+00
      2.101      2.119    14.9353  41.093949    33.3966    225.016     1.4721      8.243    92.2583 1.4621e-01 -0.6641145    24.7501  0.000e+00
      2.266      2.285    14.9364  41.095059    33.3967    227.202     1.6553      8.239    92.1809 1.5517e-01 -0.5647556    24.7499  0.000e+00
      1.941      1.957    14.9359  41.094275    33.3965    226.753     1.4795      8.239    92.1809 1.7309e-01 -0.4985162    24.7499  0.000e+00
      1.643      1.657    14.9348  41.093360    33.3967    226.632     1.4208      8.239    92.2583 1.4296e-01 -0.4985162    24.7502  0.000e+00
      2.080      2.097    14.9349  41.093884    33.3970    226.869     1.4135      8.243    92.2583 1.3870e-01 -0.4653966    24.7504  0.000e+00
      2.008      2.025    14.9349  41.093557    33.3967    227.309     1.3403      8.243    92.2067 1.4512e-01 -0.5978752    24.7502  0.000e+00
      1.818      1.833    14.9344  41.093034    33.3967    226.492     1.3329      8.243    92.1809 1.4512e-01 -0.4985162    24.7504  0.000e+00
      2.094      2.112    14.9358  41.094732    33.3969    225.935     1.3476      8.243    92.2067 1.1739e-01 -0.4653966    24.7502  0.000e+00
      2.103      2.120    14.9352  41.094080    33.3969    225.496     1.3403      8.243    92.1292 1.3557e-01 -0.4653966    24.7503  0.000e+00
      1.883      1.899    14.9353  41.093948    33.3967    225.823     1.4208      8.243    92.1551 1.0920e-01 -0.4653966    24.7502  0.000e+00
      1.886      1.901    14.9356  41.094209    33.3967    226.047     1.4062      8.243    92.0776 1.0920e-01 -0.4653966    24.7501  0.000e+00
      2.169      2.187    14.9351  41.093949    33.3968    226.538     1.3989      8.243    92.2067 1.2846e-01 -0.5978752    24.7503  0.000e+00
      2.252      2.271    14.9345  41.093428    33.3968    226.396     1.3622      8.243    92.2583 1.0920e-01 -0.5978752    24.7504  0.000e+00
      1.887      1.903    14.9354  41.093948    33.3967    226.009     1.3622      8.243    92.2067 1.2116e-01 -0.5647556    24.7501  0.000e+00
      1.372      1.383    14.9354  41.093620    33.3966    226.514     1.3989      8.243    92.0518 1.2502e-01 -0.4985162    24.7500  0.000e+00
      1.787      1.802    14.9348  41.093622    33.3969    226.861     1.3256      8.243    91.8452 9.9744e-02 -0.4985162    24.7504  0.000e+00
      2.436      2.457    14.9359  41.094929    33.3969    226.689     1.2524      8.243    92.1551 1.0656e-01 -0.5647556    24.7502  0.000e+00
      2.211      2.230    14.9359  41.094602    33.3967    226.830     1.2524      8.243    92.1809 1.2996e-01 -0.6309949    24.7500  0.000e+00
      1.607      1.620    14.9345  41.080114    33.3849    226.504     1.3036      8.243    92.0001 1.2698e-01 -0.6309949    24.7412  0.000e+00
      1.738      1.752    14.9352  41.093882    33.3968    225.966     1.3036      8.243    91.5095 1.1233e-01 -0.5978752    24.7502  0.000e+00
      2.160      2.178    14.9355  41.094210    33.3967    226.497     1.2524      8.243    91.6386 1.4350e-01 -0.6309949    24.7501  0.000e+00
      2.396      2.416    14.9359  41.094798    33.3968    226.021     1.3403      8.243    91.8968 1.4296e-01 -0.5978752    24.7501  0.000e+00
      2.046      2.063    14.9353  41.093949    33.3966    225.494     1.4282      8.243    92.1034 1.2502e-01 -0.6309949    24.7501  0.000e+00
      1.532      1.545    14.9347  41.093099    33.3966    226.188     1.2817      8.243    91.4579 1.5460e-01 -0.5316359    24.7502  0.000e+00
      1.677      1.691    14.9348  41.093295    33.3966    226.045     1.3622      8.243    91.2771 1.1973e-01 -0.4985162    24.7502  0.000e+00
      2.204      2.222    14.9349  41.093754    33.3968    226.873     1.2524      8.243    91.6386 1.1926e-01 -0.6641145    24.7503  0.000e+00
      2.324      2.343    14.9352  41.093754    33.3964    227.395     1.3769      8.243    92.1034 1.5632e-01 -0.4985162    24.7500  0.000e+00
      2.210      2.228    14.9347  41.093493    33.3967    227.835     1.3989      8.243    92.0259 1.4404e-01 -0.4985162    24.7503  0.000e+00
      1.965      1.981    14.9350  41.093688    33.3967    225.640     1.3622      8.243    91.8710 1.5008e-01 -0.6309949    24.7502  0.000e+00
      1.467      1.480    14.9349  41.093294    33.3966    225.068     1.3329      8.243    91.1738 2.0156e-01 -0.4985162    24.7502  0.000e+00
      1.429      1.441    14.9349  41.093424    33.3968    226.184     1.4135      8.243    90.7607 2.4502e-01 -0.4985162    24.7503  0.000e+00
      1.253      1.264    14.9354  41.093880    33.3968    226.510     1.4941      8.243    90.7865 3.6164e-01 -0.5978752    24.7502  0.000e+00
      0.845      0.852    14.9349  41.092965    33.3966    226.501     1.4208      8.243    91.3029 3.4031e-01 -0.5978752    24.7501  0.000e+00
      0.233      0.235    14.9342  41.092180    33.3967    227.633     1.3476      8.243    84.7959 3.2953e-01 -0.6309949    24.7503  0.000e+00
     -0.007     -0.007    14.8353  11.382102     8.2164    295.281     1.3256      8.239    58.7676 3.7571e-01 -0.5647556     5.4447  0.000e+00
     -0.009     -0.009    14.7657  10.392001     7.4613    263.480     0.3879      8.239    69.8451 3.9773e-01 -0.4653966     4.8773  0.000e+00
     -0.009     -0.009    14.7410  13.022701     9.5263    233.464    -0.1249      8.239    62.8990 4.3563e-01 -0.4653966     6.4645  0.000e+00
     -0.007     -0.007    14.7272  24.187826    18.6946    222.542    -0.1249      8.240    62.7183 5.2298e-01 -0.4653966    13.4935  0.000e+00
     -0.007     -0.007    14.7085  31.181060    24.7284    210.851    -0.1249      8.230    68.4249 6.6310e-01 -0.4653966    18.1278  0.000e+00
     -0.000     -0.000    14.6823  30.552374    24.1950    212.366    -0.1176      8.217    64.0352 5.2137e-01 -0.4653966    17.7233  0.000e+00
     -0.010     -0.010    14.6596  32.166287    25.6248    209.157    -0.1176      8.198    61.7112 4.4525e-01 -0.4653966    18.8263  0.000e+00
     -0.016     -0.016    14.6349  22.941936    17.6847    219.437    -0.1176      8.189    61.9953 3.6049e-01 -0.4653966    12.7361  0.000e+00
     -0.017     -0.017    14.6148  14.498451    10.7353    227.603    -0.1176      8.180    60.1103 3.6979e-01 -0.4653966     7.4124  0.000e+00
     -0.019     -0.019    14.5868  17.051988    12.8117    219.972    -0.1249      8.171    59.3098 2.7903e-01 -0.4653966     9.0089  0.000e+00
     -0.012     -0.012    14.5624  22.390312    17.2521    210.607    -0.1249      8.166    59.9295 3.0486e-01 -0.4653966    12.4175  0.000e+00
     -0.005     -0.005    14.5456  37.227384    30.2175    190.259    -0.1249      8.152    55.3591 4.1957e-01 -0.4653966    22.3831  0.000e+00
     -0.006     -0.006    14.5233  40.300997    33.0272    188.569    -0.1249      8.111    48.4130 5.6632e-01 -0.4653966    24.5534  0.000e+00
     -0.006     -0.006    14.5161  40.330201    33.0601    200.175    -0.1249      8.060    50.4271 5.6459e-01 -0.4653966    24.5803  0.000e+00
