Arg_L2_SF09_NV.cnv
* Sea-Bird SBE 9 Data File:
* FileName = S:\CTD_Data\CTD\Data\Argentina 2014\Data\Arg_L2_SF09.hex
* Software Version Seasave V 7.21g
* Temperature SN = 5769
* Conductivity SN = 4244
* Number of Bytes Per Scan = 31
* Number of Voltage Words = 4
* Number of Scans Averaged by the Deck Unit = 24
* NMEA Latitude = 45 56.25 S
* NMEA Longitude = 065 33.98 W
* NMEA UTC (Time) = Feb 07 2014 18:00:47
* NMEA baud rate = 9600
** R/V Coriolis II
** MARES project, ARGENTINA 2014
** Chief scientist : Dr. Gustavo Ferreyra
** Co-Chief scientist : Dr. José Luis Esteves
# nquan = 13
# nvalues = 313                                   
# units = specified
# name 0 = depSM: Depth [salt water, m]
# name 1 = prDM: Pressure, Digiquartz [db]
# name 2 = t090C: Temperature [ITS-90, deg C]
# name 3 = c0mS/cm: Conductivity [mS/cm]
# name 4 = sal00: Salinity, Practical [PSU]
# name 5 = sbeox0Mm/Kg: Oxygen, SBE 43 [umol/Kg]
# name 6 = flECO-AFL: Fluorescence, WET Labs ECO-AFL/FL [mg/m^3]
# name 7 = ph: pH
# name 8 = CStarTr0: Beam Transmission, WET Labs C-Star [%]
# name 9 = par: PAR/Irradiance, Biospherical/Licor
# name 10 = upoly0: Upoly 0, Nitrate
# name 11 = sigma-é00: Density [sigma-theta, Kg/m^3]
# name 12 = flag:  0.000e+00
# span 0 =     -0.315,     85.459                 
# span 1 =     -0.318,     86.184                 
# span 2 =     9.0085,    14.1360                 
# span 3 =   1.435945,  40.209756                 
# span 4 =     0.9322,    33.3387                 
# span 5 =    132.888,    277.825                 
# span 6 =    -0.3520,     1.3696                 
# span 7 =      7.773,      8.225                 
# span 8 =    51.8990,    97.3452                 
# span 9 = 1.0000e-12, 1.8198e+03                 
# span 10 = -0.7634735,  15.465159                
# span 11 =    -0.0082,    25.8166                
# span 12 = 0.0000e+00, 0.0000e+00                
# interval = seconds: 1
# start_time = Feb 07 2014 18:00:47 [NMEA time, header]
# bad_flag = -9.990e-29
*END*
[from data line 112]
     69.372     69.958     9.8319  36.298044    33.2954    156.111    -0.0224      7.893    90.3475 3.0886e-01  0.9256291    25.6504  0.000e+00
     70.158     70.750     9.7747  36.250196    33.2991    154.347    -0.0370      7.884    89.3921 2.7903e-01  0.8593897    25.6628  0.000e+00
     70.688     71.285     9.7677  36.246165    33.3012    151.534    -0.0370      7.875    88.3334 2.6639e-01  1.3893043    25.6655  0.000e+00
     71.058     71.658     9.7667  36.245111    33.3009    149.075    -0.0297      7.875    87.6879 2.5509e-01  0.3957145    25.6655  0.000e+00
     71.479     72.083     9.7132  36.193878    33.2977    147.759    -0.0224      7.875    87.3006 2.4093e-01 -0.3660376    25.6718  0.000e+00
     71.980     72.588     9.6199  36.108036    33.2961    148.154    -0.0150      7.870    85.0541 2.2053e-01  0.3625949    25.6859  0.000e+00
     72.609     73.223     9.5001  36.003896    33.2999    147.924    -0.0004      7.857    82.3170 1.9877e-01  0.9587487    25.7084  0.000e+00
     73.237     73.856     9.3919  35.918544    33.3124    146.374    -0.0224      7.843    79.8381 1.8134e-01  1.4224239    25.7356  0.000e+00
     73.758     74.381     9.3558  35.890359    33.3166    143.982    -0.0150      7.838    76.9461 1.6695e-01  1.7536205    25.7448  0.000e+00
     74.300     74.928     9.3401  35.876889    33.3170    141.361    -0.0150      7.834    76.5845 1.4953e-01  1.8198598    25.7476  0.000e+00
     74.946     75.580     9.2828  35.827778    33.3194    140.309    -0.0077      7.829    76.3263 1.2649e-01  3.8070393    25.7587  0.000e+00
     75.666     76.305     9.1783  35.743455    33.3293    139.670    -0.0077      7.825    75.7066 1.0788e-01  2.0848171    25.7831  0.000e+00
     76.344     76.989     9.1275  35.701694    33.3332    138.764    -0.0150      7.815    74.1831 8.8909e-02  1.9854581    25.7942  0.000e+00
     76.732     77.382     9.1214  35.698180    33.3351    138.175    -0.0077      7.811    72.5822 8.0307e-02  2.6809709    25.7967  0.000e+00
     76.854     77.505     9.1106  35.687203    33.3337    136.864    -0.0077      7.806    71.6010 7.7089e-02 -0.6309949    25.7973  0.000e+00
     77.310     77.964     9.0481  35.634250    33.3370    136.325    -0.0150      7.801    71.4977 6.7910e-02  1.4886632    25.8097  0.000e+00
     78.260     78.923     9.0259  35.615890    33.3383    136.417    -0.0150      7.801    70.2066 4.9568e-02  2.7140906    25.8143  0.000e+00
     79.288     79.959     9.0130  35.605173    33.3387    135.460    -0.0004      7.797    66.0235 3.5051e-02  3.2771248    25.8166  0.000e+00
     79.770     80.446     9.0142  35.605729    33.3379    134.621     0.0143      7.792    60.8075 3.1153e-02  3.4758427    25.8158  0.000e+00
     79.556     80.230     9.0494  35.634627    33.3351    134.412     0.0143      7.792    61.0140 3.3423e-02  3.1115265    25.8081  0.000e+00
     79.583     80.257     9.0313  35.617373    33.3341    134.078     0.0143      7.792    61.7629 3.2964e-02  2.4160137    25.8102  0.000e+00
     80.236     80.915     9.0108  35.601849    33.3369    134.381    -0.0004      7.792    60.7558 2.7224e-02  1.8198598    25.8156  0.000e+00
     81.170     81.857     9.0096  35.600805    33.3365    134.635     0.0143      7.787    58.5093 1.4758e-02  2.0185778    25.8155  0.000e+00
     81.938     82.632     9.0097  35.600931    33.3362    134.310     0.0143      7.787    58.4577 9.4805e-03  2.0185778    25.8152  0.000e+00
     82.048     82.744     9.0151  35.605490    33.3358    133.959     0.0069      7.787    59.6197 8.8324e-03  2.2835350    25.8141  0.000e+00
     82.017     82.712     9.0342  35.620154    33.3332    133.566     0.0069      7.787    59.4389 9.4805e-03  2.3497744    25.8090  0.000e+00
     82.286     82.983     9.0108  35.601363    33.3354    133.756     0.0069      7.787    60.0586 8.8324e-03  2.1841761    25.8145  0.000e+00
     82.906     83.609     9.0095  35.600256    33.3352    133.888     0.0069      7.782    60.0070 6.4659e-03  2.2504154    25.8145  0.000e+00
     83.813     84.524     9.0095  35.600567    33.3351    133.734     0.0069      7.782    57.9154 1.7390e-03  2.6809709    25.8145  0.000e+00
     84.688     85.406     9.0093  35.600632    33.3349    133.581     0.0069      7.782    57.6314 2.0988e-04  2.7472103    25.8144  0.000e+00
     84.874     85.594     9.0117  35.602604    33.3347    133.409     0.0143      7.782    58.3544 1.0000e-12  2.4491333    25.8138  0.000e+00
     84.245     84.959     9.0214  35.610488    33.3341    133.200     0.0143      7.782    58.5352 1.3173e-03  3.7739197    25.8118  0.000e+00
     83.734     84.443     9.0363  35.621885    33.3322    133.434     0.0069      7.782    58.3544 3.0257e-03  2.8134496    25.8080  0.000e+00
     83.988     84.700     9.0262  35.613383    33.3327    133.754     0.0143      7.782    57.7089 2.4498e-03  2.8134496    25.8099  0.000e+00
     84.766     85.485     9.0093  35.600139    33.3344    133.818     0.0069      7.782    56.7535 1.4574e-03  3.4096034    25.8140  0.000e+00
     85.459     86.184     9.0086  35.599710    33.3343    133.832     0.0143      7.778    56.8826 1.1775e-03  2.1510564    25.8140  0.000e+00
     85.445     86.169     9.0099  35.600758    33.3342    133.373     0.0069      7.778    58.0445 7.3199e-05  3.4427231    25.8137  0.000e+00
     84.888     85.608     9.0170  35.606054    33.3333    132.888     0.0069      7.778    58.1220 1.0381e-03  3.9395179    25.8119  0.000e+00
     84.401     85.117     9.0191  35.607839    33.3334    133.159     0.0143      7.778    57.5539 4.8439e-04  3.7076803    25.8116  0.000e+00
     84.039     84.751     9.0185  35.606667    33.3329    133.441     0.0216      7.778    57.4506 1.5980e-03  2.6147316    25.8113  0.000e+00
     83.846     84.557     9.0121  35.601306    33.3334    133.457     0.0289      7.778    57.9154 1.0381e-03  4.4694325    25.8127  0.000e+00
     83.448     84.156     9.0106  35.599888    33.3336    133.000     0.0143      7.778    58.5610 2.4498e-03  4.2375949    25.8131  0.000e+00
     82.730     83.431     9.0105  35.599146    33.3332    132.988     0.0069      7.778    58.3802 4.3455e-03  3.2440051    25.8128  0.000e+00
     81.781     82.474     9.0092  35.597911    33.3335    133.262     0.0216      7.773    57.8638 1.0301e-02  1.5880222    25.8132  0.000e+00
     80.793     81.478     9.0112  35.598708    33.3330    133.239     0.0143      7.773    57.5539 1.8228e-02  2.9128085    25.8125  0.000e+00
     80.013     80.690     9.0085  35.596426    33.3335    133.234     0.0362      7.773    57.0375 2.7011e-02  3.6745607    25.8133  0.000e+00
     79.617     80.291     9.0140  35.601107    33.3333    133.210     0.0143      7.773    56.9600 3.5522e-02  3.6745607    25.8123  0.000e+00
     79.401     80.073     9.0116  35.598334    33.3328    133.215     0.0143      7.773    57.0633 3.6711e-02  2.6809709    25.8122  0.000e+00
     78.897     79.565     9.0101  35.597100    33.3332    133.210     0.0143      7.773    57.9671 4.2914e-02  1.8529795    25.8128  0.000e+00
     77.989     78.649     9.0160  35.602210    33.3334    133.177     0.0143      7.773    58.4060 5.5531e-02  1.7536205    25.8120  0.000e+00
     77.028     77.680     9.0406  35.622355    33.3317    133.087     0.0216      7.773    57.9929 7.2243e-02  2.2172957    25.8068  0.000e+00
     76.333     76.978     9.0523  35.630979    33.3301    133.041     0.0289      7.778    60.2652 8.6991e-02  3.1446462    25.8036  0.000e+00
     75.805     76.446     9.0280  35.612923    33.3343    133.556     0.0143      7.782    60.6525 1.0100e-01  3.1115265    25.8108  0.000e+00
     75.217     75.853     9.1319  35.698605    33.3264    133.686     0.0069      7.782    61.5305 1.1324e-01  3.3102444    25.7882  0.000e+00
     74.538     75.168     9.1755  35.734380    33.3231    133.712     0.0143      7.787    64.0094 1.3300e-01  3.4096034    25.7787  0.000e+00
     73.867     74.491     9.2742  35.815608    33.3154    134.468     0.0143      7.791    66.3591 1.5864e-01  3.2108855    25.7569  0.000e+00
     73.162     73.780     9.2985  35.833577    33.3117    135.892     0.0289      7.796    67.7793 1.8069e-01  2.0516974    25.7501  0.000e+00
     72.457     73.069     9.3773  35.898265    33.3054    136.583     0.0143      7.800    70.4132 2.0582e-01  2.6147316    25.7325  0.000e+00
     71.930     72.538     9.4645  35.965658    33.2939    137.417     0.0143      7.805    71.3944 2.2204e-01  1.6542615    25.7095  0.000e+00
     71.435     72.039     9.5295  36.030938    33.3010    138.300     0.0143      7.814    71.4977 2.3689e-01  1.3230650    25.7044  0.000e+00
     70.663     71.259     9.7188  36.190712    33.2898    138.950    -0.0004      7.823    75.2935 2.5766e-01  3.5089624    25.6647  0.000e+00
     69.768     70.357     9.7208  36.193189    33.2908    141.504    -0.0077      7.832    75.4484 2.9603e-01  1.4886632    25.6651  0.000e+00
     69.009     69.591     9.7435  36.214520    33.2920    143.717    -0.0077      7.837    72.8662 3.3059e-01  1.3893043    25.6623  0.000e+00
     68.364     68.941     9.7993  36.262971    33.2902    145.004    -0.0077      7.842    76.8428 3.5934e-01  1.1243470    25.6517  0.000e+00
     67.676     68.247     9.8726  36.325604    33.2867    145.794    -0.0077      7.846    77.9273 3.9274e-01 -0.0679607    25.6368  0.000e+00
     67.108     67.674     9.9428  36.384863    33.2825    147.029    -0.0004      7.855    80.8968 4.2354e-01  2.5816120    25.6218  0.000e+00
     66.719     67.282     9.9657  36.407608    33.2848    149.121    -0.0004      7.865    82.4719 4.4525e-01  2.8134496    25.6198  0.000e+00
     66.134     66.691    10.0128  36.450005    33.2847    151.715    -0.0224      7.869    83.6081 4.7676e-01  2.5816120    25.6118  0.000e+00
     65.192     65.742    10.0214  36.454976    33.2822    154.174    -0.0297      7.874    85.2348 5.2782e-01  2.2172957    25.6084  0.000e+00
     64.182     64.723    10.0152  36.449314    33.2827    155.723    -0.0224      7.879    83.8146 6.0371e-01  2.0516974    25.6099  0.000e+00
     63.470     64.005     9.9767  36.408838    33.2774    156.976    -0.0150      7.883    86.5776 6.5712e-01  1.7205009    25.6121  0.000e+00
     63.117     63.649     9.9084  36.359252    33.2900    157.299    -0.0224      7.884    85.4930 6.8545e-01  1.0249880    25.6333  0.000e+00
     62.766     63.295     9.9641  36.403429    33.2838    156.154    -0.0297      7.883    86.2677 7.1063e-01  0.5281932    25.6192  0.000e+00
     62.049     62.571    10.0354  36.454528    33.2703    154.901    -0.0297      7.883    87.9203 7.7050e-01  3.2771248    25.5967  0.000e+00
     61.014     61.528    10.0313  36.449425    33.2694    155.554    -0.0224      7.888    88.6949 8.7834e-01  0.8593897    25.5966  0.000e+00
     60.076     60.582    10.0291  36.445131    33.2675    157.592    -0.0224      7.888    89.3921 1.0063e+00  0.7600308    25.5955  0.000e+00
     59.537     60.038    10.0223  36.436673    33.2654    159.125    -0.0224      7.888    89.5212 1.0831e+00  1.1574667    25.5950  0.000e+00
     59.053     59.551    10.0134  36.428962    33.2659    159.705    -0.0297      7.893    89.4954 1.1318e+00  0.6275521    25.5969  0.000e+00
     58.246     58.736    10.0206  36.417705    33.2482    159.811    -0.0297      7.893    90.0893 1.2249e+00  0.2301162    25.5819  0.000e+00
     57.419     57.902    10.0035  36.394082    33.2404    159.830    -0.0224      7.893    90.6058 1.3606e+00  0.5613128    25.5786  0.000e+00
     56.828     57.306     9.9710  36.351457    33.2272    160.181    -0.0150      7.893    90.7607 1.4889e+00  0.9587487    25.5737  0.000e+00
     56.372     56.846     9.9525  36.329406    33.2220    161.170    -0.0224      7.898    90.7607 1.5778e+00  0.9587487    25.5728  0.000e+00
     55.599     56.066     9.9138  36.276257    33.2039    161.382    -0.0004      7.898    90.8123 1.7209e+00  0.2632359    25.5651  0.000e+00
     54.715     55.175     9.9232  36.278426    33.1978    161.133    -0.0224      7.898    90.8640 1.9652e+00  0.2963556    25.5588  0.000e+00
     54.119     54.574     9.9289  36.282706    33.1972    161.430    -0.0297      7.902    90.8381 2.1179e+00  0.1969966    25.5573  0.000e+00
     53.567     54.017     9.9418  36.293381    33.1965    162.563    -0.0150      7.902    90.8381 2.2304e+00  0.0313983    25.5546  0.000e+00
     52.862     53.306     9.9698  36.315915    33.1939    163.207    -0.0077      7.907    90.8123 2.4519e+00  0.6275521    25.5479  0.000e+00
     52.126     52.563     9.9825  36.326531    33.1934    163.803    -0.0004      7.907    90.8640 2.7260e+00  1.2568256    25.5454  0.000e+00
     51.360     51.791     9.9947  36.337396    33.1935    165.094    -0.0004      7.907    90.8640 2.9957e+00  1.4886632    25.5434  0.000e+00
     50.679     51.104    10.0127  36.342858    33.1829    165.682    -0.0077      7.912    90.8123 3.2917e+00  1.2899453    25.5321  0.000e+00
     50.215     50.636    10.0230  36.343352    33.1741    166.036    -0.0077      7.916    90.8381 3.5450e+00  0.4619538    25.5235  0.000e+00
     49.653     50.069    10.0415  36.359500    33.1739    167.469    -0.0077      7.926    90.8640 3.7422e+00  1.4555436    25.5202  0.000e+00
     48.696     49.105    10.0953  36.396030    33.1620    170.046    -0.0150      7.930    90.7349 4.2173e+00  1.4886632    25.5019  0.000e+00
     47.659     48.058    10.1416  36.434502    33.1590    172.104    -0.0224      7.935    90.6832 4.9446e+00  1.0912274    25.4917  0.000e+00
     46.953     47.346    10.1067  36.410506    33.1670    174.550     0.0143      7.940    90.3992 5.5076e+00  2.5153726    25.5038  0.000e+00
     46.520     46.910    10.1025  36.406029    33.1665    176.462    -0.0077      7.944    90.1668 5.8125e+00  2.4822530    25.5041  0.000e+00
     46.009     46.395    10.2154  36.497810    33.1562    176.096    -0.0150      7.949    89.9860 6.1865e+00  1.8529795    25.4771  0.000e+00
     45.275     45.654    10.3378  36.596656    33.1444    175.115    -0.0150      7.953    89.2630 6.8505e+00  1.4886632    25.4470  0.000e+00
     44.588     44.962    10.4540  36.702968    33.1458    177.027    -0.0004      7.957    89.0823 7.7152e+00  1.9523385    25.4282  0.000e+00
     44.096     44.466    10.5131  36.751489    33.1410    181.770    -0.0077      7.966    89.0823 8.1412e+00  2.2172957    25.4143  0.000e+00
     43.535     43.899    10.6251  36.851234    33.1394    184.975    -0.0077      7.971    88.9790 8.4700e+00  1.3893043    25.3936  0.000e+00
     42.611     42.968    10.7479  36.961276    33.1383    187.249     0.0069      7.980    89.0048 9.2197e+00  1.0581077    25.3713  0.000e+00
     41.497     41.844    10.8722  37.078272    33.1428    189.080     0.0143      7.993    89.1339 1.0178e+01  1.6211419    25.3530  0.000e+00
     40.635     40.976    10.9788  37.180812    33.1487    190.738     0.0216      8.007    89.5987 1.1267e+01  0.0645179    25.3387  0.000e+00
     40.177     40.514    11.2213  37.393769    33.1410    192.048     0.0216      8.020    90.1410 1.1821e+01 -0.4653966    25.2895  0.000e+00
     39.920     40.254    10.9829  37.170404    33.1350    195.953     0.0362      8.031    90.3992 1.2125e+01 -0.1010803    25.3273  0.000e+00
     39.473     39.803    11.1347  37.367520    33.1934    194.734     0.0509      8.039    90.6058 1.2543e+01  1.1243470    25.3457  0.000e+00
     38.580     38.902    12.0352  38.138314    33.1418    190.995     0.0582      8.059    94.1175 1.3309e+01 -0.7303538    25.1404  0.000e+00
     37.459     37.772    12.0886  38.196641    33.1512    196.608     0.0436      8.078    93.3429 1.4690e+01 -0.7634735    25.1377  0.000e+00
     36.634     36.941    11.9338  38.053316    33.1503    204.301     0.0509      8.088    92.8006 1.6678e+01 -0.7634735    25.1660  0.000e+00
