Arg_Leg3_G6_NV.cnv
* Sea-Bird SBE 9 Data File:
* FileName = S:\CTD_Data\CTD\Data\Argentina 2014\Data\Leg3\Arg_Leg3_G6.hex
* Software Version Seasave V 7.21g
* Temperature SN = 5769
* Conductivity SN = 4244
* Number of Bytes Per Scan = 31
* Number of Voltage Words = 4
* Number of Scans Averaged by the Deck Unit = 24
* NMEA Latitude = 45 27.61 S
* NMEA Longitude = 066 11.83 W
* NMEA UTC (Time) = Feb 13 2014 13:30:45
* NMEA baud rate = 9600
** R/V Coriolis II
** MARES project, ARGENTINA 2014
** Chief scientist : Dr. Gustavo Ferreyra
** Co-Chief scientist : Dr. José Luis Esteves
# nquan = 13
# nvalues = 523                                   
# units = specified
# name 0 = depSM: Depth [salt water, m]
# name 1 = prDM: Pressure, Digiquartz [db]
# name 2 = t090C: Temperature [ITS-90, deg C]
# name 3 = c0mS/cm: Conductivity [mS/cm]
# name 4 = sal00: Salinity, Practical [PSU]
# name 5 = sbeox0Mm/Kg: Oxygen, SBE 43 [umol/Kg]
# name 6 = flECO-AFL: Fluorescence, WET Labs ECO-AFL/FL [mg/m^3]
# name 7 = ph: pH
# name 8 = CStarTr0: Beam Transmission, WET Labs C-Star [%]
# name 9 = par: PAR/Irradiance, Biospherical/Licor
# name 10 = upoly0: Upoly 0, Nitrate
# name 11 = sigma-é00: Density [sigma-theta, Kg/m^3]
# name 12 = flag:  0.000e+00
# span 0 =     -0.005,     80.900                 
# span 1 =     -0.005,     81.581                 
# span 2 =     8.3787,    15.3116                 
# span 3 =   2.981435,  41.392008                 
# span 4 =     1.9451,    33.5125                 
# span 5 =    140.291,    263.822                 
# span 6 =    -0.1176,    28.6077                 
# span 7 =      7.770,      8.239                 
# span 8 =    52.2605,    98.0941                 
# span 9 = 1.0000e-12, 1.6400e+03                 
# span 10 = -0.7634735,  4.2044752                
# span 11 =     0.5737,    25.9650                
# span 12 = 0.0000e+00, 0.0000e+00                
# interval = seconds: 1
# start_time = Feb 13 2014 13:30:45 [NMEA time, header]
# bad_flag = -9.990e-29
*END*
[from data line 445]
      2.571      2.592    15.0871  41.363669    33.5107    215.866     0.1681      8.215    94.2208 9.3725e+02 -0.6309949    24.8051  0.000e+00
      2.659      2.681    15.0868  41.363342    33.5107    214.178     0.2414      8.215    94.3241 9.7214e+02 -0.4985162    24.8051  0.000e+00
      2.700      2.722    15.0862  41.362623    33.5105    213.629     0.1754      8.215    94.2466 9.9425e+02 -0.4985162    24.8051  0.000e+00
      2.689      2.711    15.0867  41.363212    33.5106    213.371     0.1901      8.215    94.1950 9.2677e+02 -0.5647556    24.8051  0.000e+00
      2.789      2.812    15.0857  41.362362    33.5107    215.363     0.1901      8.215    94.3241 9.8590e+02 -0.4985162    24.8054  0.000e+00
      2.742      2.765    15.0877  41.363997    33.5105    215.575     0.1681      8.215    94.3757 9.3199e+02 -0.4985162    24.8048  0.000e+00
      2.603      2.624    15.0875  41.363735    33.5104    215.790     0.1608      8.215    94.1692 8.7856e+02 -0.4985162    24.8048  0.000e+00
      2.542      2.563    15.0871  41.363342    33.5105    212.997     0.1828      8.215    94.0142 1.0459e+03 -0.5647556    24.8049  0.000e+00
      2.601      2.623    15.0874  41.364062    33.5109    213.252     0.1828      8.215    94.0659 9.6127e+02 -0.4985162    24.8051  0.000e+00
      2.577      2.599    15.0864  41.363080    33.5109    215.906     0.1828      8.219    94.1433 1.0112e+03 -0.5978752    24.8053  0.000e+00
      2.537      2.557    15.0853  41.361772    33.5106    214.035     0.1974      8.215    94.4532 1.0879e+03 -0.5647556    24.8054  0.000e+00
      2.710      2.732    15.0829  41.359614    33.5107    214.158     0.1828      8.215    94.2724 1.0488e+03 -0.4985162    24.8059  0.000e+00
      2.794      2.817    15.0829  41.359614    33.5106    218.868     0.1608      8.220    94.2208 9.4253e+02 -0.4985162    24.8059  0.000e+00
      2.701      2.724    15.0846  41.361184    33.5106    213.858     0.1828      8.219    94.2983 1.0787e+03 -0.4985162    24.8055  0.000e+00
      2.572      2.593    15.0843  41.360791    33.5106    213.629     0.1754      8.219    94.2466 9.9425e+02 -0.4985162    24.8056  0.000e+00
      2.597      2.619    15.0856  41.362295    33.5108    215.211     0.1754      8.219    94.0917 9.2677e+02 -0.5647556    24.8055  0.000e+00
      2.606      2.627    15.0871  41.363538    33.5107    215.754     0.2121      8.219    94.1433 8.6143e+02 -0.5647556    24.8050  0.000e+00
      2.542      2.563    15.0849  41.361510    33.5107    214.991     0.1974      8.215    94.1433 9.7214e+02 -0.5316359    24.8055  0.000e+00
      2.520      2.540    15.0866  41.363015    33.5107    215.385     0.1608      8.219    94.1175 1.0027e+03 -0.4985162    24.8051  0.000e+00
      2.351      2.370    15.0872  41.363668    33.5108    215.784     0.1681      8.219    94.2724 9.4785e+02 -0.4985162    24.8051  0.000e+00
      2.123      2.140    15.0843  41.360985    33.5109    215.384     0.1754      8.219    94.2983 1.0197e+03 -0.4985162    24.8058  0.000e+00
      1.999      2.015    15.0855  41.362031    33.5109    213.244     0.1974      8.219    94.0659 1.2037e+03 -0.4985162    24.8055  0.000e+00
      1.991      2.008    15.0848  41.361115    33.5107    213.725     0.1901      8.219    93.7818 1.0083e+03 -0.4985162    24.8055  0.000e+00
      2.013      2.029    15.0844  41.360985    33.5109    215.678     0.1828      8.219    94.1692 1.1095e+03 -0.4985162    24.8057  0.000e+00
      1.994      2.011    15.0846  41.360919    33.5107    214.647     0.2121      8.219    94.1950 9.8590e+02 -0.4985162    24.8056  0.000e+00
      2.025      2.042    15.0849  41.361312    33.5107    214.608     0.1901      8.219    94.3757 1.2173e+03 -0.5978752    24.8055  0.000e+00
      1.745      1.759    15.0843  41.360657    33.5108    215.964     0.1681      8.219    94.2466 1.2105e+03 -0.5647556    24.8057  0.000e+00
      1.636      1.650    15.0840  41.360264    33.5107    214.125     0.1681      8.220    94.2724 9.8037e+02 -0.4985162    24.8057  0.000e+00
      1.927      1.942    15.0873  41.364059    33.5112    215.880     0.1681      8.219    94.2466 8.8351e+02 -0.5978752    24.8054  0.000e+00
      1.938      1.954    15.0894  41.365564    33.5108    216.462     0.1608      8.219    94.1433 9.7488e+02 -0.5647556    24.8046  0.000e+00
      1.903      1.918    15.0880  41.364190    33.5108    213.525     0.1681      8.219    94.2208 9.9425e+02 -0.5647556    24.8049  0.000e+00
      1.973      1.989    15.0882  41.364583    33.5109    214.040     0.1681      8.219    94.2466 1.1189e+03 -0.6641145    24.8049  0.000e+00
      1.972      1.988    15.0875  41.363863    33.5108    215.956     0.1828      8.219    93.9626 1.1475e+03 -0.4985162    24.8051  0.000e+00
      2.004      2.020    15.0874  41.363863    33.5109    215.442     0.2047      8.219    94.2724 1.0818e+03 -0.4985162    24.8051  0.000e+00
      2.024      2.040    15.0871  41.363405    33.5107    214.561     0.2340      8.219    94.2208 1.0518e+03 -0.6641145    24.8050  0.000e+00
      1.898      1.914    15.0867  41.363209    33.5109    214.082     0.1828      8.219    94.1950 1.2173e+03 -0.4985162    24.8053  0.000e+00
      1.667      1.681    15.0860  41.362161    33.5107    214.263     0.1754      8.219    94.2466 1.1605e+03 -0.4985162    24.8053  0.000e+00
      1.872      1.887    15.0859  41.362751    33.5112    215.960     0.1974      8.219    94.1175 1.1002e+03 -0.6641145    24.8057  0.000e+00
      1.996      2.012    15.0863  41.362751    33.5109    215.962     0.1974      8.219    94.1433 1.2037e+03 -0.4985162    24.8053  0.000e+00
      1.932      1.948    15.0861  41.362620    33.5109    214.232     0.1828      8.219    94.1433 1.0577e+03 -0.4985162    24.8054  0.000e+00
      2.048      2.065    15.0844  41.361247    33.5111    214.573     0.1828      8.219    94.2983 1.0488e+03 -0.6641145    24.8059  0.000e+00
      2.190      2.208    15.0845  41.361247    33.5110    215.460     0.1681      8.219    94.2208 1.1704e+03 -0.5647556    24.8058  0.000e+00
      2.014      2.030    15.0848  41.361639    33.5111    213.946     0.1608      8.219    94.1692 9.4785e+02 -0.5647556    24.8059  0.000e+00
      2.072      2.089    15.0844  41.361247    33.5111    214.758     0.1828      8.219    94.1692 9.2157e+02 -0.6309949    24.8059  0.000e+00
      2.241      2.259    15.0851  41.361771    33.5109    215.496     0.1754      8.219    94.1692 9.8037e+02 -0.4985162    24.8056  0.000e+00
      2.121      2.138    15.0854  41.362097    33.5109    213.947     0.1828      8.219    94.1950 9.5857e+02 -0.5316359    24.8056  0.000e+00
      1.925      1.941    15.0862  41.362751    33.5109    214.269     0.1828      8.219    94.1950 9.4519e+02 -0.6309949    24.8054  0.000e+00
      1.819      1.834    15.0867  41.363012    33.5108    215.809     0.1828      8.219    94.2208 1.0226e+03 -0.5978752    24.8052  0.000e+00
      1.984      2.000    15.0855  41.362228    33.5110    215.634     0.1974      8.219    94.1692 1.0607e+03 -0.4985162    24.8056  0.000e+00
      2.108      2.125    15.0857  41.362490    33.5111    215.745     0.1681      8.219    94.1692 1.1638e+03 -0.4985162    24.8056  0.000e+00
      2.104      2.121    15.0861  41.362882    33.5111    214.090     0.1608      8.219    94.1692 1.1252e+03 -0.5647556    24.8055  0.000e+00
      2.125      2.142    15.0864  41.362752    33.5107    214.383     0.1681      8.219    94.2208 1.2450e+03 -0.4985162    24.8052  0.000e+00
      2.184      2.202    15.0910  41.367397    33.5110    216.608     0.1901      8.219    94.2466 1.1002e+03 -0.4985162    24.8044  0.000e+00
      2.236      2.255    15.0904  41.366939    33.5110    214.590     0.1974      8.219    94.2983 9.7488e+02 -0.5978752    24.8046  0.000e+00
      2.074      2.091    15.0928  41.369359    33.5113    214.830     0.1901      8.219    94.3241 1.0667e+03 -0.4985162    24.8042  0.000e+00
      1.952      1.968    15.0932  41.369424    33.5110    216.077     0.1754      8.224    94.1175 1.0027e+03 -0.4985162    24.8039  0.000e+00
      1.916      1.932    15.0926  41.368770    33.5109    216.518     0.1828      8.224    94.1433 1.1443e+03 -0.4985162    24.8040  0.000e+00
      1.756      1.770    15.0906  41.366675    33.5108    215.016     0.1754      8.224    93.9368 9.6669e+02 -0.4985162    24.8044  0.000e+00
      1.466      1.478    15.0871  41.363272    33.5109    214.801     0.1828      8.224    94.1950 1.2662e+03 -0.4985162    24.8051  0.000e+00
      1.072      1.081    15.0857  41.362159    33.5112    214.541     0.1974      8.224    94.1175 1.2841e+03 -0.4985162    24.8057  0.000e+00
      0.723      0.729    15.0879  41.363858    33.5110    217.314     0.2194      8.224    94.1950 1.2769e+03 -0.4985162    24.8051  0.000e+00
      0.361      0.364    15.0880  41.363529    33.5108    214.550     0.1461      8.224    94.2208 1.2841e+03 -0.4985162    24.8048  0.000e+00
     -0.002     -0.002    14.8832  12.289689     8.9154    253.682     0.5124      8.220    83.1949 1.2311e+03 -0.5978752     5.9724  0.000e+00
     -0.005     -0.005    14.8774   5.629891     3.8543    257.642    20.5710      8.220    84.2794 1.1508e+03 -0.4985162     2.0911  0.000e+00
     -0.004     -0.004    15.0875   3.589195     2.3740    249.901    11.5307      8.219    76.1456 1.1936e+03 -0.4985162     0.9199  0.000e+00
     -0.005     -0.005    15.1905   2.981435     1.9451    240.315    -0.1176      8.219    65.8944 1.2346e+03 -0.4985162     0.5737  0.000e+00
     -0.005     -0.005    15.1456   4.986771     3.3634    229.355    -0.1176      8.215    60.9624 1.3622e+03 -0.4985162     1.6713  0.000e+00
      0.002      0.002    15.0942  19.730747    14.8246    207.992    -0.1176      8.210    57.4765 1.6400e+03 -0.4985162    10.4606  0.000e+00
      0.000      0.000    15.0955  34.946332    27.7754    188.831    -0.1176      8.201    54.3004 1.5990e+03 -0.4985162    20.3905  0.000e+00
      0.003      0.003    15.1126  21.060634    15.9108    212.569    -0.1176      8.196    53.8098 1.6080e+03 -0.4985162    11.2888  0.000e+00
      0.007      0.007    15.1145  10.686299     7.6215    241.538    -0.1103      8.187    53.2675 1.5990e+03 -0.4985162     4.9421  0.000e+00
      0.004      0.004    15.1799  10.950154     7.8118    257.277    -0.0004      8.173    52.3638 1.4697e+03 -0.4985162     5.0768  0.000e+00
     -0.001     -0.001    15.1653   9.943719     7.0432    263.822    28.6077      8.141    52.2605 1.4697e+03 -0.4985162     4.4905  0.000e+00
      0.004      0.004    15.2002   5.826450     3.9657    257.776     3.2597      8.057    52.3379 1.4169e+03 -0.4985162     2.1250  0.000e+00
      0.004      0.004    15.2384   5.786308     3.9327    240.673    -0.1176      8.011    52.3896 1.4130e+03 -0.4985162     2.0935  0.000e+00
      0.004      0.004    15.2662   4.611882     3.0852    228.290    -0.1176      8.001    52.4154 1.4011e+03 -0.4985162     1.4383  0.000e+00
      0.005      0.005    15.2924   4.224884     2.8086    222.310    -0.1176      7.992    52.4412 1.4050e+03 -0.4985162     1.2215  0.000e+00
      0.005      0.005    15.3116   4.005035     2.6521    219.619    -0.1176      7.983    52.4671 1.4090e+03 -0.4985162     1.0982  0.000e+00
