Arg_L2_SF08_NV.cnv
* Sea-Bird SBE 9 Data File:
* FileName = S:\CTD_Data\CTD\Data\Argentina 2014\Data\Arg_L2_SF08.hex
* Software Version Seasave V 7.21g
* Temperature SN = 5769
* Conductivity SN = 4244
* Number of Bytes Per Scan = 31
* Number of Voltage Words = 4
* Number of Scans Averaged by the Deck Unit = 24
* NMEA Latitude = 45 56.92 S
* NMEA Longitude = 065 34.93 W
* NMEA UTC (Time) = Feb 07 2014 15:04:38
* NMEA baud rate = 9600
** R/V Coriolis II
** MARES project, ARGENTINA 2014
** Chief scientist : Dr. Gustavo Ferreyra
** Co-Chief scientist : Dr. José Luis Esteves
# nquan = 13
# nvalues = 469                                   
# units = specified
# name 0 = depSM: Depth [salt water, m]
# name 1 = prDM: Pressure, Digiquartz [db]
# name 2 = t090C: Temperature [ITS-90, deg C]
# name 3 = c0mS/cm: Conductivity [mS/cm]
# name 4 = sal00: Salinity, Practical [PSU]
# name 5 = sbeox0Mm/Kg: Oxygen, SBE 43 [umol/Kg]
# name 6 = flECO-AFL: Fluorescence, WET Labs ECO-AFL/FL [mg/m^3]
# name 7 = ph: pH
# name 8 = CStarTr0: Beam Transmission, WET Labs C-Star [%]
# name 9 = par: PAR/Irradiance, Biospherical/Licor
# name 10 = upoly0: Upoly 0, Nitrate
# name 11 = sigma-é00: Density [sigma-theta, Kg/m^3]
# name 12 = flag:  0.000e+00
# span 0 =     -0.316,     87.397                 
# span 1 =     -0.319,     88.139                 
# span 2 =     9.3872,    13.8481                 
# span 3 =   6.187211,  39.891406                 
# span 4 =     4.3799,    33.2961                 
# span 5 =    135.575,    267.072                 
# span 6 =    -0.1323,    29.3842                 
# span 7 =      7.800,      8.217                 
# span 8 =     9.4997,    97.5002                 
# span 9 = 1.0000e-12, 2.0023e+03                 
# span 10 = -0.7634735,  3.0121675                
# span 11 =     2.6558,    25.7231                
# span 12 = 0.0000e+00, 0.0000e+00                
# interval = seconds: 1
# start_time = Feb 07 2014 15:04:38 [NMEA time, header]
# bad_flag = -9.990e-29
*END*
      1.890      1.905    13.7935  39.861819    33.2489    220.431     0.5784      8.188    94.3757 5.6936e+01 -0.6641145    24.8768  0.000e+00
      2.018      2.035    13.7933  39.861690    33.2489    221.490     0.5784      8.188    94.4532 5.3368e+01 -0.4985162    24.8767  0.000e+00
      1.819      1.834    13.7935  39.861883    33.2490    221.132     0.5784      8.188    94.4274 5.4277e+01 -0.5316359    24.8768  0.000e+00
      1.261      1.272    13.7959  39.864072    33.2492    219.447     0.6003      8.188    94.4274 6.3899e+01 -0.6641145    24.8764  0.000e+00
      1.240      1.250    13.7959  39.863814    33.2489    220.351     0.6150      8.188    94.4015 5.0732e+01 -0.4985162    24.8762  0.000e+00
      2.176      2.194    13.7951  39.863560    33.2490    221.688     0.5857      8.192    94.3499 3.6395e+01 -0.4985162    24.8765  0.000e+00
      3.313      3.340    13.7967  39.865756    33.2491    219.902     0.5710      8.192    94.3499 4.2609e+01 -0.5978752    24.8763  0.000e+00
      4.162      4.197    13.7944  39.863697    33.2489    219.182     0.5857      8.192    94.2983 3.7329e+01 -0.4985162    24.8767  0.000e+00
      4.331      4.367    13.7955  39.864858    33.2490    221.043     0.5857      8.197    94.3499 3.0565e+01 -0.4985162    24.8765  0.000e+00
      4.713      4.752    13.7946  39.864021    33.2488    220.555     0.5784      8.192    94.4015 3.2980e+01 -0.4985162    24.8765  0.000e+00
      5.626      5.673    13.7963  39.866345    33.2492    219.968     0.5857      8.197    94.4015 3.1884e+01 -0.4985162    24.8765  0.000e+00
      6.690      6.746    13.7940  39.864673    33.2491    221.468     0.5710      8.197    94.3499 2.9800e+01 -0.4985162    24.8769  0.000e+00
      7.420      7.482    13.7946  39.865450    33.2490    221.133     0.5637      8.197    94.4532 2.7696e+01 -0.4985162    24.8767  0.000e+00
      7.791      7.856    13.7940  39.864871    33.2489    221.247     0.5710      8.202    94.4790 2.5886e+01 -0.5647556    24.8768  0.000e+00
      8.327      8.396    13.7955  39.866613    33.2490    221.104     0.5564      8.202    94.4015 2.5959e+01 -0.6309949    24.8766  0.000e+00
      9.109      9.185    13.7943  39.866036    33.2492    219.318     0.5271      8.202    94.4274 2.6852e+01 -0.6309949    24.8770  0.000e+00
      9.770      9.851    13.7922  39.863976    33.2488    220.253     0.5198      8.202    94.4532 2.6701e+01 -0.6972342    24.8772  0.000e+00
     10.353     10.438    13.7885  39.860627    33.2487    220.741     0.5344      8.206    94.4790 2.5886e+01 -0.5647556    24.8779  0.000e+00
     11.210     11.303    13.7858  39.858762    33.2489    219.314     0.5710      8.206    94.3241 2.4885e+01 -0.5316359    24.8786  0.000e+00
     12.186     12.287    13.7833  39.856768    33.2489    221.319     0.6077      8.206    94.4532 2.5813e+01 -0.5978752    24.8791  0.000e+00
     12.888     12.995    13.7854  39.859091    33.2489    220.523     0.6296      8.206    94.4274 2.3721e+01 -0.5316359    24.8787  0.000e+00
     13.374     13.486    13.7852  39.859157    33.2489    219.881     0.7029      8.206    94.3499 2.3655e+01 -0.6972342    24.8788  0.000e+00
     13.740     13.854    13.7877  39.861478    33.2488    220.688     0.7249      8.211    94.5307 2.3788e+01 -0.4985162    24.8782  0.000e+00
     14.106     14.224    13.7910  39.865089    33.2491    220.128     0.7249      8.211    94.4790 2.4399e+01 -0.6641145    24.8778  0.000e+00
     14.765     14.888    13.7941  39.868443    33.2493    219.779     0.7542      8.211    94.4274 2.3390e+01 -0.6972342    24.8773  0.000e+00
     15.863     15.994    13.7945  39.869092    33.2491    220.716     0.8055      8.211    94.4015 2.2170e+01 -0.5978752    24.8771  0.000e+00
     17.093     17.235    13.7859  39.861040    33.2486    219.579     0.8348      8.211    94.4274 2.1555e+01 -0.4985162    24.8785  0.000e+00
     17.744     17.892    13.7800  39.856210    33.2489    219.925     0.8641      8.216    94.4274 2.1494e+01 -0.5978752    24.8800  0.000e+00
     17.884     18.033    13.7842  39.860399    33.2491    220.366     0.9080      8.216    94.4015 2.1799e+01 -0.6972342    24.8793  0.000e+00
     18.135     18.286    13.7781  39.853569    33.2480    220.351     0.8714      8.216    94.2983 2.2296e+01 -0.5647556    24.8797  0.000e+00
     18.721     18.877    13.7599  39.836882    33.2480    221.361     0.9007      8.216    94.3757 2.1615e+01 -0.6641145    24.8834  0.000e+00
     19.520     19.682    13.7479  39.826061    33.2480    219.464     1.0106      8.216    94.4790 2.0956e+01 -0.4985162    24.8859  0.000e+00
     20.462     20.633    13.7448  39.823488    33.2479    219.807     1.0179      8.216    94.4015 2.0604e+01 -0.5647556    24.8865  0.000e+00
     21.395     21.573    13.7438  39.822654    33.2477    220.145     1.0545      8.216    94.4015 2.0032e+01 -0.4985162    24.8865  0.000e+00
     22.078     22.262    13.7303  39.809644    33.2470    220.174     1.0839      8.216    94.4532 1.9863e+01 -0.6641145    24.8888  0.000e+00
     22.482     22.669    13.7282  39.807842    33.2470    220.602     1.1058      8.216    94.4532 2.0032e+01 -0.7634735    24.8892  0.000e+00
     22.972     23.163    13.7263  39.806040    33.2467    220.066     1.1278      8.216    94.4532 1.9366e+01 -0.7303538    24.8894  0.000e+00
     23.737     23.935    13.7186  39.798894    33.2465    219.768     1.1351      8.216    94.4532 1.8460e+01 -0.5978752    24.8908  0.000e+00
     24.506     24.710    13.7095  39.790073    33.2458    218.969     1.1132      8.216    94.5823 1.7596e+01 -0.5316359    24.8922  0.000e+00
     25.013     25.222    13.7043  39.785503    33.2459    219.210     1.0839      8.216    94.5565 1.7946e+01 -0.6641145    24.8934  0.000e+00
     25.406     25.617    13.7031  39.784345    33.2457    218.772     1.0692      8.216    94.5565 1.8201e+01 -0.6309949    24.8934  0.000e+00
     26.052     26.270    13.6919  39.773658    33.2452    219.553     1.0399      8.216    94.7114 1.6962e+01 -0.5316359    24.8954  0.000e+00
     27.087     27.313    13.6729  39.756471    33.2453    219.925     0.9886      8.216    94.8922 1.6169e+01 -0.4985162    24.8993  0.000e+00
     28.135     28.370    13.6660  39.750488    33.2452    218.507     0.8348      8.216    94.9954 1.5543e+01 -0.6309949    24.9008  0.000e+00
     28.654     28.893    13.6499  39.735299    33.2448    219.512     0.7908      8.216    95.1762 1.5110e+01 -0.7634735    24.9037  0.000e+00
     28.764     29.004    13.6581  39.743410    33.2452    220.092     0.8421      8.216    95.3569 1.5196e+01 -0.7634735    24.9023  0.000e+00
     29.100     29.343    13.6537  39.738648    33.2445    218.643     0.9080      8.216    95.1246 1.5196e+01 -0.5316359    24.9027  0.000e+00
     29.905     30.155    13.6204  39.707759    33.2443    218.458     0.8055      8.216    95.4086 1.4362e+01 -0.4985162    24.9094  0.000e+00
     31.022     31.281    13.5808  39.670063    33.2430    218.570     0.6370      8.217    95.6152 1.3574e+01 -0.5647556    24.9164  0.000e+00
     31.976     32.243    13.4915  39.580312    33.2364    217.777     0.5271      8.212    95.7701 1.3384e+01 -0.4985162    24.9295  0.000e+00
     32.472     32.743    13.3800  39.473821    33.2336    217.987     0.4245      8.213    96.1316 1.2975e+01 -0.6972342    24.9498  0.000e+00
     32.829     33.104    13.2745  39.367958    33.2260    218.232     0.3219      8.209    96.2349 1.2793e+01 -0.7634735    24.9651  0.000e+00
     33.284     33.563    13.0841  39.177820    33.2131    219.182     0.2633      8.205    96.4673 1.2263e+01 -0.6972342    24.9930  0.000e+00
     33.878     34.161    12.7332  38.821161    33.1824    218.519     0.1754      8.197    97.0095 1.2160e+01 -0.7634735    25.0382  0.000e+00
     34.573     34.862    12.0824  38.208987    33.1699    218.677     0.1095      8.181    97.1386 1.2229e+01 -0.7634735    25.1533  0.000e+00
     35.489     35.786    11.6324  37.792862    33.1662    217.119     0.0436      8.155    97.5002 1.1755e+01 -0.6972342    25.2342  0.000e+00
     36.601     36.907    11.2523  37.444278    33.1645    212.753     0.0143      8.123    97.4743 1.1204e+01 -0.4985162    25.3021  0.000e+00
     37.431     37.744    11.0063  37.214213    33.1584    207.922     0.0069      8.101    97.2936 1.0770e+01 -0.6309949    25.3413  0.000e+00
     37.637     37.952    10.9476  37.159307    33.1569    202.910    -0.0004      8.092    96.2349 1.0679e+01 -0.7634735    25.3506  0.000e+00
     37.760     38.076    10.9418  37.150097    33.1529    198.831    -0.0004      8.087    96.0283 1.0861e+01 -0.7634735    25.3485  0.000e+00
     38.350     38.671    10.8823  37.088153    33.1449    197.917    -0.0004      8.083    95.5377 1.0411e+01 -0.7634735    25.3528  0.000e+00
     39.407     39.737    10.7384  36.951573    33.1387    198.749    -0.0004      8.078    95.3053 9.7282e+00 -0.6309949    25.3732  0.000e+00
     40.403     40.741    10.6526  36.872021    33.1366    199.516    -0.0077      8.069    95.2537 8.8620e+00 -0.4985162    25.3865  0.000e+00
     40.932     41.274    10.6316  36.850911    33.1343    201.496    -0.0077      8.065    95.6152 8.5180e+00 -0.1342000    25.3884  0.000e+00
     41.229     41.574    10.6178  36.837111    33.1329    202.434    -0.0004      8.060    95.8476 8.6883e+00 -0.0348410    25.3897  0.000e+00
     41.677     42.026    10.6002  36.820504    33.1320    202.289    -0.0004      8.060    95.7701 8.6393e+00 -0.2004393    25.3921  0.000e+00
     42.501     42.857    10.5809  36.804276    33.1330    202.161    -0.0004      8.060    95.6410 8.0953e+00 -0.5647556    25.3963  0.000e+00
     43.590     43.956    10.5623  36.790174    33.1352    202.196    -0.0224      8.056    95.2795 7.4577e+00  0.0645179    25.4012  0.000e+00
     44.390     44.762    10.5331  36.765340    33.1365    201.438    -0.0370      8.051    94.7889 6.8894e+00 -0.0679607    25.4073  0.000e+00
     44.617     44.991    10.5257  36.758603    33.1364    199.482    -0.0370      8.042    93.8593 6.7351e+00 -0.6309949    25.4085  0.000e+00
     44.695     45.070    10.5257  36.757542    33.1353    196.748    -0.0297      8.042    92.9814 6.8894e+00  0.8925094    25.4077  0.000e+00
     45.134     45.512    10.5257  36.756982    33.1346    194.532    -0.0297      8.037    91.8452 6.6971e+00 -0.2666786    25.4071  0.000e+00
     46.125     46.512    10.5186  36.750934    33.1345    193.956    -0.0297      8.032    89.9602 6.1341e+00  0.0645179    25.4083  0.000e+00
     47.397     47.795    10.5085  36.742517    33.1347    193.399    -0.0370      8.032    87.7654 5.2483e+00  1.1905863    25.4102  0.000e+00
     48.424     48.831    10.4975  36.733039    33.1347    193.584    -0.0370      8.028    86.3452 4.4767e+00  1.0249880    25.4121  0.000e+00
     48.893     49.303    10.4898  36.726617    33.1351    193.325    -0.0297      8.023    85.2090 4.2053e+00  0.8593897    25.4138  0.000e+00
     48.954     49.365    10.4883  36.724808    33.1347    192.263    -0.0297      8.023    84.8217 4.2173e+00  0.4619538    25.4137  0.000e+00
     48.976     49.387    10.4880  36.724060    33.1341    191.870    -0.0297      8.023    84.9508 4.0990e+00 -0.1010803    25.4133  0.000e+00
     49.579     49.995    10.4782  36.715768    33.1344    191.948    -0.0370      8.023    85.0799 3.7636e+00 -0.7303538    25.4153  0.000e+00
     50.683     51.109    10.4551  36.697751    33.1369    192.255    -0.0444      8.018    84.8217 3.2636e+00 -0.5978752    25.4212  0.000e+00
     51.615     52.048    10.4387  36.683851    33.1375    191.857    -0.0517      8.014    84.6409 2.8212e+00  0.0976376    25.4245  0.000e+00
     52.167     52.605    10.4178  36.666836    33.1392    191.208    -0.0370      8.014    84.6668 2.5817e+00  0.2632359    25.4294  0.000e+00
     52.886     53.330    10.3975  36.650573    33.1410    189.976    -0.0297      8.009    84.4085 2.3487e+00  0.1638769    25.4342  0.000e+00
     53.677     54.128    10.3697  36.627832    33.1431    188.773    -0.0370      8.005    83.9954 2.0817e+00 -0.2666786    25.4407  0.000e+00
     54.150     54.605    10.3528  36.614938    33.1453    188.033    -0.0297      8.005    83.5306 1.8984e+00  1.2568256    25.4453  0.000e+00
     54.568     55.026    10.3442  36.607839    33.1458    187.260    -0.0297      8.000    82.9109 1.7714e+00  1.4555436    25.4472  0.000e+00
     55.257     55.722    10.3142  36.585545    33.1504    186.150    -0.0297      7.995    82.5494 1.5916e+00  0.4619538    25.4559  0.000e+00
     56.134     56.606    10.2722  36.555413    33.1580    185.510    -0.0370      7.991    82.2653 1.3805e+00 -0.2004393    25.4690  0.000e+00
     56.867     57.346    10.2214  36.517761    33.1660    184.310    -0.0370      7.982    81.7489 1.2214e+00  0.5613128    25.4839  0.000e+00
     57.268     57.750    10.1982  36.499718    33.1689    182.311    -0.0297      7.977    81.1292 1.1486e+00  0.9587487    25.4900  0.000e+00
     57.741     58.227    10.1884  36.492067    33.1699    179.932    -0.0297      7.977    80.3545 1.0704e+00  0.7269111    25.4925  0.000e+00
     58.617     59.110    10.1732  36.480874    33.1721    177.840    -0.0370      7.972    79.1409 9.1284e-01 -0.4985162    25.4968  0.000e+00
     59.669     60.171    10.1400  36.457928    33.1788    177.189    -0.0297      7.968    77.5658 7.1706e-01  1.4224239    25.5077  0.000e+00
     60.380     60.889    10.1203  36.443566    33.1820    176.486    -0.0224      7.963    75.5775 6.0738e-01  1.5880222    25.5135  0.000e+00
     60.675     61.186    10.1148  36.439402    33.1827    175.197    -0.0077      7.958    74.0798 5.6978e-01  1.5880222    25.5150  0.000e+00
     60.940     61.453    10.1121  36.437040    33.1827    173.469    -0.0077      7.954    73.6409 5.4592e-01  1.7205009    25.5154  0.000e+00
     61.451     61.969    10.1077  36.433684    33.1831    172.608    -0.0004      7.954    73.0212 4.9022e-01  1.7867402    25.5165  0.000e+00
     62.290     62.815    10.0787  36.413360    33.1887    172.959    -0.0150      7.949    73.1761 3.9773e-01  0.5281932    25.5258  0.000e+00
     63.230     63.762    10.0523  36.395837    33.1947    172.347    -0.0297      7.944    72.6080 3.0886e-01 -0.4985162    25.5349  0.000e+00
     63.947     64.486    10.0423  36.388756    33.1964    171.144    -0.0297      7.940    71.8075 2.5853e-01 -0.6641145    25.5379  0.000e+00
     64.451     64.995    10.0339  36.382606    33.1977    169.766    -0.0224      7.940    71.2653 2.3054e-01  1.0581077    25.5403  0.000e+00
     64.959     65.506    10.0197  36.372418    33.2001    167.975    -0.0150      7.935    71.1103 2.0297e-01  0.0645179    25.5446  0.000e+00
     65.635     66.188    10.0052  36.361921    33.2024    167.315    -0.0224      7.930    70.7230 1.7061e-01  0.1307573    25.5489  0.000e+00
     66.376     66.936     9.9968  36.355960    33.2038    166.901    -0.0077      7.926    70.0258 1.3609e-01  1.7205009    25.5513  0.000e+00
     67.027     67.592     9.9923  36.352795    33.2045    165.940    -0.0150      7.926    69.4836 1.1009e-01  1.7205009    25.5526  0.000e+00
     67.551     68.121     9.9908  36.351679    33.2044    164.966    -0.0077      7.921    69.1737 9.4023e-02  0.6275521    25.5529  0.000e+00
     68.033     68.607     9.9877  36.349568    33.2049    164.859    -0.0004      7.921    69.0962 7.9585e-02  0.9918684    25.5538  0.000e+00
     68.607     69.186     9.9823  36.345285    33.2053    164.763    -0.0004      7.921    68.6831 6.7584e-02  1.5217829    25.5550  0.000e+00
     69.269     69.854     9.9644  36.332307    33.2082    164.609    -0.0077      7.921    68.2700 5.4368e-02 -0.3660376    25.5603  0.000e+00
     70.058     70.649     9.9486  36.321132    33.2110    164.450    -0.0077      7.917    67.3920 4.0881e-02 -0.2004393    25.5651  0.000e+00
     70.902     71.501     9.9373  36.312877    33.2127    163.578    -0.0077      7.912    66.2817 3.1153e-02  0.3957145    25.5683  0.000e+00
