Arg_L2_F7_NV.cnv
* Sea-Bird SBE 9 Data File:
* FileName = S:\CTD_Data\CTD\Data\Argentina 2014\Data\Arg_L2_F7.hex
* Software Version Seasave V 7.21g
* Temperature SN = 5769
* Conductivity SN = 4244
* Number of Bytes Per Scan = 31
* Number of Voltage Words = 4
* Number of Scans Averaged by the Deck Unit = 24
* NMEA Latitude = 46 31.05 S
* NMEA Longitude = 065 57.51 W
* NMEA UTC (Time) = Feb 08 2014 17:39:40
* NMEA baud rate = 9600
** R/V Coriolis II
** MARES project, ARGENTINA 2014
** Chief scientist : Dr. Gustavo Ferreyra
** Co-Chief scientist : Dr. José Luis Esteves
# nquan = 13
# nvalues = 495                                   
# units = specified
# name 0 = depSM: Depth [salt water, m]
# name 1 = prDM: Pressure, Digiquartz [db]
# name 2 = t090C: Temperature [ITS-90, deg C]
# name 3 = c0mS/cm: Conductivity [mS/cm]
# name 4 = sal00: Salinity, Practical [PSU]
# name 5 = sbeox0Mm/Kg: Oxygen, SBE 43 [umol/Kg]
# name 6 = flECO-AFL: Fluorescence, WET Labs ECO-AFL/FL [mg/m^3]
# name 7 = ph: pH
# name 8 = CStarTr0: Beam Transmission, WET Labs C-Star [%]
# name 9 = par: PAR/Irradiance, Biospherical/Licor
# name 10 = upoly0: Upoly 0, Nitrate
# name 11 = sigma-é00: Density [sigma-theta, Kg/m^3]
# name 12 = flag:  0.000e+00
# span 0 =     -0.255,     84.335                 
# span 1 =     -0.257,     85.055                 
# span 2 =     9.6385,    14.8983                 
# span 3 =   4.971444,  41.094997                 
# span 4 =     3.3795,    33.4300                 
# span 5 =    155.483,    270.152                 
# span 6 =    -0.0224,    16.8348                 
# span 7 =      7.913,      8.273                 
# span 8 =    69.1995,    97.0354                 
# span 9 = 1.0000e-12, 1.9523e+03                 
# span 10 = -0.7634735,  2.2835350                
# span 11 =     1.7342,    25.6812                
# span 12 = 0.0000e+00, 0.0000e+00                
# interval = seconds: 1
# start_time = Feb 08 2014 17:39:40 [NMEA time, header]
# bad_flag = -9.990e-29
*END*
[from data line 334]
     41.045     41.390    12.2158  38.343558    33.1787    202.188     0.0582      8.120    97.0095 3.6475e+00 -0.6641145    25.1350  0.000e+00
     40.363     40.703    12.2857  38.411408    33.1823    204.557     0.0802      8.129    96.8804 3.9278e+00 -0.6972342    25.1246  0.000e+00
     39.479     39.812    12.4112  38.535682    33.1911    206.350     0.0948      8.133    96.8546 4.3143e+00 -0.6641145    25.1074  0.000e+00
     38.591     38.916    12.6063  38.729786    33.2051    207.421     0.0948      8.141    96.9063 4.7926e+00 -0.4653966    25.0806  0.000e+00
     38.047     38.367    12.7360  38.857151    33.2124    208.587     0.1168      8.155    96.8804 5.1015e+00 -0.4653966    25.0611  0.000e+00
     37.925     38.245    12.9034  39.023274    33.2232    209.427     0.1608      8.159    96.7513 5.0870e+00 -0.5978752    25.0367  0.000e+00
     37.703     38.021    12.9649  39.088984    33.2317    210.019     0.1974      8.163    96.6480 5.0582e+00 -0.4653966    25.0311  0.000e+00
     36.840     37.150    13.2583  39.409543    33.2776    209.691     0.2267      8.171    96.6222 5.5076e+00 -0.4653966    25.0084  0.000e+00
     35.763     36.064    13.7778  39.935008    33.3169    209.487     0.2340      8.188    96.6480 6.3462e+00 -0.4985162    24.9335  0.000e+00
     34.970     35.264    14.0883  40.248373    33.3385    211.641     0.2633      8.205    96.2349 6.9877e+00 -0.6641145    24.8860  0.000e+00
     34.328     34.617    14.2520  40.418226    33.3539    213.344     0.3366      8.214    95.5893 7.5000e+00 -0.4985162    24.8637  0.000e+00
     33.708     33.991    14.3812  40.553316    33.3669    214.069     0.8128      8.218    94.9954 8.1412e+00 -0.6641145    24.8465  0.000e+00
     33.150     33.428    14.4096  40.585380    33.3720    216.005     0.9593      8.222    94.8405 8.8369e+00 -0.4653966    24.8444  0.000e+00
     32.512     32.785    14.4349  40.613492    33.3762    215.741     1.0619      8.227    94.3757 9.4839e+00 -0.4653966    24.8423  0.000e+00
     31.700     31.966    14.4332  40.616736    33.3810    215.402     1.1425      8.227    93.6269 1.0411e+01 -0.6641145    24.8463  0.000e+00
     30.974     31.234    14.4625  40.648234    33.3849    216.288     1.2743      8.231    93.6269 1.1557e+01 -0.4653966    24.8432  0.000e+00
     30.564     30.820    14.4770  40.663564    33.3866    216.223     1.4795      8.231    93.0846 1.2229e+01 -0.4653966    24.8414  0.000e+00
     30.350     30.605    14.4861  40.673764    33.3882    216.189     1.6480      8.231    92.3100 1.2437e+01 -0.4653966    24.8407  0.000e+00
     29.842     30.092    14.4915  40.679741    33.3892    217.088     1.6919      8.231    91.8968 1.3309e+01 -0.4653966    24.8403  0.000e+00
     28.908     29.151    14.4703  40.661025    33.3907    216.723     1.6699      8.236    92.4649 1.5587e+01 -0.4653966    24.8459  0.000e+00
     27.941     28.175    14.5022  40.696240    33.3958    216.264     1.7359      8.236    92.6198 1.8048e+01 -0.4653966    24.8431  0.000e+00
     27.236     27.464    14.5177  40.713137    33.3983    216.322     1.8458      8.240    92.1034 1.9863e+01 -0.4653966    24.8417  0.000e+00
     26.548     26.771    14.5463  40.743495    33.4017    217.152     2.0216      8.240    91.5095 2.1555e+01 -0.4985162    24.8382  0.000e+00
     25.716     25.932    14.5531  40.750904    33.4030    217.246     2.0948      8.240    90.9931 2.3855e+01 -0.5978752    24.8377  0.000e+00
     25.070     25.280    14.5567  40.755649    33.4045    219.168     2.2340      8.240    91.0705 2.6402e+01 -0.4985162    24.8381  0.000e+00
     24.697     24.904    14.5609  40.760785    33.4057    217.581     2.3513      8.245    90.5283 2.8010e+01 -0.4653966    24.8381  0.000e+00
     24.328     24.532    14.5658  40.766897    33.4072    216.350     2.3366      8.245    89.6503 3.0138e+01 -0.5978752    24.8382  0.000e+00
     23.772     23.971    14.5693  40.770862    33.4080    217.768     2.3439      8.245    89.6245 3.2887e+01 -0.4985162    24.8381  0.000e+00
     22.938     23.130    14.5676  40.769363    33.4085    218.241     2.3366      8.245    89.9086 3.7329e+01 -0.4985162    24.8388  0.000e+00
     22.098     22.283    14.5749  40.777295    33.4098    217.459     2.4099      8.245    89.6245 4.3457e+01 -0.5978752    24.8382  0.000e+00
     21.748     21.930    14.5782  40.781587    33.4110    220.113     2.5564      8.245    89.2888 4.7286e+01 -0.4985162    24.8384  0.000e+00
     21.864     22.047    14.5832  40.786336    33.4110    219.265     2.5198      8.249    89.1856 4.5331e+01 -0.4985162    24.8374  0.000e+00
     21.796     21.978    14.5847  40.788222    33.4114    216.848     2.6370      8.245    88.6949 4.2489e+01 -0.6641145    24.8374  0.000e+00
     21.276     21.455    14.5851  40.789066    33.4120    218.428     2.5930      8.249    88.2818 4.7686e+01 -0.4985162    24.8377  0.000e+00
     20.746     20.919    14.5900  40.794788    33.4133    219.793     2.6443      8.249    88.4884 5.5513e+01 -0.4985162    24.8376  0.000e+00
     20.459     20.630    14.5968  40.801813    33.4140    218.499     2.8494      8.249    88.4367 5.7419e+01 -0.6641145    24.8367  0.000e+00
     20.274     20.444    14.5921  40.796803    33.4135    218.961     2.7469      8.249    87.6879 5.9224e+01 -0.4985162    24.8373  0.000e+00
     20.305     20.475    14.5900  40.794917    33.4136    219.014     2.7176      8.249    87.7137 5.8233e+01 -0.4985162    24.8379  0.000e+00
     20.531     20.703    14.5895  40.794657    33.4137    220.488     2.7322      8.249    87.8170 5.5826e+01 -0.6641145    24.8380  0.000e+00
     20.704     20.878    14.5886  40.794007    33.4138    218.307     2.7322      8.249    87.8170 5.2180e+01 -0.4985162    24.8383  0.000e+00
     20.297     20.467    14.5892  40.794656    33.4141    217.143     2.7176      8.249    87.8428 5.5513e+01 -0.4985162    24.8384  0.000e+00
     19.786     19.951    14.5900  40.795630    33.4144    218.807     2.7542      8.249    87.8686 6.4259e+01 -0.6309949    24.8385  0.000e+00
     19.718     19.883    14.5908  40.796801    33.4149    218.461     2.8421      8.249    87.7654 6.6653e+01 -0.4985162    24.8387  0.000e+00
     19.934     20.101    14.5950  40.801161    33.4151    217.916     2.8348      8.254    87.7395 6.0232e+01 -0.4985162    24.8380  0.000e+00
     19.868     20.034    14.6007  40.807472    33.4160    220.799     2.7981      8.249    87.6879 6.1258e+01 -0.5647556    24.8374  0.000e+00
     19.724     19.889    14.6008  40.807666    33.4162    220.306     2.7102      8.254    87.4039 6.7029e+01 -0.4985162    24.8376  0.000e+00
     19.846     20.013    14.6009  40.807927    33.4163    217.757     2.7176      8.254    87.4555 6.3719e+01 -0.4985162    24.8376  0.000e+00
     20.003     20.171    14.6016  40.809099    33.4167    218.820     2.7176      8.254    87.4297 6.0743e+01 -0.4985162    24.8378  0.000e+00
     20.016     20.183    14.6032  40.810986    33.4171    218.708     2.7322      8.254    87.4555 6.1951e+01 -0.4985162    24.8377  0.000e+00
     20.030     20.198    14.6035  40.811441    33.4171    219.003     2.6882      8.254    87.4813 6.1430e+01 -0.6309949    24.8377  0.000e+00
     20.091     20.259    14.6035  40.811637    33.4173    218.708     2.6882      8.254    87.4813 6.1777e+01 -0.4985162    24.8378  0.000e+00
     20.141     20.310    14.6022  40.810205    33.4171    219.352     2.6882      8.254    87.5071 6.0572e+01 -0.4985162    24.8380  0.000e+00
     20.223     20.393    14.6018  40.810076    33.4173    219.059     2.6809      8.254    87.5330 5.8233e+01 -0.4985162    24.8382  0.000e+00
     20.244     20.414    14.6026  40.810922    33.4174    219.161     2.6736      8.254    87.5071 5.8397e+01 -0.4985162    24.8381  0.000e+00
     20.010     20.178    14.6028  40.811311    33.4176    219.197     2.6663      8.254    87.5071 6.0572e+01 -0.4985162    24.8382  0.000e+00
     19.766     19.931    14.6027  40.811115    33.4177    219.147     2.7176      8.254    87.5071 6.7597e+01 -0.5316359    24.8383  0.000e+00
     19.925     20.092    14.6030  40.811376    33.4176    219.002     2.8274      8.254    87.5330 6.8170e+01 -0.7303538    24.8382  0.000e+00
     20.436     20.607    14.6026  40.811443    33.4178    220.526     2.7981      8.254    87.5846 5.7258e+01 -0.5316359    24.8384  0.000e+00
     20.744     20.918    14.6023  40.811184    33.4177    220.388     2.6589      8.254    87.5330 5.3519e+01 -0.4985162    24.8384  0.000e+00
     20.414     20.585    14.6025  40.811508    33.4180    218.400     2.6589      8.254    87.5071 5.5046e+01 -0.4985162    24.8386  0.000e+00
     19.892     20.058    14.6031  40.811896    33.4180    219.254     2.7102      8.254    87.5330 6.3361e+01 -0.4985162    24.8384  0.000e+00
     19.873     20.040    14.6029  40.811701    33.4180    219.489     2.7615      8.254    87.4813 6.9526e+01 -0.4985162    24.8385  0.000e+00
     20.381     20.552    14.6025  40.811443    33.4179    219.462     2.7615      8.254    87.3780 5.8892e+01 -0.6309949    24.8385  0.000e+00
     20.666     20.839    14.6025  40.811639    33.4180    217.962     2.7102      8.254    87.4555 5.2919e+01 -0.4985162    24.8386  0.000e+00
     20.353     20.523    14.6025  40.811573    33.4181    219.461     2.6663      8.254    87.4813 5.7581e+01 -0.5647556    24.8387  0.000e+00
     19.932     20.099    14.6033  40.812287    33.4182    219.723     2.7029      8.254    87.5330 6.2829e+01 -0.6309949    24.8386  0.000e+00
     19.851     20.017    14.6035  40.812612    33.4183    219.442     2.8348      8.254    87.4555 6.6841e+01 -0.5316359    24.8386  0.000e+00
     20.086     20.254    14.6034  40.812548    33.4183    220.172     2.9813      8.254    87.5588 6.3006e+01 -0.6641145    24.8386  0.000e+00
     20.439     20.610    14.5993  40.807995    33.4175    219.138     2.9373      8.254    87.5071 5.8397e+01 -0.4985162    24.8389  0.000e+00
     20.688     20.862    14.5969  40.805458    33.4171    218.285     2.7395      8.254    87.4555 5.4737e+01 -0.4985162    24.8391  0.000e+00
     20.214     20.384    14.5977  40.806497    33.4176    218.311     2.7029      8.254    87.5330 5.7743e+01 -0.4985162    24.8393  0.000e+00
     19.269     19.430    14.6017  40.810332    33.4181    218.310     2.7249      8.254    87.5071 7.1510e+01 -0.4985162    24.8388  0.000e+00
     18.624     18.780    14.6021  40.810395    33.4180    218.482     2.7762      8.254    87.4813 7.9578e+01 -0.4985162    24.8386  0.000e+00
     18.363     18.516    14.6010  40.809353    33.4181    218.331     2.7615      8.259    87.5330 8.0253e+01 -0.6309949    24.8390  0.000e+00
     17.894     18.044    14.6043  40.813255    33.4190    218.641     2.7762      8.254    87.5330 8.5858e+01 -0.4985162    24.8389  0.000e+00
     17.114     17.257    14.6153  40.825030    33.4206    219.779     2.7762      8.259    87.5071 9.5544e+01 -0.4985162    24.8378  0.000e+00
     16.427     16.564    14.6204  40.830038    33.4211    219.206     2.8201      8.259    87.5588 1.1216e+02 -0.6309949    24.8370  0.000e+00
     15.877     16.010    14.6258  40.835828    33.4219    219.610     2.9080      8.259    87.5330 1.1865e+02 -0.4985162    24.8365  0.000e+00
     15.284     15.412    14.6375  40.847085    33.4224    220.070     2.8641      8.258    87.4555 1.3428e+02 -0.4985162    24.8344  0.000e+00
     14.702     14.825    14.6421  40.851509    33.4227    218.783     2.6296      8.258    87.4297 1.4859e+02 -0.6309949    24.8336  0.000e+00
     14.222     14.341    14.6475  40.856584    33.4229    219.910     2.6370      8.258    87.4297 1.4942e+02 -0.4985162    24.8326  0.000e+00
     13.717     13.832    14.6550  40.864068    33.4234    219.565     2.3732      8.258    87.3264 1.7198e+02 -0.4985162    24.8313  0.000e+00
     13.034     13.143    14.6685  40.876956    33.4239    219.063     2.2047      8.258    87.4039 1.8818e+02 -0.5316359    24.8288  0.000e+00
     12.221     12.323    14.6844  40.890757    33.4231    220.365     2.1901      8.258    87.4555 2.0019e+02 -0.4985162    24.8248  0.000e+00
     11.427     11.522    14.7069  40.912700    33.4241    219.376     2.2414      8.258    87.4297 2.5140e+02 -0.4985162    24.8207  0.000e+00
     10.936     11.027    14.7169  40.921361    33.4236    220.100     2.2780      8.258    87.4297 2.7047e+02 -0.4985162    24.8181  0.000e+00
     10.521     10.609    14.7405  40.946114    33.4260    219.347     2.1388      8.258    87.5588 2.5712e+02 -0.4985162    24.8149  0.000e+00
      9.774      9.856    14.8472  41.048191    33.4276    218.101     1.6187      8.258    87.8428 3.3116e+02 -0.4985162    24.7932  0.000e+00
      9.044      9.119    14.8632  41.060776    33.4256    219.916     1.3622      8.257    87.7912 3.2471e+02 -0.4985162    24.7882  0.000e+00
      8.686      8.758    14.8651  41.062536    33.4257    219.563     1.4428      8.253    87.9203 3.8655e+02 -0.4985162    24.7878  0.000e+00
      8.206      8.275    14.8600  41.057903    33.4261    219.492     1.2230      8.253    88.4884 3.7478e+02 -0.4985162    24.7892  0.000e+00
      7.332      7.393    14.8600  41.058030    33.4265    217.980     0.8201      8.257    88.5658 5.0208e+02 -0.4985162    24.7895  0.000e+00
      6.682      6.738    14.8639  41.061419    33.4265    217.236     0.9593      8.257    87.9978 5.1785e+02 -0.6309949    24.7886  0.000e+00
      6.464      6.518    14.8674  41.065006    33.4268    218.151     1.0252      8.257    88.4367 5.1785e+02 -0.4985162    24.7882  0.000e+00
      5.996      6.046    14.8616  41.059264    33.4268    218.685     0.7249      8.257    88.7724 4.9786e+02 -0.4985162    24.7894  0.000e+00
      5.101      5.143    14.8606  41.058151    33.4270    217.995     0.6956      8.257    88.7982 6.2873e+02 -0.4985162    24.7897  0.000e+00
      4.230      4.265    14.8621  41.059322    33.4271    217.443     0.8274      8.257    88.7208 8.0071e+02 -0.4985162    24.7894  0.000e+00
      3.775      3.806    14.8657  41.062386    33.4270    217.789     0.8494      8.257    88.7466 8.0749e+02 -0.4985162    24.7885  0.000e+00
      3.661      3.691    14.8643  41.061146    33.4271    219.652     0.7688      8.257    88.7982 9.3462e+02 -0.5647556    24.7890  0.000e+00
      3.655      3.686    14.8623  41.059450    33.4273    217.988     0.6443      8.257    88.8499 7.4426e+02 -0.5316359    24.7895  0.000e+00
      3.456      3.485    14.8622  41.059254    33.4272    219.723     0.5784      8.257    88.7982 1.0083e+03 -0.5647556    24.7895  0.000e+00
      3.292      3.319    14.8611  41.058209    33.4273    217.648     0.6003      8.257    88.7982 7.6334e+02 -0.6309949    24.7898  0.000e+00
      3.184      3.211    14.8617  41.058926    33.4275    217.483     0.6443      8.257    88.7724 1.0787e+03 -0.6309949    24.7898  0.000e+00
      2.905      2.930    14.8604  41.057490    33.4274    219.500     0.6370      8.257    88.7724 1.1936e+03 -0.5978752    24.7900  0.000e+00
      2.726      2.749    14.8610  41.058142    33.4276    217.740     0.6663      8.257    88.7982 1.3546e+03 -0.5978752    24.7900  0.000e+00
      2.902      2.927    14.8612  41.058338    33.4275    217.892     0.7102      8.257    88.8241 9.7488e+02 -0.6309949    24.7899  0.000e+00
      2.687      2.709    14.8602  41.057359    33.4276    220.124     0.6516      8.257    88.7982 1.0697e+03 -0.6641145    24.7902  0.000e+00
      2.057      2.074    14.8588  41.055856    33.4276    219.591     0.6223      8.258    88.8241 1.2346e+03 -0.5647556    24.7905  0.000e+00
      1.543      1.556    14.8586  41.055398    33.4276    218.308     0.7176      8.258    88.7982 1.4905e+03 -0.5647556    24.7905  0.000e+00
      1.193      1.203    14.8582  41.055005    33.4277    218.821     0.7322      8.258    88.7466 1.9523e+03 -0.6309949    24.7906  0.000e+00
