Arg_L2_SF01_NV.cnv
* Sea-Bird SBE 9 Data File:
* FileName = S:\CTD_Data\CTD\Data\Argentina 2014\Data\Arg_L2_SF01.hex
* Software Version Seasave V 7.21g
* Temperature SN = 5769
* Conductivity SN = 4244
* Number of Bytes Per Scan = 31
* Number of Voltage Words = 4
* Number of Scans Averaged by the Deck Unit = 24
* NMEA Latitude = 45 56.52 S
* NMEA Longitude = 065 37.50 W
* NMEA UTC (Time) = Feb 06 2014 17:04:02
* NMEA baud rate = 9600
** R/V Coriolis II
** MARES project, ARGENTINA 2014
** Chief scientist : Dr. Gustavo Ferreyra
** Co-Chief scientist : Dr. José Luis Esteves
# nquan = 13
# nvalues = 552                                   
# units = specified
# name 0 = depSM: Depth [salt water, m]
# name 1 = prDM: Pressure, Digiquartz [db]
# name 2 = t090C: Temperature [ITS-90, deg C]
# name 3 = c0mS/cm: Conductivity [mS/cm]
# name 4 = sal00: Salinity, Practical [PSU]
# name 5 = sbeox0Mm/Kg: Oxygen, SBE 43 [umol/Kg]
# name 6 = flECO-AFL: Fluorescence, WET Labs ECO-AFL/FL [mg/m^3]
# name 7 = ph: pH
# name 8 = CStarTr0: Beam Transmission, WET Labs C-Star [%]
# name 9 = par: PAR/Irradiance, Biospherical/Licor
# name 10 = upoly0: Upoly 0, Nitrate
# name 11 = sigma-é00: Density [sigma-theta, Kg/m^3]
# name 12 = flag:  0.000e+00
# span 0 =     -0.339,     86.355                 
# span 1 =     -0.341,     87.088                 
# span 2 =     8.7307,    14.3107                 
# span 3 =   1.797142,  40.449279                 
# span 4 =     1.1757,    33.3594                 
# span 5 =    133.801,    274.378                 
# span 6 =    -0.3520,    22.4904                 
# span 7 =      7.523,      8.265                 
# span 8 =    47.8966,    96.4156                 
# span 9 = 1.0000e-12, 1.6171e+03                 
# span 10 = -0.6972342,  7.2846034                
# span 11 =     0.1607,    25.8769                
# span 12 = 0.0000e+00, 0.0000e+00                
# interval = seconds: 1
# start_time = Feb 06 2014 17:04:02 [NMEA time, header]
# bad_flag = -9.990e-29
*END*
[from data line 223]
     75.848     76.490     8.9831  35.557485    33.3187    136.377    -0.0077      7.787    78.3921 8.6611e-02  5.1980650    25.8056  0.000e+00
     74.626     75.257     9.0454  35.605769    33.3111    136.670    -0.0077      7.797    80.0705 1.0483e-01  5.0324667    25.7899  0.000e+00
     73.436     74.057     9.1248  35.664620    33.2986    137.647    -0.0150      7.806    80.4062 1.1785e-01  5.3305436    25.7675  0.000e+00
     72.896     73.512     9.2026  35.722586    33.2863    138.351    -0.0004      7.806    83.2207 1.2404e-01  4.7343897    25.7456  0.000e+00
     72.764     73.379     9.2498  35.756150    33.2771    138.427    -0.0004      7.810    83.9179 1.2747e-01  5.7279795    25.7308  0.000e+00
     72.314     72.925     9.2855  35.783614    33.2725    138.084    -0.0004      7.810    86.5776 1.4028e-01  5.3636632    25.7215  0.000e+00
     71.312     71.914     9.2839  35.783549    33.2743    137.677    -0.0004      7.815    88.7724 1.6634e-01  4.7343897    25.7232  0.000e+00
     70.156     70.748     9.3947  35.892382    33.2841    136.742     0.0069      7.814    88.2818 1.9532e-01  5.2643043    25.7130  0.000e+00
     69.413     69.999     9.5186  36.006111    33.2864    136.950     0.0069      7.824    89.2114 2.1603e-01  5.2643043    25.6948  0.000e+00
     69.006     69.588     9.5834  36.066279    33.2883    138.059     0.0069      7.828    89.7536 2.3850e-01  5.6286205    25.6857  0.000e+00
     68.443     69.021     9.6664  36.143900    33.2913    139.429     0.0143      7.833    89.0306 2.9410e-01  5.3305436    25.6745  0.000e+00
     67.823     68.396     9.7322  36.199631    33.2877    140.579     0.0143      7.842    88.8241 3.8781e-01  4.2044752    25.6608  0.000e+00
     67.238     67.805     9.8043  36.259305    33.2823    142.035     0.0143      7.856    89.3663 4.5084e-01  4.2044752    25.6447  0.000e+00
     66.411     66.972     9.8637  36.304984    33.2744    144.824     0.0216      7.860    90.8898 4.6363e-01  4.2707145    25.6287  0.000e+00
     65.381     65.932     9.9023  36.331555    33.2664    147.567     0.0289      7.870    91.2771 4.7676e-01  4.1051162    25.6160  0.000e+00
     64.640     65.185     9.9167  36.340433    33.2625    150.021     0.0216      7.879    90.4766 4.8569e-01  3.7739197    25.6105  0.000e+00
     64.620     65.165     9.9230  36.344470    33.2608    152.680     0.0143      7.879    91.0447 4.6508e-01  3.1115265    25.6081  0.000e+00
     64.825     65.372     9.9239  36.346334    33.2618    154.661    -0.0004      7.884    90.9673 4.2089e-01  2.4491333    25.6088  0.000e+00
     64.281     64.823     9.9207  36.341736    33.2603    155.081    -0.0004      7.884    90.2959 4.5507e-01  2.6809709    25.6081  0.000e+00
     63.316     63.850     9.9208  36.337633    33.2565    155.317    -0.0004      7.888    91.0189 5.2298e-01  3.5420821    25.6051  0.000e+00
     62.786     63.315     9.9304  36.335580    33.2458    155.473    -0.0004      7.888    90.8898 5.5603e-01  3.4096034    25.5952  0.000e+00
     62.729     63.258     9.9277  36.328375    33.2409    155.512    -0.0077      7.888    90.8640 5.3598e-01  4.3369538    25.5918  0.000e+00
     62.459     62.985     9.9161  36.309683    33.2328    156.548    -0.0077      7.893    90.6316 5.3434e-01  4.8668684    25.5874  0.000e+00
     62.001     62.523     9.8979  36.286711    33.2263    157.438    -0.0077      7.893    90.3475 5.9100e-01  4.8999880    25.5854  0.000e+00
     61.712     62.232     9.8888  36.274792    33.2226    158.028    -0.0004      7.893    90.3992 6.5514e-01  4.8999880    25.5840  0.000e+00
     61.583     62.102     9.8836  36.263247    33.2157    158.446     0.0143      7.893    90.3217 6.8339e-01  3.7076803    25.5795  0.000e+00
     61.219     61.735     9.8840  36.258033    33.2103    158.404    -0.0150      7.893    90.2184 7.3447e-01  4.1382359    25.5751  0.000e+00
     60.525     61.034     9.8962  36.271808    33.2133    159.002    -0.0150      7.898    90.2442 8.3013e-01  4.7012701    25.5755  0.000e+00
     59.819     60.323     9.9171  36.287694    33.2106    159.842    -0.0150      7.902    90.2442 9.3471e-01  4.9662274    25.5698  0.000e+00
     59.554     60.056     9.9515  36.313084    33.2049    160.376    -0.0224      7.902    90.2184 9.8865e-01  4.4363128    25.5597  0.000e+00
     59.729     60.231     9.9554  36.315816    33.2040    161.026    -0.0297      7.902    90.2184 9.2645e-01  4.5025521    25.5583  0.000e+00
     59.964     60.469     9.9523  36.314389    33.2053    162.132    -0.0297      7.907    90.1926 8.5012e-01  4.6350308    25.5599  0.000e+00
     60.090     60.596     9.9500  36.313148    33.2061    162.802    -0.0297      7.907    90.1926 8.3260e-01  4.8668684    25.5608  0.000e+00
     59.934     60.439     9.9536  36.315631    33.2054    162.318    -0.0297      7.907    90.1668 8.5773e-01  4.6019111    25.5597  0.000e+00
     59.624     60.126     9.9555  36.316561    33.2047    162.534    -0.0297      7.907    90.1668 8.7056e-01  4.7343897    25.5589  0.000e+00
     59.516     60.017     9.9583  36.318362    33.2040    162.852    -0.0297      7.907    90.1410 8.8095e-01  5.0324667    25.5578  0.000e+00
     59.787     60.290     9.9581  36.318859    33.2046    162.921    -0.0297      7.912    90.1926 8.7314e-01  5.1980650    25.5583  0.000e+00
     60.261     60.769     9.9520  36.314887    33.2060    162.851    -0.0297      7.912    90.1410 8.4759e-01  5.2311846    25.5604  0.000e+00
     60.469     60.979     9.9418  36.306879    33.2071    163.222    -0.0297      7.912    90.1668 9.3471e-01  4.4031932    25.5630  0.000e+00
     60.054     60.560     9.9519  36.315073    33.2064    163.342    -0.0297      7.912    90.1410 1.1285e+00  3.9726376    25.5608  0.000e+00
     59.304     59.803     9.9572  36.318299    33.2051    162.345    -0.0297      7.912    90.0377 1.3100e+00  3.9063983    25.5588  0.000e+00
     58.870     59.366     9.9770  36.331586    33.2006    162.864    -0.0297      7.912    89.9860 1.3606e+00  4.8337487    25.5520  0.000e+00
     59.040     59.537     9.9852  36.337300    33.1987    163.536    -0.0297      7.916    90.0119 1.2760e+00  4.5356718    25.5492  0.000e+00
     59.625     60.127     9.9661  36.324634    33.2032    163.944    -0.0297      7.916    89.9344 1.1121e+00  4.5356718    25.5559  0.000e+00
     60.270     60.777     9.9537  36.316936    33.2065    164.596    -0.0370      7.917    89.8827 9.7418e-01  4.8337487    25.5606  0.000e+00
     60.345     60.853     9.9508  36.315260    33.2074    164.506    -0.0297      7.917    89.9602 9.1014e-01  6.0922957    25.5617  0.000e+00
     59.825     60.329     9.9591  36.320598    33.2055    163.503    -0.0297      7.916    89.8569 9.1284e-01  4.4363128    25.5588  0.000e+00
     59.275     59.774     9.9712  36.328358    33.2024    162.754    -0.0297      7.916    89.7020 9.7706e-01  3.7739197    25.5544  0.000e+00
     59.121     59.618     9.9881  36.339971    33.1987    163.390    -0.0297      7.916    89.7536 9.7706e-01  3.3433641    25.5487  0.000e+00
     59.302     59.801     9.9859  36.338170    33.1989    164.098    -0.0297      7.921    89.8053 9.2371e-01  3.7408000    25.5492  0.000e+00
     59.635     60.137     9.9690  36.327055    33.2030    164.758    -0.0297      7.921    89.7536 8.8357e-01  4.1051162    25.5552  0.000e+00
     59.840     60.344     9.9594  36.321530    33.2061    165.391    -0.0370      7.916    89.7536 8.7574e-01  4.1382359    25.5593  0.000e+00
     59.624     60.126     9.9663  36.325876    33.2043    164.831    -0.0444      7.916    89.8311 8.9411e-01  3.9726376    25.5567  0.000e+00
     59.192     59.690     9.9828  36.336742    33.2003    163.803    -0.0297      7.921    89.5212 9.4025e-01  3.6083214    25.5509  0.000e+00
     59.153     59.651     9.9896  36.341461    33.1989    163.779    -0.0224      7.921    89.3921 9.6274e-01  4.2707145    25.5486  0.000e+00
     59.710     60.213     9.9710  36.328919    33.2030    164.551    -0.0224      7.921    89.6245 8.8357e-01  4.4031932    25.5549  0.000e+00
     60.233     60.740     9.9528  36.317123    33.2075    165.486    -0.0297      7.921    89.6762 8.3013e-01  4.3700735    25.5615  0.000e+00
     59.832     60.336     9.9590  36.321468    33.2064    164.759    -0.0297      7.921    89.8053 9.3471e-01  4.0388769    25.5596  0.000e+00
     58.772     59.267     9.9835  36.338107    33.2013    163.690    -0.0297      7.921    89.4954 1.1056e+00  4.6019111    25.5515  0.000e+00
     58.187     58.677    10.0124  36.360030    33.1973    163.413    -0.0224      7.921    89.3405 1.1723e+00  3.7076803    25.5435  0.000e+00
     58.534     59.027    10.0133  36.360342    33.1966    164.112    -0.0297      7.921    89.3147 1.1486e+00  4.0719966    25.5428  0.000e+00
     59.325     59.824     9.9825  36.336866    33.2007    165.795    -0.0297      7.926    89.2888 1.0486e+00  5.1649453    25.5512  0.000e+00
     59.529     60.030     9.9691  36.328918    33.2049    166.440    -0.0297      7.926    89.2888 1.1689e+00  4.0388769    25.5567  0.000e+00
     58.970     59.467     9.9884  36.341585    33.2002    165.994    -0.0297      7.921    89.2372 1.3685e+00  4.0719966    25.5498  0.000e+00
     58.472     58.964    10.0051  36.354503    33.1982    164.963    -0.0077      7.921    89.0823 1.5372e+00  4.2044752    25.5454  0.000e+00
     57.857     58.344    10.0193  36.365682    33.1968    164.635    -0.0004      7.926    89.0564 1.6195e+00  4.3700735    25.5420  0.000e+00
     57.336     57.818    10.0267  36.370464    33.1951    165.722    -0.0077      7.926    89.0564 1.7309e+00  4.3700735    25.5394  0.000e+00
     56.897     57.375    10.0330  36.375930    33.1951    166.548    -0.0150      7.926    89.0306 1.8075e+00  4.7675094    25.5383  0.000e+00
     56.595     57.071    10.0348  36.375991    33.1936    167.294    -0.0077      7.926    89.0306 1.8551e+00  4.7012701    25.5368  0.000e+00
     56.197     56.670    10.0342  36.373815    33.1922    168.048    -0.0077      7.930    89.0564 1.9039e+00  4.8006291    25.5358  0.000e+00
     55.222     55.686    10.0356  36.373190    33.1906    168.088    -0.0150      7.930    89.1081 2.0937e+00  5.4299026    25.5344  0.000e+00
     53.878     54.331    10.0427  36.376851    33.1885    168.099    -0.0297      7.930    89.1339 2.4519e+00  4.3700735    25.5315  0.000e+00
     52.877     53.321    10.0502  36.380761    33.1860    168.381    -0.0224      7.935    89.2372 2.7971e+00  4.5356718    25.5282  0.000e+00
     52.445     52.886    10.0555  36.382623    33.1832    169.111    -0.0297      7.935    89.2888 2.9957e+00  4.5356718    25.5251  0.000e+00
     52.226     52.665    10.0519  36.377527    33.1814    169.452    -0.0224      7.935    89.3663 3.0825e+00  4.2375949    25.5244  0.000e+00
     51.706     52.141    10.0570  36.382310    33.1818    169.913    -0.0297      7.940    89.7020 3.3200e+00  4.3700735    25.5239  0.000e+00
     50.827     51.254    10.0630  36.386718    33.1812    170.628    -0.0150      7.940    89.7795 3.7636e+00  4.7012701    25.5223  0.000e+00
     50.255     50.677    10.0664  36.387586    33.1792    171.098    -0.0077      7.940    89.7278 4.1459e+00  5.0655863    25.5202  0.000e+00
     49.705     50.122    10.0690  36.387708    33.1771    171.143    -0.0077      7.940    89.9860 4.3389e+00  5.3636632    25.5181  0.000e+00
     49.161     49.574    10.0700  36.387644    33.1765    171.622    -0.0077      7.944    90.2701 4.6189e+00  3.9063983    25.5175  0.000e+00
     48.553     48.960    10.0708  36.387455    33.1758    172.362    -0.0150      7.944    90.4508 4.9167e+00  3.9726376    25.5168  0.000e+00
     48.029     48.432    10.0728  36.387640    33.1744    172.410    -0.0077      7.944    90.5283 5.2038e+00  3.9063983    25.5153  0.000e+00
     47.620     48.020    10.0779  36.390745    33.1730    172.875    -0.0077      7.944    90.6058 5.4301e+00  3.8401590    25.5134  0.000e+00
     47.030     47.425    10.0837  36.394472    33.1718    173.169    -0.0004      7.949    90.8123 5.7145e+00  3.9063983    25.5114  0.000e+00
     46.291     46.679    10.0986  36.404412    33.1685    173.590    -0.0150      7.949    90.9156 6.2040e+00  4.0388769    25.5063  0.000e+00
     46.063     46.449    10.1085  36.410129    33.1653    174.305    -0.0077      7.954    91.0189 6.6217e+00  4.0719966    25.5022  0.000e+00
     46.341     46.730    10.1077  36.410192    33.1660    175.233    -0.0077      7.954    90.9931 6.2040e+00  4.1713556    25.5029  0.000e+00
     46.390     46.779    10.1072  36.410317    33.1665    176.154    -0.0004      7.954    91.2771 5.8621e+00  3.8070393    25.5034  0.000e+00
     46.039     46.425    10.1114  36.413299    33.1658    176.786     0.0143      7.958    91.6386 6.4004e+00  4.4031932    25.5021  0.000e+00
     45.391     45.771    10.1549  36.453647    33.1672    176.399     0.0143      7.958    91.7677 6.9877e+00  4.8668684    25.4958  0.000e+00
     44.890     45.266    10.2270  36.520954    33.1694    176.327     0.0216      7.963    91.8452 7.2907e+00  4.7343897    25.4854  0.000e+00
     44.214     44.584    10.6160  36.893721    33.1899    175.906     0.0362      7.975    92.7231 7.5213e+00  3.2440051    25.4345  0.000e+00
     43.685     44.051    11.3624  37.559394    33.1758    176.284     0.0436      8.006    93.6269 8.0497e+00  2.7803299    25.2911  0.000e+00
     43.566     43.931    11.5114  37.687664    33.1681    183.485     0.0729      8.029    94.1175 8.1643e+00  1.2237060    25.2580  0.000e+00
     43.239     43.602    11.6517  37.825765    33.1777    191.150     0.1095      8.042    95.0471 8.4223e+00  0.0645179    25.2397  0.000e+00
     42.726     43.084    11.9112  38.070171    33.1843    194.954     0.1461      8.055    95.6926 9.2982e+00  0.1307573    25.1967  0.000e+00
     42.040     42.392    12.2190  38.365838    33.1969    196.931     0.1535      8.073    95.5377 1.0035e+01 -0.4985162    25.1486  0.000e+00
     41.259     41.605    12.5828  38.700367    33.1965    199.246     0.1535      8.090    95.7701 1.0619e+01 -0.4653966    25.0786  0.000e+00
     40.646     40.986    12.8930  38.989804    33.1995    203.483     0.1828      8.112    95.9767 1.1109e+01 -0.4653966    25.0205  0.000e+00
     40.425     40.764    13.0347  39.117576    33.1964    208.643     0.1901      8.126    96.1832 1.1172e+01 -0.4985162    24.9901  0.000e+00
     40.244     40.581    13.1289  39.212732    33.2040    212.768     0.2194      8.139    96.3640 1.1141e+01 -0.4985162    24.9773  0.000e+00
     39.656     39.988    13.1962  39.278056    33.2069    214.604     0.2487      8.144    96.4156 1.1989e+01 -0.4653966    24.9661  0.000e+00
     38.823     39.148    13.2679  39.349321    33.2118    215.167     0.2633      8.148    96.3124 1.3574e+01 -0.4985162    24.9556  0.000e+00
     38.152     38.471    13.3252  39.407871    33.2171    215.625     0.2853      8.152    96.3382 1.4983e+01 -0.4653966    24.9482  0.000e+00
     37.537     37.851    13.3925  39.473903    33.2206    216.160     0.3219      8.162    96.2865 1.5987e+01 -0.4985162    24.9374  0.000e+00
     36.715     37.022    13.4719  39.553020    33.2260    216.387     0.3439      8.166    96.1832 1.7252e+01 -0.4985162    24.9255  0.000e+00
     35.913     36.213    13.5396  39.622429    33.2323    217.807     0.3732      8.170    96.1574 1.9530e+01 -0.4985162    24.9167  0.000e+00
     35.645     35.943    13.5918  39.673167    33.2345    218.147     0.4099      8.175    96.0283 2.0373e+01 -0.4985162    24.9077  0.000e+00
     35.667     35.965    13.5909  39.673618    33.2357    218.693     0.3732      8.179    95.9767 1.8987e+01 -0.4653966    24.9088  0.000e+00
     35.115     35.409    13.5982  39.681850    33.2372    219.141     0.4758      8.179    95.7443 1.9475e+01 -0.4985162    24.9086  0.000e+00
