Arg_L1_tst_NV.cnv
* Sea-Bird SBE 9 Data File:
* FileName = S:\CTD_Data\CTD\Data\Argentina 2014\Data\Arg_L1_tst.hex
* Software Version Seasave V 7.21g
* Temperature SN = 5769
* Conductivity SN = 4244
* Number of Bytes Per Scan = 31
* Number of Voltage Words = 4
* Number of Scans Averaged by the Deck Unit = 24
* NMEA Latitude = 39 57.64 S
* NMEA Longitude = 055 42.24 W
* NMEA UTC (Time) = Jan 31 2014 21:41:35
* NMEA baud rate = 9600
** R/V Coriolis II
** MARES project, ARGENTINA 2014
** Chief scientist : Dr. Gustavo Ferreyra
** Co-Chief scientist : Dr. José Luis Esteves
** Cast 001
# nquan = 13
# nvalues = 1505                                  
# units = specified
# name 0 = depSM: Depth [salt water, m]
# name 1 = prDM: Pressure, Digiquartz [db]
# name 2 = t090C: Temperature [ITS-90, deg C]
# name 3 = c0mS/cm: Conductivity [mS/cm]
# name 4 = sal00: Salinity, Practical [PSU]
# name 5 = sbeox0Mm/Kg: Oxygen, SBE 43 [umol/Kg]
# name 6 = flECO-AFL: Fluorescence, WET Labs ECO-AFL/FL [mg/m^3]
# name 7 = ph: pH
# name 8 = CStarTr0: Beam Transmission, WET Labs C-Star [%]
# name 9 = par: PAR/Irradiance, Biospherical/Licor
# name 10 = upoly0: Upoly 0, Nitrate
# name 11 = sigma-é00: Density [sigma-theta, Kg/m^3]
# name 12 = flag:  0.000e+00
# span 0 =     -0.244,    300.969                 
# span 1 =     -0.246,    303.514                 
# span 2 =     3.9784,    14.4428                 
# span 3 =   3.730820,  39.305579                 
# span 4 =     2.6528,    34.1174                 
# span 5 =    173.648,    291.908                 
# span 6 =    -0.2788,    19.4502                 
# span 7 =      8.008,      8.191                 
# span 8 =     6.4785,    99.7208                 
# span 9 = 3.4694e-04, 4.3746e+02                 
# span 10 = -4.4038905,  23.220735                
# span 11 =     1.5190,    27.0849                
# span 12 = 0.0000e+00, 0.0000e+00                
# interval = seconds: 1
# start_time = Jan 31 2014 21:41:35 [NMEA time, header]
# bad_flag = -9.990e-29
*END*
[from data line 1223]
     19.445     19.596    10.6054  37.648117    33.9674    231.688     3.4575      8.135    89.3405 3.6579e+00  7.7853928    26.0417  0.000e+00
     18.945     19.092    10.6083  37.651706    33.9685    232.388     3.4355      8.140    89.0048 3.9502e+00  8.0172542    26.0421  0.000e+00
     18.042     18.182    10.6293  37.674067    33.9719    232.158     3.3622      8.140    89.2630 4.5927e+00  7.6529006    26.0411  0.000e+00
     17.266     17.400    10.6550  37.693345    33.9676    232.082     3.4795      8.140    89.2888 5.2335e+00  7.7853928    26.0332  0.000e+00
     17.046     17.178    10.6756  37.716601    33.9718    231.714     3.6846      8.144    89.0306 5.4610e+00  7.5535315    26.0329  0.000e+00
     17.071     17.204    10.7281  37.761239    33.9677    231.774     3.5234      8.144    88.8241 5.2038e+00  7.2554240    26.0204  0.000e+00
     16.918     17.049    10.7436  37.774356    33.9665    232.507     3.8751      8.144    88.2560 5.1744e+00  7.0898087    26.0167  0.000e+00
     16.503     16.631    10.7435  37.774670    33.9671    232.815     3.6992      8.149    88.1010 5.6340e+00  6.8579474    26.0172  0.000e+00
     16.351     16.478    10.7442  37.775616    33.9675    232.719     3.8824      8.149    88.2302 6.0822e+00  6.7585782    26.0173  0.000e+00
     16.580     16.708    10.7439  37.775932    33.9680    233.455     4.1315      8.149    88.0494 5.8621e+00  6.6592090    26.0178  0.000e+00
     16.758     16.888    10.7432  37.775806    33.9685    233.623     4.0143      8.149    87.8945 5.3536e+00  6.6923321    26.0183  0.000e+00
     16.568     16.696    10.7431  37.775806    33.9686    233.284     3.8165      8.149    87.9719 5.3233e+00  6.9573165    26.0185  0.000e+00
     16.129     16.254    10.7429  37.775741    33.9690    233.431     3.7359      8.154    88.0752 5.9458e+00  6.8910704    26.0187  0.000e+00
     15.669     15.790    10.7426  37.775487    33.9691    233.171     3.8091      8.154    88.2043 6.6217e+00  6.9904396    26.0189  0.000e+00
     15.394     15.513    10.7462  37.779081    33.9696    232.897     4.1168      8.154    88.1527 6.6405e+00  7.1891779    26.0186  0.000e+00
     15.458     15.578    10.7538  37.785389    33.9688    233.268     4.4538      8.154    87.8428 6.0649e+00  6.7254552    26.0167  0.000e+00
     15.799     15.922    10.7451  37.778263    33.9696    234.137     4.1535      8.154    87.6363 5.9122e+00  7.1229318    26.0188  0.000e+00
     15.787     15.909    10.7438  37.777695    33.9702    233.894     4.0509      8.158    87.4555 6.4733e+00  6.9904396    26.0195  0.000e+00
     15.350     15.469    10.7567  37.789363    33.9701    233.728     3.8018      8.158    87.6621 7.0473e+00  6.7254552    26.0172  0.000e+00
     14.954     15.070    10.7854  37.814156    33.9685    233.979     3.9190      8.158    87.4297 7.0672e+00  7.0566857    26.0108  0.000e+00
     15.026     15.142    10.8086  37.833971    33.9667    233.618     4.2487      8.158    87.1715 6.7351e+00  6.4604707    26.0053  0.000e+00
     15.272     15.390    10.8048  37.829996    33.9661    233.400     4.4685      8.158    87.1715 6.6217e+00  6.6260860    26.0056  0.000e+00
     15.307     15.426    10.7878  37.816239    33.9681    233.891     4.2707      8.158    87.1198 6.7161e+00  6.9241935    26.0101  0.000e+00
     14.952     15.068    10.8123  37.838325    33.9676    234.161     4.0289      8.163    87.0424 7.0075e+00  6.9904396    26.0054  0.000e+00
     14.609     14.723    10.8164  37.841480    33.9672    233.885     4.1461      8.163    87.1198 7.3737e+00  6.9904396    26.0043  0.000e+00
     14.612     14.726    10.8174  37.842742    33.9675    234.445     4.4465      8.163    87.1198 7.3114e+00  6.8579474    26.0043  0.000e+00
     14.867     14.982    10.8162  37.841796    33.9675    234.458     4.5344      8.163    86.9907 7.0075e+00  6.8910704    26.0046  0.000e+00
     15.039     15.156    10.8149  37.840850    33.9677    234.384     4.3366      8.163    86.9649 6.7734e+00  7.0566857    26.0050  0.000e+00
     14.998     15.115    10.8156  37.841797    33.9680    234.785     4.0948      8.163    86.9907 6.7542e+00  6.8579474    26.0051  0.000e+00
     14.970     15.086    10.8155  37.841734    33.9680    235.350     4.0362      8.163    86.8100 6.8505e+00  6.7254552    26.0051  0.000e+00
     15.119     15.236    10.8132  37.839588    33.9680    235.120     4.1241      8.163    87.0682 6.6971e+00  6.5598399    26.0055  0.000e+00
     15.177     15.295    10.8112  37.836496    33.9667    234.643     4.1535      8.163    87.0165 6.6029e+00  6.3942246    26.0049  0.000e+00
     14.958     15.074    10.8133  37.840156    33.9685    234.622     4.0655      8.167    87.0424 6.8894e+00  6.3611016    26.0059  0.000e+00
     14.648     14.762    10.8145  37.841228    33.9687    234.606     4.0436      8.167    86.7067 7.1477e+00  6.6592090    26.0058  0.000e+00
     14.561     14.674    10.8155  37.842300    33.9688    235.004     4.2633      8.167    87.0940 7.1477e+00  6.4604707    26.0058  0.000e+00
     14.513     14.626    10.8161  37.842994    33.9690    234.593     4.3586      8.167    87.0165 7.2701e+00  6.1954863    26.0057  0.000e+00
     14.162     14.272    10.8194  37.846528    33.9696    234.319     4.1974      8.167    87.0165 7.6284e+00  7.0898087    26.0056  0.000e+00
     13.540     13.645    10.8289  37.855363    33.9699    234.497     4.1022      8.167    86.8100 8.3511e+00  6.8579474    26.0042  0.000e+00
     13.220     13.322    10.8479  37.872533    33.9695    234.390     4.2487      8.167    87.0940 9.2458e+00  6.7917013    26.0005  0.000e+00
     13.401     13.505    10.8523  37.876006    33.9688    234.779     4.3439      8.167    86.9391 9.0903e+00  6.9573165    25.9992  0.000e+00
     13.436     13.540    10.8545  37.878343    33.9692    235.173     4.1681      8.167    86.9649 8.6149e+00  7.3216701    25.9991  0.000e+00
     13.287     13.390    10.8607  37.883772    33.9689    235.297     4.2560      8.167    86.7583 8.4461e+00  7.0898087    25.9977  0.000e+00
     13.070     13.171    10.8715  37.894065    33.9692    235.394     4.1241      8.167    86.5259 8.7871e+00  7.0566857    25.9961  0.000e+00
     12.820     12.920    10.8876  37.907895    33.9682    235.464     4.0509      8.167    86.3968 9.7282e+00  6.9241935    25.9924  0.000e+00
     12.723     12.822    10.8933  37.913074    33.9682    235.592     4.2121      8.167    86.0095 1.0149e+01  6.6260860    25.9914  0.000e+00
     12.797     12.896    10.8941  37.913832    33.9681    235.749     4.2414      8.167    86.3710 9.9506e+00  6.6592090    25.9912  0.000e+00
     12.757     12.856    10.8941  37.914148    33.9684    235.907     4.1754      8.167    86.3710 9.8110e+00  6.3279785    25.9914  0.000e+00
     12.591     12.689    10.8954  37.915347    33.9686    235.651     4.1315      8.172    86.4226 9.6461e+00  6.3279785    25.9913  0.000e+00
     12.567     12.664    10.8968  37.916989    33.9689    235.398     4.1388      8.172    86.3710 9.5647e+00  6.5267168    25.9913  0.000e+00
     12.779     12.878    10.8960  37.916295    33.9689    235.409     4.1974      8.172    86.3193 9.5108e+00  6.5267168    25.9914  0.000e+00
     12.948     13.049    10.8945  37.914843    33.9687    235.421     4.2560      8.172    86.1644 9.5647e+00  6.0298710    25.9916  0.000e+00
     12.805     12.904    10.8942  37.914780    33.9690    235.822     4.1974      8.172    86.1128 9.8110e+00  6.3279785    25.9918  0.000e+00
     12.525     12.622    10.8940  37.914463    33.9689    236.219     4.0948      8.172    86.4743 1.0352e+01  6.9573165    25.9918  0.000e+00
     12.527     12.624    10.8943  37.914715    33.9689    235.973     4.1974      8.172    86.5776 9.9787e+00  6.9573165    25.9918  0.000e+00
     12.872     12.971    10.8920  37.912695    33.9689    236.155     4.4685      8.172    86.4743 8.7623e+00  6.3942246    25.9922  0.000e+00
     13.028     13.129    10.8904  37.911496    33.9691    236.167     4.2780      8.172    86.4485 8.7129e+00  6.4604707    25.9926  0.000e+00
     12.827     12.926    10.8933  37.914085    33.9691    235.498     4.1535      8.172    86.4743 9.6734e+00  6.6592090    25.9921  0.000e+00
     12.617     12.715    10.8930  37.913642    33.9690    235.493     4.1535      8.172    86.3710 1.0035e+01  6.9573165    25.9921  0.000e+00
     12.681     12.779    10.8921  37.912821    33.9690    235.744     4.2926      8.172    86.3452 9.6461e+00  6.6260860    25.9922  0.000e+00
     12.777     12.876    10.8906  37.911684    33.9692    236.158     4.3439      8.172    86.3452 9.7282e+00  6.6592090    25.9927  0.000e+00
     12.628     12.725    10.8917  37.911115    33.9677    236.150     4.2340      8.172    86.4226 1.0236e+01  6.5598399    25.9912  0.000e+00
     12.404     12.500    10.8935  37.914273    33.9693    236.291     4.1461      8.172    86.5001 1.0121e+01  6.2948555    25.9922  0.000e+00
     12.593     12.690    10.8935  37.914337    33.9692    236.297     4.2487      8.172    86.4743 9.3245e+00  7.1229318    25.9922  0.000e+00
     13.101     13.203    10.8796  37.901012    33.9686    236.141     4.3806      8.172    86.4226 8.7623e+00  6.7917013    25.9941  0.000e+00
     13.276     13.379    10.8627  37.888130    33.9714    236.229     4.2633      8.172    86.3452 8.7129e+00  6.7585782    25.9994  0.000e+00
     12.917     13.017    10.8864  37.908274    33.9696    236.098     4.1535      8.172    86.0095 9.0135e+00  6.8579474    25.9937  0.000e+00
     12.550     12.647    10.8903  37.911494    33.9694    236.067     4.1168      8.172    86.4485 1.0092e+01  5.9967480    25.9928  0.000e+00
     12.433     12.529    10.8924  37.913325    33.9694    236.053     4.3732      8.172    86.3968 1.0739e+01  5.9967480    25.9924  0.000e+00
     12.518     12.615    10.8918  37.912757    33.9693    236.463     4.5784      8.176    86.4226 1.0035e+01  6.5929629    25.9925  0.000e+00
     12.757     12.856    10.8892  37.909347    33.9682    236.485     4.3952      8.172    86.3710 9.1677e+00  6.9573165    25.9922  0.000e+00
     12.950     13.051    10.8847  37.906569    33.9695    235.863     4.2707      8.172    86.3193 9.0135e+00  6.6923321    25.9939  0.000e+00
     12.842     12.941    10.8845  37.906695    33.9699    235.860     4.1901      8.172    86.3710 9.6461e+00  7.6860237    25.9943  0.000e+00
     12.663     12.761    10.8898  37.911242    33.9696    236.073     4.1461      8.172    86.2419 1.0121e+01  6.8579474    25.9931  0.000e+00
     12.769     12.868    10.8893  37.909537    33.9683    236.081     4.2194      8.176    86.3968 9.6189e+00  6.3942246    25.9922  0.000e+00
     13.081     13.183    10.8726  37.895265    33.9694    235.770     4.3586      8.172    86.5776 8.8120e+00  6.4935938    25.9960  0.000e+00
     13.063     13.164    10.8685  37.892865    33.9708    235.788     4.3073      8.177    86.5776 8.9122e+00  5.9305019    25.9978  0.000e+00
     12.606     12.704    10.8862  37.907831    33.9695    236.334     4.1315      8.176    85.9320 9.8945e+00  5.9305019    25.9937  0.000e+00
     12.291     12.386    10.8893  37.909725    33.9687    236.309     4.2047      8.176    86.3968 1.0679e+01  6.3942246    25.9925  0.000e+00
     12.522     12.619    10.8888  37.910231    33.9696    236.073     4.4099      8.176    86.4485 1.0178e+01  7.3547931    25.9932  0.000e+00
     12.837     12.937    10.8861  37.908085    33.9698    236.096     4.3806      8.176    86.4485 9.2982e+00  7.4872854    25.9939  0.000e+00
     12.849     12.948    10.8856  37.907706    33.9698    236.099     4.2121      8.176    86.4226 8.9627e+00  6.6260860    25.9940  0.000e+00
     12.729     12.828    10.8864  37.908400    33.9699    236.495     4.1241      8.176    86.5259 9.3245e+00  6.2617324    25.9939  0.000e+00
     12.763     12.862    10.8876  37.909411    33.9698    236.490     4.1754      8.176    86.5259 9.7282e+00  6.2948555    25.9936  0.000e+00
     12.826     12.925    10.8865  37.907453    33.9688    236.255     4.2047      8.176    86.4485 9.6461e+00  6.4273477    25.9930  0.000e+00
     12.793     12.892    10.8865  37.908590    33.9699    236.656     4.1608      8.176    86.3968 9.5917e+00  5.9967480    25.9939  0.000e+00
     12.806     12.906    10.8874  37.909411    33.9699    236.652     4.1388      8.176    86.5001 9.2982e+00  6.3942246    25.9938  0.000e+00
     12.900     13.000    10.8876  37.909727    33.9700    236.409     4.1974      8.176    86.3193 8.8369e+00  6.8579474    25.9938  0.000e+00
     12.916     13.016    10.8858  37.908085    33.9700    236.418     4.1974      8.176    86.5259 8.7376e+00  7.2885470    25.9942  0.000e+00
     12.763     12.862    10.8869  37.909158    33.9702    236.408     4.1241      8.176    86.4743 9.2458e+00  6.8248243    25.9941  0.000e+00
     12.531     12.628    10.8885  37.910484    33.9701    235.988     4.0802      8.176    86.5517 1.0064e+01  7.2885470    25.9937  0.000e+00
     12.459     12.556    10.8898  37.911620    33.9701    236.384     4.1828      8.176    86.5001 1.0064e+01  6.9904396    25.9935  0.000e+00
     12.734     12.833    10.8867  37.908779    33.9699    236.653     4.3293      8.176    86.4226 9.1936e+00  5.7317636    25.9939  0.000e+00
     13.058     13.159    10.8844  37.907012    33.9702    236.429     4.3586      8.176    86.4743 8.7871e+00  6.1954863    25.9945  0.000e+00
     13.043     13.144    10.8837  37.906317    33.9702    236.432     4.2194      8.176    86.4226 9.1160e+00  6.4604707    25.9946  0.000e+00
     12.773     12.872    10.8858  37.908211    33.9702    236.413     4.1315      8.176    86.1386 9.3509e+00  6.3279785    25.9943  0.000e+00
     12.627     12.725    10.8873  37.909410    33.9701    236.806     4.2267      8.176    86.2677 9.4572e+00  5.8311327    25.9939  0.000e+00
     12.765     12.864    10.8877  37.909663    33.9699    236.808     4.3293      8.176    86.4485 9.7833e+00  5.8311327    25.9937  0.000e+00
     12.943     13.044    10.8839  37.906380    33.9700    236.588     4.3219      8.176    86.2161 9.3245e+00  6.2617324    25.9945  0.000e+00
     12.898     12.998    10.8835  37.906190    33.9703    236.184     4.2414      8.176    86.5001 8.7129e+00  6.2948555    25.9947  0.000e+00
     12.712     12.811    10.8860  37.908463    33.9703    236.570     4.1168      8.176    86.5259 9.1677e+00  6.2617324    25.9943  0.000e+00
     12.636     12.734    10.8872  37.909410    33.9702    236.806     4.0948      8.176    86.4226 9.8666e+00  6.2286094    25.9940  0.000e+00
     12.749     12.848    10.8878  37.909853    33.9700    236.966     4.2047      8.176    86.4743 9.7557e+00  6.4604707    25.9938  0.000e+00
     12.837     12.937    10.8848  37.907263    33.9701    237.388     4.2707      8.176    86.4485 9.4305e+00  6.5267168    25.9944  0.000e+00
     12.830     12.930    10.8840  37.906821    33.9704    236.742     4.1754      8.176    86.4743 9.2197e+00  6.6592090    25.9948  0.000e+00
     12.773     12.872    10.8850  37.907579    33.9703    236.896     4.1535      8.176    86.6292 9.3245e+00  6.9241935    25.9945  0.000e+00
     12.776     12.875    10.8843  37.906632    33.9700    236.740     4.1901      8.176    86.5776 9.4305e+00  6.3611016    25.9944  0.000e+00
     12.961     13.061    10.8822  37.903727    33.9690    236.514     4.2340      8.176    86.5517 8.8870e+00  6.8248243    25.9940  0.000e+00
     13.171     13.273    10.8707  37.894191    33.9700    237.227     4.2707      8.177    86.5776 8.3511e+00  6.9573165    25.9968  0.000e+00
     13.035     13.136    10.8743  37.898864    33.9714    236.797     4.2194      8.177    86.4226 8.7623e+00  6.5929629    25.9973  0.000e+00
     12.551     12.648    10.8863  37.908905    33.9705    236.073     4.1535      8.176    86.2161 1.0121e+01  6.0298710    25.9944  0.000e+00
