Arg_Leg3_G5_NV.cnv
* Sea-Bird SBE 9 Data File:
* FileName = S:\CTD_Data\CTD\Data\Argentina 2014\Data\Leg3\Arg_Leg3_G5.hex
* Software Version Seasave V 7.21g
* Temperature SN = 5769
* Conductivity SN = 4244
* Number of Bytes Per Scan = 31
* Number of Voltage Words = 4
* Number of Scans Averaged by the Deck Unit = 24
* NMEA Latitude = 45 11.96 S
* NMEA Longitude = 066 10.58 W
* NMEA UTC (Time) = Feb 13 2014 09:21:06
* NMEA baud rate = 9600
** R/V Coriolis II
** MARES project, ARGENTINA 2014
** Chief scientist : Dr. Gustavo Ferreyra
** Co-Chief scientist : Dr. José Luis Esteves
# nquan = 13
# nvalues = 756                                   
# units = specified
# name 0 = depSM: Depth [salt water, m]
# name 1 = prDM: Pressure, Digiquartz [db]
# name 2 = t090C: Temperature [ITS-90, deg C]
# name 3 = c0mS/cm: Conductivity [mS/cm]
# name 4 = sal00: Salinity, Practical [PSU]
# name 5 = sbeox0Mm/Kg: Oxygen, SBE 43 [umol/Kg]
# name 6 = flECO-AFL: Fluorescence, WET Labs ECO-AFL/FL [mg/m^3]
# name 7 = ph: pH
# name 8 = CStarTr0: Beam Transmission, WET Labs C-Star [%]
# name 9 = par: PAR/Irradiance, Biospherical/Licor
# name 10 = upoly0: Upoly 0, Nitrate
# name 11 = sigma-é00: Density [sigma-theta, Kg/m^3]
# name 12 = flag:  0.000e+00
# span 0 =     -0.040,     70.553                 
# span 1 =     -0.040,     71.144                 
# span 2 =    11.1043,    14.5829                 
# span 3 =   3.334098,  40.780811                 
# span 4 =     2.2562,    33.4521                 
# span 5 =    160.245,    284.837                 
# span 6 =    -0.1249,     1.8897                 
# span 7 =      7.968,      8.208                 
# span 8 =    44.5140,    94.8922                 
# span 9 = 1.0000e-12, 4.3143e+00                 
# span 10 = -0.7634735, -0.4653966                
# span 11 =     0.9914,    25.5118                
# span 12 = 0.0000e+00, 0.0000e+00                
# interval = seconds: 1
# start_time = Feb 13 2014 09:21:06 [NMEA time, header]
# bad_flag = -9.990e-29
*END*
[from data line 556]
      6.416      6.469    14.5458  40.739709    33.4067    217.269     1.5307      8.203    93.0846 6.6110e-01 -0.7634735    24.8415  0.000e+00
      6.420      6.473    14.5471  40.741595    33.4073    215.818     1.2890      8.203    92.9297 6.8339e-01 -0.7634735    24.8417  0.000e+00
      6.396      6.449    14.5486  40.743285    33.4076    217.934     1.3989      8.203    93.3687 6.8545e-01 -0.7634735    24.8416  0.000e+00
      6.340      6.392    14.5480  40.742765    33.4076    217.298     1.5381      8.203    93.4203 7.0425e-01 -0.7634735    24.8417  0.000e+00
      6.336      6.388    14.5467  40.740684    33.4069    216.880     1.5014      8.203    93.1105 7.0214e-01 -0.7303538    24.8414  0.000e+00
      6.401      6.453    14.5464  40.740749    33.4071    217.796     1.4135      8.203    93.2396 6.8133e-01 -0.7634735    24.8417  0.000e+00
      6.457      6.510    14.5466  40.740815    33.4070    217.606     1.2524      8.203    93.3687 6.8133e-01 -0.7634735    24.8416  0.000e+00
      6.426      6.479    14.5440  40.737889    33.4066    216.746     1.2524      8.203    93.2654 6.8545e-01 -0.7634735    24.8418  0.000e+00
      6.360      6.412    14.5472  40.741855    33.4075    217.069     1.6113      8.203    93.4203 7.0850e-01 -0.7634735    24.8419  0.000e+00
      6.354      6.406    14.5479  40.742505    33.4075    216.769     1.7285      8.203    93.2137 7.0637e-01 -0.7634735    24.8417  0.000e+00
      6.368      6.420    14.5467  40.741400    33.4075    217.941     1.5088      8.203    93.4461 6.9793e-01 -0.7634735    24.8419  0.000e+00
      6.392      6.445    14.5449  40.739384    33.4072    218.333     1.3256      8.203    93.1621 6.9375e-01 -0.7634735    24.8421  0.000e+00
      6.405      6.457    14.5481  40.743545    33.4082    216.534     1.3036      8.203    93.4720 6.7928e-01 -0.7634735    24.8422  0.000e+00
      6.399      6.452    14.5494  40.744716    33.4082    216.868     1.2817      8.203    93.3687 6.9584e-01 -0.7634735    24.8419  0.000e+00
      6.389      6.442    14.5488  40.744586    33.4085    217.103     1.4282      8.203    93.3429 7.0850e-01 -0.7634735    24.8423  0.000e+00
      6.341      6.393    14.5479  40.743350    33.4083    216.576     1.5454      8.203    93.3687 7.1491e-01 -0.7303538    24.8423  0.000e+00
      6.316      6.368    14.5487  40.743675    33.4079    216.764     1.8897      8.203    93.3170 7.2790e-01 -0.7634735    24.8418  0.000e+00
      6.362      6.415    14.5480  40.743285    33.4081    217.298     1.5014      8.203    93.5494 7.0637e-01 -0.7634735    24.8421  0.000e+00
      6.454      6.507    14.5463  40.742245    33.4086    217.308     1.3549      8.203    93.3945 7.0003e-01 -0.7303538    24.8428  0.000e+00
      6.491      6.544    14.5453  40.741595    33.4088    218.140     1.2963      8.203    93.2396 6.8751e-01 -0.6309949    24.8432  0.000e+00
      6.419      6.472    14.5454  40.741920    33.4090    216.439     1.3989      8.203    93.3429 7.0003e-01 -0.7303538    24.8434  0.000e+00
      6.344      6.396    14.5457  40.741985    33.4089    216.881     1.5454      8.203    93.4203 7.1706e-01 -0.5978752    24.8433  0.000e+00
      6.339      6.391    14.5457  40.741985    33.4089    217.838     1.7212      8.203    93.2654 7.1922e-01 -0.7634735    24.8433  0.000e+00
      6.377      6.429    14.5456  40.741920    33.4089    216.926     1.6260      8.203    93.3170 7.1491e-01 -0.7303538    24.8433  0.000e+00
      6.372      6.425    14.5459  40.742505    33.4092    216.584     1.3036      8.203    93.1879 7.1491e-01 -0.7634735    24.8434  0.000e+00
      6.331      6.383    14.5474  40.743935    33.4092    217.107     1.3915      8.203    93.3429 7.3008e-01 -0.7303538    24.8431  0.000e+00
      6.346      6.398    14.5491  40.745821    33.4095    217.631     1.6699      8.203    93.3945 7.2138e-01 -0.7303538    24.8429  0.000e+00
      6.415      6.467    14.5510  40.747902    33.4097    218.112     1.4062      8.203    93.2654 7.1277e-01 -0.7634735    24.8427  0.000e+00
      6.451      6.504    14.5480  40.744131    33.4089    218.276     1.2230      8.203    93.2654 6.9793e-01 -0.7634735    24.8427  0.000e+00
      6.436      6.489    14.5465  40.743091    33.4092    216.880     1.3915      8.203    93.3429 7.1922e-01 -0.7634735    24.8433  0.000e+00
      6.409      6.462    14.5464  40.742765    33.4089    217.368     1.5674      8.203    93.4461 7.1277e-01 -0.7303538    24.8431  0.000e+00
      6.368      6.420    14.5465  40.742830    33.4089    217.261     1.7139      8.203    93.4978 7.4779e-01 -0.7634735    24.8431  0.000e+00
      6.313      6.365    14.5465  40.742960    33.4091    217.216     1.7872      8.203    93.2654 7.3447e-01 -0.7303538    24.8432  0.000e+00
      6.288      6.339    14.5464  40.742700    33.4089    217.938     1.7872      8.203    93.3945 7.5454e-01 -0.7634735    24.8431  0.000e+00
      6.348      6.401    14.5462  40.742570    33.4090    216.051     1.5527      8.203    93.1621 7.4779e-01 -0.7634735    24.8432  0.000e+00
      6.417      6.470    14.5483  40.744586    33.4090    216.532     1.3183      8.203    93.1621 7.2790e-01 -0.7634735    24.8428  0.000e+00
      6.455      6.509    14.5480  40.744391    33.4090    218.510     1.3549      8.203    93.1363 7.3889e-01 -0.7634735    24.8428  0.000e+00
      6.464      6.517    14.5482  40.744456    33.4089    217.108     1.3989      8.203    93.3429 7.2790e-01 -0.7303538    24.8427  0.000e+00
      6.433      6.486    14.5474  40.743351    33.4086    216.876     1.4208      8.203    93.2654 7.4333e-01 -0.6309949    24.8426  0.000e+00
      6.406      6.459    14.5472  40.743090    33.4086    217.451     1.7359      8.203    93.2654 7.3668e-01 -0.6641145    24.8427  0.000e+00
      6.384      6.436    14.5469  40.742765    33.4085    217.260     1.5454      8.203    93.2912 7.5680e-01 -0.7634735    24.8427  0.000e+00
      6.346      6.398    14.5466  40.742375    33.4085    217.600     1.7066      8.208    93.2396 7.6134e-01 -0.7634735    24.8427  0.000e+00
      6.322      6.374    14.5468  40.742765    33.4086    217.259     1.6480      8.203    93.3429 7.7512e-01 -0.7634735    24.8428  0.000e+00
      6.316      6.368    14.5467  40.742570    33.4086    217.407     1.5234      8.203    92.6198 7.7512e-01 -0.7634735    24.8427  0.000e+00
      6.329      6.381    14.5469  40.742830    33.4087    217.598     1.5234      8.203    93.2654 7.7280e-01 -0.7634735    24.8428  0.000e+00
      6.385      6.437    14.5465  40.742635    33.4087    217.410     1.4208      8.203    93.3945 7.4779e-01 -0.7634735    24.8429  0.000e+00
      6.455      6.508    14.5451  40.741205    33.4086    216.399     1.3036      8.203    93.4461 7.3008e-01 -0.7303538    24.8431  0.000e+00
      6.498      6.551    14.5451  40.741140    33.4086    217.080     1.3110      8.203    93.4720 7.3889e-01 -0.7634735    24.8431  0.000e+00
      6.485      6.538    14.5455  40.741465    33.4086    218.331     1.3915      8.203    93.2912 7.3008e-01 -0.7634735    24.8430  0.000e+00
      6.405      6.457    14.5469  40.742635    33.4085    216.582     1.4502      8.203    93.4461 7.6362e-01 -0.7634735    24.8426  0.000e+00
      6.312      6.363    14.5477  40.743545    33.4086    216.532     1.5234      8.203    93.1879 7.7512e-01 -0.6309949    24.8426  0.000e+00
      6.268      6.319    14.5478  40.743805    33.4088    216.956     1.4941      8.203    93.2654 7.8677e-01 -0.7303538    24.8427  0.000e+00
      6.280      6.332    14.5479  40.743675    33.4086    217.784     1.4208      8.203    93.3429 7.7512e-01 -0.7634735    24.8425  0.000e+00
      6.335      6.388    14.5476  40.743675    33.4088    218.317     1.3842      8.203    93.4978 7.7050e-01 -0.5647556    24.8427  0.000e+00
      6.378      6.430    14.5480  40.743805    33.4086    217.064     1.2743      8.203    93.4203 7.6820e-01 -0.5978752    24.8425  0.000e+00
      6.403      6.456    14.5480  40.743806    33.4085    216.873     1.3110      8.203    93.3429 7.5003e-01 -0.7634735    24.8424  0.000e+00
      6.465      6.518    14.5479  40.743546    33.4084    217.258     1.2890      8.203    93.1621 7.5228e-01 -0.7634735    24.8424  0.000e+00
      6.521      6.575    14.5479  40.743676    33.4085    216.920     1.2524      8.203    93.2396 7.3228e-01 -0.7634735    24.8424  0.000e+00
      6.448      6.501    14.5479  40.743546    33.4084    217.258     1.2670      8.208    93.5753 7.6820e-01 -0.7634735    24.8424  0.000e+00
      6.335      6.387    14.5480  40.743805    33.4085    216.766     1.4062      8.203    93.3945 7.7743e-01 -0.7634735    24.8425  0.000e+00
      6.306      6.357    14.5479  40.743675    33.4086    216.914     1.5820      8.203    93.3170 7.9860e-01 -0.7634735    24.8425  0.000e+00
      6.330      6.382    14.5475  40.743350    33.4086    217.299     1.5527      8.203    93.2137 7.7512e-01 -0.7634735    24.8426  0.000e+00
      6.329      6.381    14.5462  40.741985    33.4085    217.793     1.4355      8.203    93.1363 7.8209e-01 -0.7634735    24.8428  0.000e+00
      6.334      6.386    14.5461  40.741920    33.4085    217.114     1.3549      8.203    93.3429 7.8913e-01 -0.7634735    24.8429  0.000e+00
      6.391      6.444    14.5453  40.741270    33.4085    216.736     1.3915      8.203    93.2137 7.8913e-01 -0.7634735    24.8430  0.000e+00
      6.432      6.485    14.5449  40.740945    33.4086    217.801     1.1937      8.203    93.2396 7.8209e-01 -0.7634735    24.8432  0.000e+00
      6.408      6.461    14.5460  40.741920    33.4085    217.796     1.2890      8.203    93.4720 7.8443e-01 -0.7634735    24.8429  0.000e+00
      6.394      6.447    14.5470  40.742960    33.4087    217.408     1.3989      8.203    93.3687 7.8913e-01 -0.7303538    24.8428  0.000e+00
      6.435      6.488    14.5475  40.743351    33.4085    217.407     1.4648      8.203    93.3945 7.7743e-01 -0.5978752    24.8426  0.000e+00
      6.459      6.512    14.5475  40.743221    33.4084    216.729     1.3476      8.203    93.4203 7.7050e-01 -0.7634735    24.8425  0.000e+00
      6.408      6.461    14.5466  40.741985    33.4081    217.411     1.2963      8.203    93.3945 7.7280e-01 -0.7634735    24.8424  0.000e+00
      6.338      6.390    14.5459  40.740879    33.4077    218.475     1.3769      8.203    93.3429 8.2031e-01 -0.7634735    24.8422  0.000e+00
      6.286      6.337    14.5463  40.740944    33.4075    216.391     1.4502      8.203    93.2137 8.1787e-01 -0.7634735    24.8420  0.000e+00
      6.264      6.316    14.5459  40.741204    33.4081    217.367     1.5088      8.203    92.7748 8.5012e-01 -0.7303538    24.8425  0.000e+00
      6.290      6.341    14.5459  40.741074    33.4079    216.966     1.4868      8.203    93.2137 8.0338e-01 -0.5978752    24.8424  0.000e+00
      6.374      6.427    14.5464  40.740684    33.4070    217.221     1.3842      8.203    93.5753 8.1301e-01 -0.7634735    24.8416  0.000e+00
      6.498      6.552    14.5443  40.738149    33.4065    218.000     1.2011      8.203    93.2654 7.6134e-01 -0.7634735    24.8417  0.000e+00
      6.556      6.610    14.5409  40.734703    33.4063    216.763     1.2157      8.203    93.3687 7.7280e-01 -0.7303538    24.8422  0.000e+00
      6.522      6.576    14.5428  40.737109    33.4069    216.753     1.3915      8.203    93.3687 7.7976e-01 -0.7303538    24.8423  0.000e+00
      6.419      6.472    14.5448  40.738994    33.4069    217.124     1.5893      8.203    93.4978 8.1301e-01 -0.7634735    24.8419  0.000e+00
      6.314      6.365    14.5450  40.739449    33.4072    216.441     1.6260      8.203    93.3687 8.3757e-01 -0.6641145    24.8420  0.000e+00
      6.252      6.303    14.5473  40.741984    33.4075    217.447     1.5893      8.203    93.3429 8.4508e-01 -0.5978752    24.8418  0.000e+00
      6.235      6.286    14.5474  40.741984    33.4074    217.490     1.5381      8.203    93.4203 8.5012e-01 -0.7634735    24.8417  0.000e+00
      6.250      6.302    14.5466  40.741139    33.4073    216.580     1.4648      8.203    93.5494 8.5265e-01 -0.7634735    24.8418  0.000e+00
      6.339      6.391    14.5445  40.739319    33.4075    216.783     1.3549      8.203    93.4203 8.4508e-01 -0.7303538    24.8424  0.000e+00
      6.490      6.543    14.5434  40.738084    33.4072    217.663     1.2743      8.203    93.3687 7.8913e-01 -0.7634735    24.8424  0.000e+00
      6.584      6.638    14.5471  40.742051    33.4076    216.969     1.2304      8.203    93.3945 8.0098e-01 -0.7634735    24.8420  0.000e+00
      6.547      6.601    14.5452  40.740230    33.4076    216.934     1.3915      8.203    93.3429 7.8443e-01 -0.7634735    24.8423  0.000e+00
      6.401      6.453    14.5440  40.738734    33.4074    217.318     1.2524      8.203    93.3945 8.4759e-01 -0.7634735    24.8424  0.000e+00
      6.325      6.377    14.5447  40.739449    33.4074    217.801     1.2890      8.203    93.3429 8.5773e-01 -0.7303538    24.8423  0.000e+00
      6.318      6.370    14.5457  40.740619    33.4076    217.796     1.6113      8.203    93.4203 8.4759e-01 -0.7634735    24.8422  0.000e+00
      6.306      6.358    14.5472  40.742180    33.4078    216.727     1.6992      8.203    93.5236 8.5518e-01 -0.7634735    24.8421  0.000e+00
      6.309      6.361    14.5485  40.743805    33.4081    217.739     1.4575      8.203    93.5494 8.2275e-01 -0.5978752    24.8421  0.000e+00
      6.201      6.252    14.5472  40.742049    33.4078    216.427     1.3403      8.203    93.4461 8.8095e-01 -0.7303538    24.8420  0.000e+00
      6.016      6.065    14.5455  40.740228    33.4076    216.535     1.3036      8.203    93.2912 8.8095e-01 -0.7634735    24.8423  0.000e+00
      5.788      5.835    14.5464  40.741137    33.4077    217.481     1.4135      8.203    93.3687 9.5707e-01 -0.7634735    24.8422  0.000e+00
      5.438      5.483    14.5458  40.740421    33.4077    216.752     1.5381      8.203    93.2396 1.0033e+00 -0.7303538    24.8423  0.000e+00
      5.012      5.054    14.5471  40.741654    33.4079    218.093     1.3329      8.203    93.3687 1.0895e+00 -0.7303538    24.8422  0.000e+00
      4.659      4.697    14.5483  40.742823    33.4081    217.250     1.4135      8.203    93.3429 1.2178e+00 -0.7303538    24.8420  0.000e+00
      4.366      4.401    14.5481  40.742497    33.4080    217.496     1.4208      8.203    93.2137 1.2649e+00 -0.5978752    24.8420  0.000e+00
      3.963      3.995    14.5480  40.742235    33.4081    218.059     1.4575      8.203    93.3170 1.3845e+00 -0.7303538    24.8420  0.000e+00
      3.535      3.565    14.5482  40.742429    33.4082    217.473     1.4428      8.203    93.3170 1.6055e+00 -0.7303538    24.8421  0.000e+00
      3.089      3.114    14.5483  40.742427    33.4084    218.139     1.4208      8.203    93.2912 1.7011e+00 -0.5978752    24.8422  0.000e+00
      2.817      2.840    14.5485  40.742491    33.4084    217.113     1.4941      8.203    93.2396 1.9483e+00 -0.7303538    24.8421  0.000e+00
      2.576      2.597    14.5485  40.742230    33.4082    217.403     1.3329      8.203    93.3170 2.1301e+00 -0.6972342    24.8420  0.000e+00
      2.435      2.455    14.5480  40.741644    33.4081    217.296     1.3183      8.203    93.2137 2.1058e+00 -0.5978752    24.8420  0.000e+00
      2.465      2.485    14.5476  40.741254    33.4082    215.898     1.2743      8.203    93.2396 2.1363e+00 -0.7303538    24.8421  0.000e+00
      2.481      2.502    14.5472  40.740799    33.4081    218.319     1.1644      8.203    93.3170 2.1922e+00 -0.7303538    24.8422  0.000e+00
      2.518      2.539    14.5471  40.740734    33.4081    217.875     1.1864      8.203    93.2396 2.1548e+00 -0.7303538    24.8422  0.000e+00
      2.541      2.561    14.5472  40.741059    33.4083    216.389     1.2743      8.203    93.3429 2.0460e+00 -0.7303538    24.8423  0.000e+00
