Arg_L2_SF08_NV.cnv
* Sea-Bird SBE 9 Data File:
* FileName = S:\CTD_Data\CTD\Data\Argentina 2014\Data\Arg_L2_SF08.hex
* Software Version Seasave V 7.21g
* Temperature SN = 5769
* Conductivity SN = 4244
* Number of Bytes Per Scan = 31
* Number of Voltage Words = 4
* Number of Scans Averaged by the Deck Unit = 24
* NMEA Latitude = 45 56.92 S
* NMEA Longitude = 065 34.93 W
* NMEA UTC (Time) = Feb 07 2014 15:04:38
* NMEA baud rate = 9600
** R/V Coriolis II
** MARES project, ARGENTINA 2014
** Chief scientist : Dr. Gustavo Ferreyra
** Co-Chief scientist : Dr. José Luis Esteves
# nquan = 13
# nvalues = 469                                   
# units = specified
# name 0 = depSM: Depth [salt water, m]
# name 1 = prDM: Pressure, Digiquartz [db]
# name 2 = t090C: Temperature [ITS-90, deg C]
# name 3 = c0mS/cm: Conductivity [mS/cm]
# name 4 = sal00: Salinity, Practical [PSU]
# name 5 = sbeox0Mm/Kg: Oxygen, SBE 43 [umol/Kg]
# name 6 = flECO-AFL: Fluorescence, WET Labs ECO-AFL/FL [mg/m^3]
# name 7 = ph: pH
# name 8 = CStarTr0: Beam Transmission, WET Labs C-Star [%]
# name 9 = par: PAR/Irradiance, Biospherical/Licor
# name 10 = upoly0: Upoly 0, Nitrate
# name 11 = sigma-é00: Density [sigma-theta, Kg/m^3]
# name 12 = flag:  0.000e+00
# span 0 =     -0.316,     87.397                 
# span 1 =     -0.319,     88.139                 
# span 2 =     9.3872,    13.8481                 
# span 3 =   6.187211,  39.891406                 
# span 4 =     4.3799,    33.2961                 
# span 5 =    135.575,    267.072                 
# span 6 =    -0.1323,    29.3842                 
# span 7 =      7.800,      8.217                 
# span 8 =     9.4997,    97.5002                 
# span 9 = 1.0000e-12, 2.0023e+03                 
# span 10 = -0.7634735,  3.0121675                
# span 11 =     2.6558,    25.7231                
# span 12 = 0.0000e+00, 0.0000e+00                
# interval = seconds: 1
# start_time = Feb 07 2014 15:04:38 [NMEA time, header]
# bad_flag = -9.990e-29
*END*
[from data line 445]
      2.069      2.086    13.8254  39.891406    33.2486    219.748     0.4978      8.216    94.5048 5.9224e+01 -0.5978752    24.8700  0.000e+00
      1.915      1.931    13.8241  39.890245    33.2487    220.653     0.5124      8.211    94.4532 6.7788e+01 -0.5647556    24.8703  0.000e+00
      0.749      0.755    13.8211  39.886823    33.2486    220.484     0.5051      8.216    94.3499 7.5649e+01 -0.5978752    24.8708  0.000e+00
     -0.268     -0.270    13.8098  20.104731    15.6384    267.072     0.5051      8.211    82.2912 7.4802e+01 -0.5647556    11.3115  0.000e+00
      0.097      0.098    13.8195  33.728059    27.5969    221.805     0.4611      8.216    23.5725 6.1129e+02 -0.5978752    20.5097  0.000e+00
     -0.103     -0.104    13.8228  39.858585    33.2213    197.715     0.3293      8.216     9.4997 9.2677e+02 -0.5647556    24.8493  0.000e+00
     -0.302     -0.304    13.8388  39.876631    33.2243    201.758     9.7432      8.211    27.6524 1.9414e+03 -0.4985162    24.8484  0.000e+00
     -0.300     -0.303    13.8481  39.876952    33.2165    195.516    29.3549      8.211    80.1479 1.9359e+03 -0.4985162    24.8404  0.000e+00
     -0.309     -0.311    13.8283  39.877083    33.2338    192.701    25.0619      8.211    88.5400 1.8404e+03 -0.4985162    24.8578  0.000e+00
     -0.303     -0.306    13.8250  39.877600    33.2371    192.706     1.4502      8.202    85.1315 1.7994e+03 -0.4985162    24.8611  0.000e+00
     -0.303     -0.306    13.8231  39.875601    33.2369    192.060    29.3842      8.178    83.0916 1.8822e+03 -0.4985162    24.8613  0.000e+00
     -0.306     -0.309    13.8291  33.269551    27.1753    196.703     0.9447      8.160    86.9907 1.9688e+03 -0.4985162    20.1828  0.000e+00
     -0.312     -0.314    13.8220   6.591487     4.6872    225.132    25.6919      8.146    92.4907 2.0023e+03 -0.4985162     2.8928  0.000e+00
     -0.300     -0.303    13.8363   7.740707     5.5664    220.655    29.3622      8.136    92.9555 1.9196e+03 -0.5316359     3.5676  0.000e+00
     -0.316     -0.319    13.8278   8.016158     5.7806    218.844    29.3622      8.132    92.3875 1.7693e+03 -0.5647556     3.7337  0.000e+00
     -0.314     -0.317    13.8247   6.187211     4.3799    219.833    11.5820      8.090    92.4649 1.4249e+03 -0.4985162     2.6558  0.000e+00
     -0.307     -0.310    13.7251  16.452929    12.6000    208.690    -0.1176      8.016    91.4062 4.0662e+02 -0.4985162     8.9914  0.000e+00
     -0.302     -0.304    13.3902  20.048710    15.7620    218.310    -0.1176      7.915    90.1668 9.6354e+01 -0.4985162    11.4772  0.000e+00
     -0.312     -0.314    13.2224  20.211816    15.9718    234.328    -0.1249      7.869    89.1597 9.4475e+01 -0.4985162    11.6665  0.000e+00
     -0.310     -0.313    13.1047  19.625829    15.5151    238.673    -0.1176      7.855    89.3405 9.6897e+01 -0.4985162    11.3342  0.000e+00
     -0.309     -0.311    13.0088  19.137431    15.1327    232.108    -0.1030      7.846    89.2630 9.5276e+01 -0.4985162    11.0554  0.000e+00
     -0.303     -0.306    13.0047  31.331075    25.9847    207.012    -0.0297      7.832    89.3405 9.6083e+01 -0.4985162    19.4200  0.000e+00
     -0.299     -0.301    13.5161  30.301544    24.7103    200.007    -0.1176      7.821    89.5212 9.6625e+01 -0.4985162    18.3428  0.000e+00
     -0.305     -0.307    13.7725  14.110666    10.6530    222.383    -0.1323      7.811    89.5987 9.6897e+01 -0.4985162     7.4878  0.000e+00
