Arg_L2_SF12_NV.cnv
* Sea-Bird SBE 9 Data File:
* FileName = S:\CTD_Data\CTD\Data\Argentina 2014\Data\Arg_L2_SF12.hex
* Software Version Seasave V 7.21g
* Temperature SN = 5769
* Conductivity SN = 4244
* Number of Bytes Per Scan = 31
* Number of Voltage Words = 4
* Number of Scans Averaged by the Deck Unit = 24
* NMEA Latitude = 45 56.74 S
* NMEA Longitude = 065 33.65 W
* NMEA UTC (Time) = Feb 08 2014 00:05:33
* NMEA baud rate = 9600
** R/V Coriolis II
** MARES project, ARGENTINA 2014
** Chief scientist : Dr. Gustavo Ferreyra
** Co-Chief scientist : Dr. José Luis Esteves
# nquan = 13
# nvalues = 476                                   
# units = specified
# name 0 = depSM: Depth [salt water, m]
# name 1 = prDM: Pressure, Digiquartz [db]
# name 2 = t090C: Temperature [ITS-90, deg C]
# name 3 = c0mS/cm: Conductivity [mS/cm]
# name 4 = sal00: Salinity, Practical [PSU]
# name 5 = sbeox0Mm/Kg: Oxygen, SBE 43 [umol/Kg]
# name 6 = flECO-AFL: Fluorescence, WET Labs ECO-AFL/FL [mg/m^3]
# name 7 = ph: pH
# name 8 = CStarTr0: Beam Transmission, WET Labs C-Star [%]
# name 9 = par: PAR/Irradiance, Biospherical/Licor
# name 10 = upoly0: Upoly 0, Nitrate
# name 11 = sigma-é00: Density [sigma-theta, Kg/m^3]
# name 12 = flag:  0.000e+00
# span 0 =     -0.299,     86.695                 
# span 1 =     -0.301,     87.431                 
# span 2 =     9.4301,    13.8802                 
# span 3 =   2.566884,  39.929216                 
# span 4 =     1.7301,    33.2893                 
# span 5 =    137.557,    281.947                 
# span 6 =    -0.1249,     1.1937                 
# span 7 =      7.824,      8.211                 
# span 8 =    52.4929,    97.2936                 
# span 9 = 1.0000e-12, 7.5454e-01                 
# span 10 = -0.7303538,  3.3433641                
# span 11 =     0.6469,    25.7117                
# span 12 = 0.0000e+00, 0.0000e+00                
# interval = seconds: 1
# start_time = Feb 08 2014 00:05:33 [NMEA time, header]
# bad_flag = -9.990e-29
*END*
      1.330      1.341    13.8714  39.917707    33.2336    220.537     1.0033      8.192    94.2724 3.4803e-01 -0.6309949    24.8489  0.000e+00
      1.505      1.517    13.8711  39.917256    33.2333    222.297     1.0252      8.192    94.3241 3.0586e-01 -0.6309949    24.8487  0.000e+00
      1.637      1.651    13.8705  39.916999    33.2335    220.900     1.0472      8.192    94.3499 3.2216e-01 -0.6309949    24.8490  0.000e+00
      1.532      1.544    13.8717  39.918030    33.2335    219.892     1.0765      8.192    94.3241 3.2953e-01 -0.5316359    24.8487  0.000e+00
      1.539      1.552    13.8720  39.918223    33.2334    219.990     1.0985      8.192    94.1433 3.3596e-01 -0.5978752    24.8486  0.000e+00
      1.556      1.569    13.8722  39.918417    33.2334    220.691     1.1351      8.192    94.2466 3.4140e-01 -0.5647556    24.8486  0.000e+00
      1.780      1.794    13.8728  39.919321    33.2336    221.094     1.0692      8.192    94.4015 3.1699e-01 -0.4985162    24.8486  0.000e+00
      2.362      2.381    13.8743  39.920870    33.2335    220.703     1.0179      8.192    94.2208 2.6995e-01 -0.4653966    24.8483  0.000e+00
      2.879      2.902    13.8743  39.921388    33.2338    220.367     1.0912      8.197    94.3241 2.1977e-01 -0.5647556    24.8484  0.000e+00
      3.570      3.600    13.8701  39.917522    33.2336    220.405     1.0839      8.197    94.4532 1.8856e-01 -0.5978752    24.8492  0.000e+00
      4.305      4.340    13.8680  39.915848    33.2335    219.934     0.9813      8.197    94.5048 1.5289e-01 -0.4985162    24.8496  0.000e+00
      4.884      4.924    13.8681  39.916431    33.2337    220.651     1.0472      8.197    94.4015 1.2502e-01 -0.5978752    24.8498  0.000e+00
      5.347      5.392    13.8679  39.916046    33.2334    221.417     1.1571      8.197    94.3499 1.2404e-01 -0.5978752    24.8496  0.000e+00
      5.967      6.017    13.8693  39.917531    33.2333    221.378     1.0839      8.197    94.3241 1.1507e-01 -0.5978752    24.8492  0.000e+00
      6.593      6.648    13.8770  39.925401    33.2337    220.809     1.0252      8.197    94.4015 9.2826e-02 -0.5647556    24.8480  0.000e+00
      7.206      7.266    13.8789  39.927596    33.2338    220.968     0.9593      8.197    94.4532 8.2497e-02 -0.6641145    24.8477  0.000e+00
      7.802      7.867    13.8802  39.929017    33.2338    221.530     0.9886      8.201    94.4274 8.5477e-02 -0.5647556    24.8474  0.000e+00
      8.449      8.520    13.8774  39.926698    33.2338    221.009     0.9593      8.197    94.2983 7.8152e-02 -0.6309949    24.8480  0.000e+00
      9.168      9.244    13.8800  39.929216    33.2336    220.467     0.9593      8.201    94.1950 7.1904e-02 -0.6309949    24.8473  0.000e+00
      9.856      9.938    13.8724  39.921867    33.2331    220.019     0.9593      8.201    94.2208 6.5642e-02 -0.6641145    24.8486  0.000e+00
     10.406     10.493    13.8625  39.912583    33.2328    220.983     0.9447      8.201    94.1433 6.1856e-02 -0.6641145    24.8503  0.000e+00
     10.989     11.080    13.8634  39.913488    33.2326    221.397     0.9300      8.201    94.4790 5.9706e-02 -0.6641145    24.8501  0.000e+00
     11.630     11.727    13.8629  39.913555    33.2329    219.960     0.9373      8.201    94.4274 5.4368e-02 -0.6641145    24.8504  0.000e+00
     12.193     12.294    13.8642  39.914654    33.2325    221.025     0.9373      8.201    94.4532 5.0677e-02 -0.5647556    24.8499  0.000e+00
     12.863     12.969    13.8551  39.905565    33.2317    222.042     0.9300      8.201    94.4015 4.6316e-02 -0.5647556    24.8511  0.000e+00
     13.685     13.798    13.8325  39.884680    33.2315    221.213     0.9227      8.202    94.2983 4.2657e-02 -0.4985162    24.8557  0.000e+00
     14.325     14.444    13.8072  39.859802    33.2301    221.146     0.9300      8.202    94.4790 3.9387e-02 -0.4985162    24.8597  0.000e+00
     14.735     14.858    13.7659  39.819404    33.2281    221.904     0.9447      8.202    94.3757 4.1638e-02 -0.4653966    24.8667  0.000e+00
     15.284     15.411    13.7225  39.776060    33.2252    222.123     0.9447      8.202    94.4274 3.8160e-02 -0.4653966    24.8734  0.000e+00
     15.930     16.063    13.6250  39.683317    33.2231    222.388     0.9007      8.202    94.0917 3.3193e-02 -0.4653966    24.8917  0.000e+00
     16.507     16.644    13.5516  39.614573    33.2224    220.242     0.8421      8.203    94.2724 3.3423e-02 -0.4653966    24.9060  0.000e+00
     17.167     17.310    13.5267  39.594778    33.2254    220.010     0.7835      8.203    94.5048 2.9382e-02 -0.4653966    24.9134  0.000e+00
     17.878     18.027    13.5246  39.594395    33.2265    221.121     0.7688      8.203    94.6339 2.6799e-02 -0.4653966    24.9147  0.000e+00
     18.501     18.655    13.5269  39.597676    33.2273    220.259     0.8055      8.203    94.8147 2.3085e-02 -0.4985162    24.9149  0.000e+00
     19.097     19.256    13.5267  39.597806    33.2274    220.482     0.8567      8.203    94.8405 2.1297e-02 -0.4653966    24.9150  0.000e+00
     19.675     19.838    13.5206  39.591767    33.2268    221.145     0.8861      8.203    94.8922 1.9937e-02 -0.4985162    24.9158  0.000e+00
     20.255     20.423    13.5169  39.588298    33.2265    221.179     0.8934      8.203    94.8405 1.8040e-02 -0.4653966    24.9164  0.000e+00
     20.924     21.098    13.5162  39.588108    33.2267    221.917     0.8861      8.208    94.7889 1.5653e-02 -0.4653966    24.9166  0.000e+00
     21.634     21.814    13.5180  39.590939    33.2275    221.211     0.8714      8.208    94.7889 1.3352e-02 -0.4653966    24.9169  0.000e+00
     22.358     22.544    13.5181  39.591520    33.2277    221.893     0.9007      8.208    94.7372 1.1133e-02 -0.4653966    24.9171  0.000e+00
     23.055     23.247    13.5139  39.587538    33.2273    220.553     0.9007      8.208    94.8405 7.8738e-03 -0.4653966    24.9177  0.000e+00
     23.659     23.856    13.5104  39.584327    33.2271    219.249     0.8934      8.208    94.8663 6.1579e-03 -0.4653966    24.9182  0.000e+00
     24.292     24.494    13.5070  39.581052    33.2268    220.316     0.8934      8.208    94.9696 7.5579e-03 -0.4653966    24.9187  0.000e+00
     25.007     25.216    13.5043  39.579191    33.2270    220.761     0.8714      8.203    94.9696 5.0932e-03 -0.4653966    24.9194  0.000e+00
     25.578     25.791    13.5042  39.579129    33.2269    221.495     0.8641      8.208    95.0471 1.7390e-03 -0.5316359    24.9194  0.000e+00
     26.062     26.279    13.5047  39.580031    33.2271    220.071     0.8787      8.208    94.9954 1.5980e-03 -0.5647556    24.9194  0.000e+00
     26.769     26.993    13.4947  39.570458    33.2265    220.441     0.8494      8.208    94.8405 6.2223e-04 -0.4985162    24.9211  0.000e+00
     27.635     27.866    13.4547  39.531593    33.2246    221.120     0.7615      8.203    95.1504 3.4694e-04 -0.5316359    24.9276  0.000e+00
     28.245     28.481    13.4196  39.498136    33.2235    220.523     0.6736      8.203    95.4344 1.0000e-12 -0.5316359    24.9339  0.000e+00
     28.639     28.878    13.3900  39.469119    33.2220    218.714     0.6003      8.203    95.8217 1.4574e-03 -0.4653966    24.9387  0.000e+00
     29.289     29.533    13.3396  39.419449    33.2190    218.809     0.6003      8.199    96.1832 1.8804e-03 -0.5316359    24.9465  0.000e+00
     30.151     30.402    13.2444  39.326530    33.2144    219.440     0.4685      8.199    96.2607 4.8439e-04 -0.5647556    24.9621  0.000e+00
     30.898     31.156    13.1506  39.236901    33.2116    217.910     0.3879      8.195    96.3382 1.0000e-12 -0.4985162    24.9786  0.000e+00
     31.505     31.768    13.0487  39.137629    33.2068    217.560     0.3513      8.191    96.6997 1.0000e-12 -0.5316359    24.9952  0.000e+00
     32.149     32.418    12.9306  39.023952    33.2024    217.187     0.3000      8.187    96.7255 1.0000e-12 -0.5978752    25.0151  0.000e+00
     32.781     33.055    12.8005  38.898920    33.1977    216.430     0.2560      8.183    96.9321 1.0000e-12 -0.4985162    25.0370  0.000e+00
     33.309     33.588    12.6212  38.724858    33.1894    215.947     0.2267      8.174    97.0612 1.0000e-12 -0.5647556    25.0654  0.000e+00
     33.852     34.135    12.4124  38.527649    33.1847    215.203     0.1901      8.166    97.1128 1.0000e-12 -0.5978752    25.1021  0.000e+00
     34.454     34.742    12.1872  38.306612    33.1712    214.373     0.1461      8.157    97.1645 1.0000e-12 -0.4985162    25.1345  0.000e+00
     35.038     35.331    11.8279  37.972883    33.1673    212.768     0.0875      8.145    97.2678 1.0000e-12 -0.5316359    25.1989  0.000e+00
     35.648     35.946    11.6820  37.838231    33.1660    210.422     0.0655      8.131    97.2936 1.0000e-12 -0.5978752    25.2249  0.000e+00
     36.416     36.720    11.5311  37.695387    33.1610    208.630     0.0436      8.118    97.2419 1.0000e-12 -0.4653966    25.2488  0.000e+00
     37.166     37.477    11.3595  37.544015    33.1661    206.894     0.0509      8.104    97.1128 1.0000e-12 -0.5316359    25.2840  0.000e+00
     37.727     38.043    11.3371  37.522250    33.1645    203.570     0.0509      8.095    96.4415 1.0000e-12 -0.5647556    25.2868  0.000e+00
     38.174     38.493    11.3155  37.500930    33.1628    200.635     0.0875      8.090    95.3828 1.0000e-12 -0.5978752    25.2894  0.000e+00
     38.727     39.051    11.2881  37.474396    33.1611    199.247     0.0802      8.090    94.3757 1.0000e-12 -0.5647556    25.2930  0.000e+00
     39.444     39.774    11.2290  37.417580    33.1579    198.957     0.0582      8.086    93.7302 1.0000e-12 -0.5316359    25.3012  0.000e+00
     39.992     40.327    10.9816  37.187203    33.1528    199.769     0.0362      8.082    93.2912 1.0000e-12 -0.4653966    25.3414  0.000e+00
     40.344     40.682    10.8454  37.066563    33.1560    198.563     0.0216      8.069    93.2912 1.0000e-12 -0.4653966    25.3679  0.000e+00
     41.009     41.352    10.7664  36.993104    33.1540    196.218     0.0069      8.060    93.1879 1.0000e-12 -0.4653966    25.3803  0.000e+00
     41.895     42.246    10.7258  36.953835    33.1513    193.802    -0.0077      8.050    92.8781 1.0000e-12 -0.4985162    25.3853  0.000e+00
     42.512     42.868    10.6833  36.913393    33.1491    192.458    -0.0004      8.046    92.1809 1.0000e-12 -0.2666786    25.3910  0.000e+00
     43.078     43.439    10.6533  36.884589    33.1474    192.558     0.0069      8.041    91.6644 1.0000e-12 -0.4322769    25.3949  0.000e+00
     43.776     44.143    10.6124  36.844553    33.1441    193.451     0.0143      8.041    91.3029 1.0000e-12 -0.6641145    25.3995  0.000e+00
     44.297     44.668    10.5079  36.749744    33.1439    193.847     0.0289      8.037    90.6574 1.0000e-12 -0.4653966    25.4174  0.000e+00
     44.682     45.056    10.4918  36.735335    33.1439    192.273     0.0069      8.028    90.0377 1.0000e-12  0.1638769    25.4202  0.000e+00
     45.271     45.651    10.4726  36.716689    33.1424    191.136    -0.0004      8.023    89.2372 1.0000e-12  0.3294752    25.4223  0.000e+00
     45.997     46.383    10.4548  36.700229    33.1417    191.343    -0.0004      8.023    88.5400 1.0000e-12  0.3294752    25.4249  0.000e+00
     46.635     47.026    10.4335  36.680592    33.1412    190.889    -0.0077      8.018    88.0752 1.0000e-12  0.0645179    25.4281  0.000e+00
     47.297     47.694    10.4106  36.660150    33.1412    190.767    -0.0077      8.019    87.6104 1.0000e-12 -0.4322769    25.4321  0.000e+00
     48.043     48.446    10.3824  36.637220    33.1435    190.503    -0.0150      8.014    87.3006 1.0000e-12 -0.4653966    25.4387  0.000e+00
     48.733     49.142    10.3603  36.618470    33.1444    189.699    -0.0224      8.014    86.7841 1.0000e-12 -0.2335590    25.4432  0.000e+00
     49.350     49.765    10.3463  36.606450    33.1448    189.117    -0.0224      8.009    86.1902 1.0000e-12  0.6275521    25.4459  0.000e+00
     49.851     50.270    10.3409  36.601344    33.1443    188.498    -0.0150      8.009    86.1128 1.0000e-12  0.1969966    25.4465  0.000e+00
     50.393     50.816    10.3367  36.597173    33.1438    188.720    -0.0150      8.009    86.1128 1.0000e-12  0.3625949    25.4468  0.000e+00
     51.123     51.553    10.3287  36.589951    33.1435    188.961    -0.0004      8.009    86.1386 1.0000e-12  0.6606718    25.4479  0.000e+00
     51.763     52.198    10.3195  36.581546    33.1431    189.111    -0.0004      8.009    86.2677 1.0000e-12 -0.1673197    25.4492  0.000e+00
     52.211     52.649    10.3083  36.571335    33.1429    189.265    -0.0150      8.009    86.5517 1.0000e-12  1.2899453    25.4510  0.000e+00
     52.819     53.263    10.2811  36.548054    33.1439    189.651    -0.0150      8.010    86.6550 1.0000e-12  1.4224239    25.4564  0.000e+00
     53.656     54.107    10.2431  36.516564    33.1464    189.664    -0.0077      8.005    86.8100 1.0000e-12  1.5217829    25.4648  0.000e+00
     54.326     54.782    10.2212  36.499892    33.1493    189.769    -0.0077      8.005    87.6104 1.0000e-12  1.3230650    25.4708  0.000e+00
     54.827     55.288    10.2109  36.493112    33.1517    189.657     0.0069      8.005    88.4884 1.0000e-12 -0.6972342    25.4744  0.000e+00
     55.471     55.937    10.1888  36.476008    33.1543    188.911     0.0069      8.005    88.9273 1.0000e-12 -0.0017214    25.4802  0.000e+00
     56.084     56.556    10.1643  36.457477    33.1577    187.580    -0.0004      8.001    89.3147 1.0000e-12  0.1969966    25.4870  0.000e+00
     56.533     57.008    10.1525  36.448524    33.1593    186.030    -0.0004      7.996    89.8827 1.0000e-12  0.0645179    25.4903  0.000e+00
     57.013     57.492    10.1432  36.440940    33.1598    184.140    -0.0004      7.991    90.0377 1.0000e-12  0.7931504    25.4923  0.000e+00
     57.649     58.134    10.1257  36.427513    33.1621    182.545    -0.0004      7.991    89.8569 1.0000e-12  0.6937915    25.4970  0.000e+00
     58.309     58.799    10.1066  36.412659    33.1642    181.481    -0.0150      7.987    89.4180 1.0000e-12  1.1905863    25.5019  0.000e+00
     58.954     59.451    10.0912  36.401039    33.1662    180.829    -0.0077      7.982    89.2888 1.0000e-12  1.6873812    25.5061  0.000e+00
     59.705     60.208    10.0767  36.390291    33.1682    179.748    -0.0150      7.977    89.4180 1.0000e-12  0.9587487    25.5101  0.000e+00
     60.511     61.021    10.0736  36.387870    33.1683    178.791    -0.0224      7.977    89.5729 1.0000e-12  0.5944325    25.5107  0.000e+00
     61.076     61.591    10.0713  36.386194    33.1685    177.660    -0.0297      7.977    89.7536 1.0000e-12  0.4288342    25.5112  0.000e+00
     61.508     62.027    10.0669  36.382716    33.1688    177.127    -0.0077      7.973    89.8827 1.0000e-12  0.3625949    25.5122  0.000e+00
     62.031     62.554    10.0614  36.379363    33.1702    176.863    -0.0150      7.973    89.9860 1.0000e-12  0.3625949    25.5143  0.000e+00
     62.572     63.100    10.0595  36.380048    33.1724    176.486    -0.0150      7.973    90.0377 1.0000e-12  0.0313983    25.5163  0.000e+00
     63.152     63.684    10.0978  36.432945    33.1907    176.363    -0.0077      7.968    90.1926 1.0000e-12 -0.0679607    25.5241  0.000e+00
     63.781     64.319    10.1318  36.473680    33.2005    175.576    -0.0077      7.968    90.4250 1.0000e-12  0.1969966    25.5260  0.000e+00
     64.354     64.896    10.1284  36.474927    33.2046    173.820    -0.0004      7.963    90.9414 1.0000e-12  0.8593897    25.5298  0.000e+00
     64.989     65.537    10.1134  36.465787    33.2088    172.371    -0.0150      7.958    91.6386 1.0000e-12  1.0249880    25.5357  0.000e+00
     65.743     66.297    10.1069  36.463862    33.2125    170.563    -0.0224      7.954    91.8968 1.0000e-12 -0.0679607    25.5397  0.000e+00
     66.345     66.905    10.1075  36.468654    33.2165    169.581    -0.0224      7.949    91.7419 1.0000e-12 -0.6309949    25.5427  0.000e+00
