Arg_L2_F9_NV.cnv
* Sea-Bird SBE 9 Data File:
* FileName = S:\CTD_Data\CTD\Data\Argentina 2014\Data\Arg_L2_F9.hex
* Software Version Seasave V 7.21g
* Temperature SN = 5769
* Conductivity SN = 4244
* Number of Bytes Per Scan = 31
* Number of Voltage Words = 4
* Number of Scans Averaged by the Deck Unit = 24
* NMEA Latitude = 46 33.72 S
* NMEA Longitude = 065 50.87 W
* NMEA UTC (Time) = Feb 09 2014 20:02:01
* NMEA baud rate = 9600
** R/V Coriolis II
** MARES project, ARGENTINA 2014
** Chief scientist : Dr. Gustavo Ferreyra
** Co-Chief scientist : Dr. José Luis Esteves
# nquan = 13
# nvalues = 279                                   
# units = specified
# name 0 = depSM: Depth [salt water, m]
# name 1 = prDM: Pressure, Digiquartz [db]
# name 2 = t090C: Temperature [ITS-90, deg C]
# name 3 = c0mS/cm: Conductivity [mS/cm]
# name 4 = sal00: Salinity, Practical [PSU]
# name 5 = sbeox0Mm/Kg: Oxygen, SBE 43 [umol/Kg]
# name 6 = flECO-AFL: Fluorescence, WET Labs ECO-AFL/FL [mg/m^3]
# name 7 = ph: pH
# name 8 = CStarTr0: Beam Transmission, WET Labs C-Star [%]
# name 9 = par: PAR/Irradiance, Biospherical/Licor
# name 10 = upoly0: Upoly 0, Nitrate
# name 11 = sigma-é00: Density [sigma-theta, Kg/m^3]
# name 12 = flag:  0.000e+00
# span 0 =     -0.257,     80.136                 
# span 1 =     -0.259,     80.819                 
# span 2 =    10.8909,    14.6413                 
# span 3 =   9.416321,  40.610312                 
# span 4 =     6.7778,    33.3321                 
# span 5 =    183.069,    267.244                 
# span 6 =    -0.1323,     1.7578                 
# span 7 =      8.036,      8.266                 
# span 8 =    34.5209,    96.8288                 
# span 9 = 1.0000e-12, 1.2485e+03                 
# span 10 = -0.7634735,  0.5613128                
# span 11 =     4.4167,    25.3840                
# span 12 = 0.0000e+00, 0.0000e+00                
# interval = seconds: 1
# start_time = Feb 09 2014 20:02:01 [NMEA time, header]
# bad_flag = -9.990e-29
*END*
[from data line 112]
     67.917     68.495    10.9216  37.176717    33.1845    185.332    -0.0077      8.054    80.6127 5.4079e-02 -0.5647556    25.3773  0.000e+00
     68.615     69.198    10.9199  37.175529    33.1846    185.031    -0.0004      8.054    79.9414 4.7388e-02 -0.6309949    25.3777  0.000e+00
     69.216     69.804    10.9218  37.177161    33.1842    185.376    -0.0077      8.054    79.9156 4.2914e-02 -0.6309949    25.3771  0.000e+00
     69.796     70.389    10.9212  37.176661    33.1840    185.070     0.0143      8.050    79.9930 3.6472e-02 -0.6309949    25.3771  0.000e+00
     70.532     71.131    10.9193  37.175348    33.1841    184.933     0.0069      8.054    79.9672 3.0041e-02 -0.6309949    25.3775  0.000e+00
     71.360     71.967    10.9155  37.172656    33.1845    184.643     0.0069      8.050    79.5540 2.1297e-02 -0.6309949    25.3784  0.000e+00
     71.948     72.560    10.9125  37.170152    33.1845    184.508    -0.0004      8.050    79.2442 1.9553e-02 -0.3329179    25.3790  0.000e+00
     72.398     73.014    10.9221  37.178049    33.1834    184.569     0.0069      8.050    79.4508 1.8040e-02  0.5613128    25.3764  0.000e+00
     72.971     73.592    10.9171  37.174041    33.1837    184.441     0.0069      8.050    79.7348 1.4936e-02 -0.5316359    25.3776  0.000e+00
     73.580     74.207    10.9108  37.169343    33.1845    184.318    -0.0004      8.050    79.4508 1.2660e-02 -0.5978752    25.3793  0.000e+00
     74.161     74.792    10.9066  37.165710    33.1844    184.187    -0.0004      8.050    79.2700 8.5111e-03 -0.5978752    25.3800  0.000e+00
     74.780     75.417    10.8932  37.155499    33.1861    184.091     0.0069      8.045    78.7019 4.7929e-03 -0.5978752    25.3837  0.000e+00
     75.390     76.032    10.8929  37.155251    33.1859    184.358     0.0069      8.045    77.2043 1.8804e-03 -0.5978752    25.3836  0.000e+00
     76.009     76.656    10.8924  37.155065    33.1859    184.212     0.0216      8.045    76.2747 1.1775e-03 -0.5978752    25.3837  0.000e+00
     76.720     77.373    10.8909  37.154065    33.1859    183.822     0.0289      8.045    75.8357 7.3199e-05 -0.6309949    25.3840  0.000e+00
     77.453     78.113    10.8965  37.158892    33.1853    183.656     0.0216      8.045    75.3967 1.0000e-12 -0.6309949    25.3826  0.000e+00
     78.036     78.701    10.8955  37.158142    33.1853    183.512     0.0289      8.045    75.9132 7.3199e-05 -0.6309949    25.3828  0.000e+00
     78.512     79.181    10.8948  37.157831    33.1854    183.363     0.0143      8.045    76.5845 1.0000e-12 -0.6309949    25.3830  0.000e+00
     79.068     79.742    10.8944  37.157708    33.1854    183.629     0.0216      8.045    76.1456 1.0000e-12 -0.6309949    25.3831  0.000e+00
     79.569     80.247    10.8942  37.157897    33.1856    183.893     0.0216      8.045    74.5705 1.0000e-12 -0.6309949    25.3832  0.000e+00
     79.892     80.573    10.8947  37.158337    33.1854    183.899     0.0069      8.040    74.0798 1.0000e-12 -0.6309949    25.3830  0.000e+00
     79.913     80.595    10.8949  37.158463    33.1853    183.485     0.0069      8.040    74.1831 1.0000e-12 -0.6309949    25.3829  0.000e+00
     79.831     80.512    10.8952  37.158588    33.1852    183.069     0.0069      8.040    74.1573 1.0000e-12 -0.6309949    25.3827  0.000e+00
     79.952     80.633    10.8949  37.158275    33.1851    183.325     0.0216      8.040    74.1057 1.0000e-12 -0.6309949    25.3828  0.000e+00
     80.136     80.819    10.8948  37.158213    33.1851    183.581     0.0216      8.040    73.9507 1.0000e-12 -0.6309949    25.3828  0.000e+00
     80.115     80.798    10.8947  37.158025    33.1850    183.581     0.0143      8.040    74.1573 1.0000e-12 -0.4653966    25.3827  0.000e+00
     79.921     80.603    10.8949  37.158149    33.1850    183.576     0.0069      8.040    73.5892 1.0000e-12 -0.4322769    25.3826  0.000e+00
     79.828     80.508    10.8948  37.157898    33.1849    183.574     0.0216      8.040    73.5118 1.0000e-12 -0.4653966    25.3826  0.000e+00
     79.934     80.615    10.8946  37.157711    33.1849    183.578     0.0289      8.040    73.9249 1.0000e-12 -0.6309949    25.3826  0.000e+00
     79.897     80.578    10.8946  37.157710    33.1849    183.577     0.0143      8.040    74.7254 1.0000e-12 -0.6309949    25.3826  0.000e+00
     79.636     80.315    10.8950  37.157835    33.1847    183.569     0.0143      8.040    74.4155 1.0000e-12 -0.6309949    25.3824  0.000e+00
     79.638     80.317    10.8944  37.157334    33.1847    183.572     0.0069      8.040    74.1831 1.0000e-12 -0.6309949    25.3825  0.000e+00
     79.924     80.605    10.8940  37.156959    33.1846    183.580     0.0143      8.040    74.7512 1.0000e-12 -0.6309949    25.3825  0.000e+00
     79.652     80.332    10.8945  37.157396    33.1847    183.572     0.0069      8.040    74.9578 1.0000e-12 -0.6309949    25.3825  0.000e+00
     78.924     79.597    10.8954  37.157770    33.1846    183.138     0.0069      8.040    74.2348 1.0000e-12 -0.0017214    25.3822  0.000e+00
     78.253     78.920    10.8965  37.158456    33.1846    183.118     0.0289      8.040    73.3568 7.3199e-05  0.0313983    25.3820  0.000e+00
     77.566     78.227    10.8980  37.159519    33.1845    183.760     0.0509      8.040    72.7113 8.9907e-04 -0.6309949    25.3817  0.000e+00
     76.688     77.341    10.9009  37.161208    33.1840    183.728     0.0362      8.040    72.6338 1.5980e-03 -0.6309949    25.3807  0.000e+00
     75.803     76.448    10.9002  37.160139    33.1839    183.460     0.0143      8.040    73.0470 2.0221e-03 -0.6309949    25.3808  0.000e+00
     75.096     75.735    10.9013  37.160638    33.1838    183.852     0.0436      8.040    73.7700 4.1972e-03 -0.6309949    25.3805  0.000e+00
     74.526     75.160    10.9011  37.160197    33.1838    183.839     0.0362      8.040    74.2348 6.6206e-03 -0.6309949    25.3805  0.000e+00
     73.960     74.589    10.8994  37.158566    33.1839    183.582     0.0362      8.040    74.4672 8.3511e-03 -0.6309949    25.3809  0.000e+00
     73.260     73.884    10.8965  37.155994    33.1843    183.577     0.0289      8.040    74.1315 1.0466e-02 -0.6309949    25.3817  0.000e+00
     72.531     73.148    10.8954  37.154801    33.1844    183.564     0.0069      8.040    72.8920 1.3700e-02 -0.6309949    25.3820  0.000e+00
     71.995     72.608    10.8955  37.154611    33.1844    183.551     0.0289      8.040    72.3498 2.0323e-02 -0.6309949    25.3819  0.000e+00
     71.503     72.111    10.8953  37.154171    33.1843    183.541     0.0362      8.036    72.4014 2.2484e-02 -0.6309949    25.3819  0.000e+00
     70.672     71.273    10.8963  37.154669    33.1843    183.517     0.0216      8.036    72.4273 2.5540e-02 -0.6309949    25.3817  0.000e+00
     69.739     70.332    10.8953  37.153287    33.1843    183.500     0.0143      8.040    72.8920 3.5051e-02 -0.6309949    25.3818  0.000e+00
     69.030     69.617    10.8952  37.152971    33.1843    183.483     0.0289      8.036    72.7113 4.3688e-02 -0.6309949    25.3818  0.000e+00
     68.396     68.977    10.8952  37.152719    33.1844    183.468     0.0362      8.036    72.4789 5.0121e-02 -0.6309949    25.3819  0.000e+00
     67.632     68.207    10.8968  37.153656    33.1842    183.444     0.0289      8.036    72.4531 5.9706e-02 -0.6309949    25.3814  0.000e+00
     66.932     67.500    10.9122  37.166185    33.1830    183.368     0.0216      8.040    72.6855 7.3265e-02 -0.6309949    25.3778  0.000e+00
     66.447     67.011    10.9225  37.173515    33.1811    183.317     0.0509      8.040    74.1573 8.2497e-02 -0.6309949    25.3745  0.000e+00
     65.880     66.439    10.9069  37.160103    33.1822    184.189     0.0216      8.040    75.8099 9.0073e-02 -0.6309949    25.3781  0.000e+00
     65.149     65.702    10.9040  37.159098    33.1841    184.592     0.0069      8.036    75.8357 1.0700e-01 -0.6309949    25.3800  0.000e+00
     64.529     65.077    10.9269  37.176579    33.1810    183.989     0.0362      8.040    75.5259 1.2356e-01 -0.6309949    25.3736  0.000e+00
     63.867     64.409    10.9162  37.167615    33.1821    184.177     0.0289      8.040    76.9202 1.4242e-01 -0.6309949    25.3763  0.000e+00
     63.038     63.573    10.9421  37.189109    33.1804    184.055     0.0069      8.040    77.5141 1.6756e-01 -0.6309949    25.3703  0.000e+00
     62.409     62.939    10.9469  37.191363    33.1786    184.595     0.0069      8.040    77.9273 1.9327e-01 -0.6309949    25.3681  0.000e+00
     61.987     62.513    10.9406  37.186848    33.1799    185.019     0.0069      8.040    78.4695 2.0797e-01 -0.6309949    25.3702  0.000e+00
     61.187     61.706    10.9553  37.198880    33.1790    185.265    -0.0004      8.040    78.8052 2.3290e-01 -0.6309949    25.3669  0.000e+00
     60.136     60.645    10.9727  37.213672    33.1784    185.331    -0.0004      8.045    79.1409 2.8367e-01 -0.6309949    25.3633  0.000e+00
     59.446     59.950    11.0017  37.235741    33.1744    185.523     0.0069      8.049    79.5024 3.2741e-01 -0.6309949    25.3551  0.000e+00
     59.052     59.552    10.9888  37.227149    33.1777    185.724     0.0069      8.049    79.6315 3.5365e-01 -0.6641145    25.3599  0.000e+00
     58.465     58.961    11.0469  37.272806    33.1707    186.211    -0.0004      8.054    81.5681 3.8781e-01 -0.6641145    25.3441  0.000e+00
     57.691     58.180    11.0550  37.279266    33.1701    187.137    -0.0224      8.054    82.2912 4.4664e-01 -0.6641145    25.3422  0.000e+00
     57.080     57.564    11.0786  37.298150    33.1677    187.917    -0.0150      8.058    82.2395 5.0092e-01 -0.6641145    25.3362  0.000e+00
     56.640     57.120    11.1130  37.325261    33.1638    188.656    -0.0004      8.063    83.1433 5.3434e-01 -0.6641145    25.3269  0.000e+00
     56.075     56.550    11.1359  37.344595    33.1625    189.597    -0.0150      8.068    84.3052 5.6978e-01 -0.6641145    25.3218  0.000e+00
     55.254     55.721    11.1962  37.394518    33.1579    191.183    -0.0150      8.072    84.8733 6.2230e-01 -0.6641145    25.3074  0.000e+00
     54.389     54.849    11.2428  37.433344    33.1546    192.575    -0.0077      8.081    86.5001 6.8545e-01 -0.6641145    25.2965  0.000e+00
     53.543     53.996    11.3069  37.487779    33.1510    194.205    -0.0077      8.086    87.4813 7.5228e-01 -0.6641145    25.2821  0.000e+00
     52.783     53.230    11.3680  37.538659    33.1465    196.245    -0.0077      8.095    88.6175 8.2275e-01 -0.6641145    25.2675  0.000e+00
     52.156     52.597    11.4168  37.581889    33.1454    198.649    -0.0077      8.099    89.9344 8.9146e-01 -0.6972342    25.2578  0.000e+00
     51.570     52.006    11.5052  37.659653    33.1427    201.024    -0.0077      8.108    90.7607 9.5425e-01 -0.6972342    25.2396  0.000e+00
     51.103     51.535    11.5509  37.700481    33.1420    203.108    -0.0297      8.118    91.7936 1.0004e+00 -0.6972342    25.2307  0.000e+00
     50.473     50.900    11.5568  37.705899    33.1423    205.132    -0.0224      8.117    92.1292 1.0799e+00 -0.6972342    25.2298  0.000e+00
     49.897     50.319    11.5774  37.724617    33.1425    206.293    -0.0077      8.122    92.5166 1.1486e+00 -0.6972342    25.2262  0.000e+00
     49.393     49.811    11.5952  37.741007    33.1428    206.677    -0.0150      8.122    93.2137 1.2107e+00 -0.6972342    25.2232  0.000e+00
     48.816     49.229    11.6307  37.773796    33.1433    206.659    -0.0150      8.122    93.2912 1.2760e+00 -0.6972342    25.2170  0.000e+00
     48.034     48.439    11.6764  37.816123    33.1442    207.065    -0.0150      8.126    93.6269 1.3685e+00 -0.6972342    25.2093  0.000e+00
     47.105     47.503    11.7187  37.854239    33.1439    207.561    -0.0224      8.131    93.8851 1.5019e+00 -0.6972342    25.2013  0.000e+00
     46.177     46.567    11.7614  37.893508    33.1445    208.054    -0.0150      8.135    94.1175 1.6336e+00 -0.6972342    25.1938  0.000e+00
     45.429     45.813    11.8139  37.941385    33.1447    208.741    -0.0004      8.140    94.4790 1.7663e+00 -0.7303538    25.1842  0.000e+00
     44.740     45.118    11.8242  37.951050    33.1452    209.623     0.0069      8.140    94.7114 1.8875e+00 -0.7303538    25.1826  0.000e+00
     44.198     44.571    11.8448  37.970892    33.1463    210.068    -0.0077      8.144    94.8405 1.9880e+00 -0.7303538    25.1796  0.000e+00
     43.665     44.034    11.8860  38.009262    33.1471    210.029    -0.0150      8.149    94.9954 2.1058e+00 -0.7303538    25.1726  0.000e+00
     43.193     43.557    11.9541  38.074597    33.1502    210.487    -0.0077      8.149    95.1504 2.2176e+00 -0.7303538    25.1623  0.000e+00
     42.716     43.076    12.0023  38.117629    33.1492    210.884    -0.0077      8.153    95.2278 2.3352e+00 -0.7303538    25.1524  0.000e+00
     42.245     42.602    12.0097  38.124844    33.1499    212.011    -0.0077      8.158    95.3569 2.4519e+00 -0.7303538    25.1516  0.000e+00
     41.517     41.867    12.0212  38.136110    33.1508    212.565    -0.0077      8.158    95.4086 2.6264e+00 -0.7303538    25.1502  0.000e+00
     40.653     40.996    12.0428  38.156179    33.1514    212.223    -0.0150      8.158    95.4344 2.8948e+00 -0.7303538    25.1465  0.000e+00
     39.956     40.293    12.0764  38.188542    33.1532    212.290    -0.0004      8.162    95.6152 3.1091e+00 -0.7303538    25.1415  0.000e+00
     39.330     39.661    12.1246  38.234350    33.1549    212.519     0.0216      8.162    95.7185 3.2730e+00 -0.7634735    25.1338  0.000e+00
     38.607     38.933    12.1737  38.279800    33.1555    212.744     0.0143      8.166    95.7959 3.4750e+00 -0.7634735    25.1250  0.000e+00
     37.878     38.197    12.2114  38.315820    33.1572    214.168    -0.0004      8.166    95.9767 3.7209e+00 -0.7303538    25.1191  0.000e+00
     37.270     37.584    12.2513  38.353694    33.1586    214.050     0.0143      8.171    96.2091 3.9389e+00 -0.7634735    25.1126  0.000e+00
     36.713     37.022    12.2867  38.389171    33.1616    213.660     0.0289      8.171    96.3382 4.0990e+00 -0.7634735    25.1082  0.000e+00
     36.156     36.461    12.3365  38.436410    33.1632    214.487     0.0362      8.171    96.3898 4.3389e+00 -0.7634735    25.1000  0.000e+00
     35.602     35.902    12.3692  38.468931    33.1658    214.405     0.0362      8.175    96.4673 4.6320e+00 -0.7634735    25.0957  0.000e+00
     35.034     35.329    12.4404  38.542020    33.1732    213.917     0.0582      8.179    96.4415 4.9728e+00 -0.7634735    25.0878  0.000e+00
     34.384     34.673    12.6405  38.738176    33.1846    214.031     0.0655      8.183    96.5189 5.3082e+00 -0.7634735    25.0580  0.000e+00
     33.604     33.887    12.7663  38.857514    33.1880    215.231     0.0729      8.187    96.5447 5.7307e+00 -0.7634735    25.0361  0.000e+00
     32.851     33.127    12.8741  38.956626    33.1878    215.700     0.1315      8.196    96.5964 6.1865e+00 -0.7634735    25.0149  0.000e+00
     32.173     32.443    12.9679  39.046062    33.1906    216.167     0.1828      8.201    96.4415 6.6029e+00 -0.7634735    24.9986  0.000e+00
     31.523     31.788    13.0338  39.105581    33.1895    218.453     0.2267      8.205    96.1832 7.0473e+00 -0.7634735    24.9847  0.000e+00
     30.863     31.123    13.0691  39.141335    33.1927    219.184     0.2853      8.209    95.7959 7.5213e+00 -0.7634735    24.9801  0.000e+00
     30.221     30.475    13.1132  39.187855    33.1983    219.385     0.3513      8.209    95.4861 8.1643e+00 -0.7634735    24.9757  0.000e+00
     29.657     29.906    13.1624  39.239008    33.2038    220.415     0.4318      8.214    95.2795 8.8120e+00 -0.7634735    24.9702  0.000e+00
     29.031     29.275    13.2362  39.315245    33.2114    221.108     0.5051      8.213    95.2020 9.4839e+00 -0.7634735    24.9613  0.000e+00
