Arg_Leg3_G6_NV.cnv
* Sea-Bird SBE 9 Data File:
* FileName = S:\CTD_Data\CTD\Data\Argentina 2014\Data\Leg3\Arg_Leg3_G6.hex
* Software Version Seasave V 7.21g
* Temperature SN = 5769
* Conductivity SN = 4244
* Number of Bytes Per Scan = 31
* Number of Voltage Words = 4
* Number of Scans Averaged by the Deck Unit = 24
* NMEA Latitude = 45 27.61 S
* NMEA Longitude = 066 11.83 W
* NMEA UTC (Time) = Feb 13 2014 13:30:45
* NMEA baud rate = 9600
** R/V Coriolis II
** MARES project, ARGENTINA 2014
** Chief scientist : Dr. Gustavo Ferreyra
** Co-Chief scientist : Dr. José Luis Esteves
# nquan = 13
# nvalues = 523                                   
# units = specified
# name 0 = depSM: Depth [salt water, m]
# name 1 = prDM: Pressure, Digiquartz [db]
# name 2 = t090C: Temperature [ITS-90, deg C]
# name 3 = c0mS/cm: Conductivity [mS/cm]
# name 4 = sal00: Salinity, Practical [PSU]
# name 5 = sbeox0Mm/Kg: Oxygen, SBE 43 [umol/Kg]
# name 6 = flECO-AFL: Fluorescence, WET Labs ECO-AFL/FL [mg/m^3]
# name 7 = ph: pH
# name 8 = CStarTr0: Beam Transmission, WET Labs C-Star [%]
# name 9 = par: PAR/Irradiance, Biospherical/Licor
# name 10 = upoly0: Upoly 0, Nitrate
# name 11 = sigma-é00: Density [sigma-theta, Kg/m^3]
# name 12 = flag:  0.000e+00
# span 0 =     -0.005,     80.900                 
# span 1 =     -0.005,     81.581                 
# span 2 =     8.3787,    15.3116                 
# span 3 =   2.981435,  41.392008                 
# span 4 =     1.9451,    33.5125                 
# span 5 =    140.291,    263.822                 
# span 6 =    -0.1176,    28.6077                 
# span 7 =      7.770,      8.239                 
# span 8 =    52.2605,    98.0941                 
# span 9 = 1.0000e-12, 1.6400e+03                 
# span 10 = -0.7634735,  4.2044752                
# span 11 =     0.5737,    25.9650                
# span 12 = 0.0000e+00, 0.0000e+00                
# interval = seconds: 1
# start_time = Feb 13 2014 13:30:45 [NMEA time, header]
# bad_flag = -9.990e-29
*END*
[from data line 223]
     75.244     75.877     8.3862  35.096599    33.3978    140.671     0.0143      7.770    63.5188 1.9745e-02  0.5613128    25.9594  0.000e+00
     74.953     75.584     8.3832  35.094025    33.3981    140.675     0.0216      7.770    63.7253 2.1101e-02  1.2899453    25.9600  0.000e+00
     74.631     75.259     8.3827  35.093105    33.3978    140.671     0.0289      7.770    64.0094 2.6588e-02  2.2172957    25.9599  0.000e+00
     74.235     74.860     8.3817  35.092491    33.3982    140.667     0.0436      7.770    63.9061 3.0041e-02  2.8796889    25.9603  0.000e+00
     73.874     74.495     8.3823  35.092735    33.3981    140.659     0.0362      7.770    63.9577 3.2507e-02  2.1510564    25.9602  0.000e+00
     73.438     74.056     8.3834  35.093468    33.3981    140.647     0.0289      7.770    64.1643 3.5996e-02  0.9587487    25.9600  0.000e+00
     72.996     73.609     8.3833  35.093161    33.3980    140.639     0.0289      7.770    64.2934 4.1133e-02  0.0645179    25.9599  0.000e+00
     72.638     73.249     8.3830  35.092669    33.3980    140.634     0.0289      7.770    64.3967 4.3429e-02 -0.4653966    25.9599  0.000e+00
     72.140     72.747     8.3852  35.094812    33.3983    140.617     0.0289      7.770    64.5000 4.8745e-02  2.8796889    25.9599  0.000e+00
     71.547     72.149     8.3889  35.097628    33.3981    140.595     0.0289      7.770    64.7840 5.7897e-02  2.3497744    25.9591  0.000e+00
     71.017     71.614     8.3922  35.100015    33.3978    141.043     0.0216      7.770    64.8615 6.5964e-02  2.1179368    25.9584  0.000e+00
     70.470     71.062     8.3929  35.100503    33.3979    141.031     0.0289      7.770    65.5587 7.7089e-02  2.1179368    25.9583  0.000e+00
     69.958     70.545     8.3960  35.103197    33.3980    140.714     0.0289      7.770    66.1267 8.7373e-02  1.9854581    25.9579  0.000e+00
     69.501     70.085     8.4014  35.107791    33.3980    140.688     0.0289      7.770    66.7981 1.0016e-01  2.8796889    25.9571  0.000e+00
     69.006     69.586     8.4082  35.112936    33.3972    140.658     0.0289      7.770    67.4178 1.1143e-01  2.9459282    25.9555  0.000e+00
     68.577     69.152     8.4095  35.114650    33.3980    141.113     0.0509      7.770    68.0892 1.2260e-01  2.5816120    25.9559  0.000e+00
     68.150     68.722     8.4257  35.129662    33.3987    141.051     0.0436      7.770    67.8568 1.3402e-01  1.5549026    25.9540  0.000e+00
     67.600     68.167     8.4515  35.151174    33.3972    141.128     0.0436      7.770    68.7347 1.5120e-01  1.5549026    25.9489  0.000e+00
     67.105     67.668     8.4722  35.169196    33.3969    141.518     0.0289      7.774    69.0704 1.6816e-01  1.5880222    25.9455  0.000e+00
     66.716     67.276     8.4981  35.193109    33.3977    141.129     0.0289      7.774    69.3028 1.8069e-01  1.5217829    25.9423  0.000e+00
     66.334     66.890     8.5362  35.228011    33.3986    141.166     0.0216      7.779    69.9742 1.9532e-01  1.3230650    25.9371  0.000e+00
     65.890     66.443     8.5875  35.270168    33.3948    141.920     0.0289      7.779    71.0587 2.1233e-01  4.2044752    25.9263  0.000e+00
     65.402     65.951     8.5845  35.268632    33.3962    142.552     0.0582      7.779    71.7559 2.3449e-01  2.8796889    25.9278  0.000e+00
     64.903     65.448     8.6363  35.315168    33.3964    142.709     0.0655      7.784    71.0329 2.6113e-01  1.6542615    25.9201  0.000e+00
     64.447     64.987     8.6552  35.331012    33.3954    142.978     0.0143      7.783    71.1620 2.9507e-01  2.0516974    25.9164  0.000e+00
     64.070     64.607     8.6819  35.352326    33.3928    142.763     0.0143      7.788    71.3169 3.1699e-01  2.0516974    25.9102  0.000e+00
     63.748     64.283     8.6010  35.287840    33.4016    143.359     0.0069      7.788    72.3240 3.3921e-01  2.4491333    25.9295  0.000e+00
     63.485     64.017     8.5780  35.260462    33.3947    143.145     0.0143      7.788    73.3827 3.5705e-01  3.2771248    25.9276  0.000e+00
     63.228     63.758     8.6001  35.281453    33.3959    142.481     0.0143      7.788    73.6925 3.7810e-01  4.0719966    25.9252  0.000e+00
     62.786     63.312     8.6476  35.327628    33.3998    142.313     0.0143      7.788    73.3052 4.1045e-01  1.8860991    25.9210  0.000e+00
     62.221     62.742     8.7258  35.391771    33.3936    142.052     0.0069      7.788    73.9249 4.6076e-01  1.9192188    25.9041  0.000e+00
     61.725     62.242     8.7114  35.379601    33.3947    142.549    -0.0004      7.793    73.7442 5.1027e-01  1.8198598    25.9072  0.000e+00
     61.239     61.752     8.7326  35.400005    33.3963    142.927     0.0289      7.793    73.2794 5.6287e-01  1.6542615    25.9052  0.000e+00
     60.713     61.221     8.7638  35.424471    33.3928    142.986     0.0216      7.793    72.6596 6.3180e-01  1.8529795    25.8975  0.000e+00
     60.272     60.777     8.7641  35.424469    33.3926    143.147    -0.0004      7.793    72.7371 6.9793e-01  1.5217829    25.8974  0.000e+00
     59.965     60.467     8.7574  35.415737    33.3900    142.877     0.0069      7.793    73.9249 7.4556e-01  1.4886632    25.8964  0.000e+00
     59.700     60.200     8.7587  35.420532    33.3939    143.033     0.0143      7.793    74.0282 7.8913e-01  1.6542615    25.8992  0.000e+00
     59.415     59.913     8.7474  35.413707    33.3976    143.062    -0.0004      7.793    74.3381 8.3013e-01  2.2504154    25.9038  0.000e+00
     59.010     59.504     8.7604  35.429078    33.4016    143.176    -0.0004      7.793    75.1127 8.9411e-01  1.4224239    25.9049  0.000e+00
     58.396     58.885     8.8948  35.539516    33.3908    142.732    -0.0004      7.797    75.3709 1.0093e+00  1.2237060    25.8756  0.000e+00
     57.803     58.287     8.8704  35.516183    33.3897    142.972    -0.0150      7.797    75.1127 1.1519e+00  1.6542615    25.8785  0.000e+00
     57.429     57.910     8.8445  35.496366    33.3935    143.502    -0.0150      7.802    75.3967 1.2466e+00  2.6147316    25.8855  0.000e+00
     57.017     57.494     8.8678  35.517966    33.3944    143.585     0.0069      7.797    75.5775 1.3448e+00  3.0452872    25.8826  0.000e+00
     56.464     56.937     8.9133  35.555579    33.3911    143.596    -0.0004      7.802    75.8357 1.4975e+00  2.2835350    25.8729  0.000e+00
     56.055     56.524     8.8858  35.537477    33.3983    143.841    -0.0004      7.802    76.0681 1.6289e+00  1.4555436    25.8829  0.000e+00
     55.695     56.161     8.9097  35.551574    33.3907    143.931    -0.0004      7.802    76.4038 1.7259e+00  0.5944325    25.8731  0.000e+00
     55.091     55.551     8.9216  35.565489    33.3943    144.045    -0.0004      7.802    76.5329 1.9039e+00  1.7536205    25.8741  0.000e+00
     54.409     54.864     8.9372  35.576510    33.3914    143.699    -0.0004      7.802    76.5587 2.1486e+00  1.7205009    25.8694  0.000e+00
     53.825     54.275     8.9354  35.576262    33.3931    143.860    -0.0004      7.806    76.6104 2.3622e+00  1.2899453    25.8710  0.000e+00
     53.193     53.638     8.9578  35.596648    33.3936    144.227    -0.0150      7.806    76.5329 2.5891e+00  0.7269111    25.8679  0.000e+00
     52.429     52.867     9.0121  35.646189    33.3946    144.199    -0.0150      7.811    77.1784 2.9030e+00  2.9128085    25.8601  0.000e+00
     51.619     52.050     9.0648  35.690514    33.3917    144.629    -0.0150      7.815    77.4625 3.2823e+00  0.9256291    25.8495  0.000e+00
     50.900     51.325     9.1030  35.723756    33.3908    145.555    -0.0004      7.820    78.3146 3.6893e+00  0.9918684    25.8427  0.000e+00
     50.501     50.922     9.0773  35.701364    33.3917    147.317    -0.0004      7.825    79.7090 3.9614e+00  2.3166547    25.8475  0.000e+00
     50.403     50.824     9.0515  35.678177    33.3919    149.258    -0.0004      7.825    80.4836 4.0182e+00  2.3166547    25.8517  0.000e+00
     50.570     50.992     9.1067  35.728752    33.3927    149.006    -0.0077      7.829    80.9742 3.8833e+00  1.9192188    25.8436  0.000e+00
     50.745     51.169     9.1571  35.772196    33.3904    148.497     0.0069      7.829    81.1808 3.8067e+00  0.8925094    25.8338  0.000e+00
     50.721     51.145     9.1180  35.736218    33.3897    149.136     0.0069      7.829    81.3099 3.8175e+00  0.3294752    25.8395  0.000e+00
     50.614     51.036     9.1395  35.751951    33.3860    149.118     0.0143      7.829    81.1808 3.8833e+00  1.3893043    25.8332  0.000e+00
     50.573     50.995     9.1817  35.795715    33.3919    149.467     0.0289      7.834    81.4907 3.8944e+00  0.9587487    25.8311  0.000e+00
     50.386     50.806     9.2254  35.834556    33.3913    149.201     0.0362      7.834    83.0658 4.0068e+00  1.2568256    25.8236  0.000e+00
     50.137     50.555     9.2071  35.820660    33.3942    149.312     0.0143      7.834    84.7959 4.1224e+00  1.0912274    25.8289  0.000e+00
     49.846     50.263     9.3007  35.902646    33.3917    149.599     0.0069      7.838    85.1057 4.3389e+00 -0.3660376    25.8119  0.000e+00
     49.890     50.307     9.3031  35.903511    33.3902    149.927     0.0362      7.838    84.7442 4.3389e+00  1.3561846    25.8104  0.000e+00
     49.863     50.280     9.2961  35.897948    33.3911    149.839     0.0289      7.838    84.7184 4.3761e+00  1.2899453    25.8122  0.000e+00
     49.938     50.355     9.3074  35.908766    33.3917    149.691     0.0289      7.843    85.0799 4.3637e+00  0.5944325    25.8109  0.000e+00
     50.220     50.639     9.3010  35.901349    33.3899    149.887     0.0289      7.843    85.8287 4.1342e+00 -0.6972342    25.8105  0.000e+00
     50.374     50.795     9.2725  35.877865    33.3921    150.153     0.0289      7.843    85.8804 4.0068e+00  2.4822530    25.8168  0.000e+00
     50.302     50.722     9.2894  35.893747    33.3928    149.815     0.0216      7.843    86.0095 4.0296e+00  2.6809709    25.8146  0.000e+00
     50.172     50.591     9.3067  35.908952    33.3924    149.921     0.0069      7.843    86.0869 4.0990e+00  2.1841761    25.8115  0.000e+00
     49.955     50.372     9.3148  35.915813    33.3921    149.890    -0.0004      7.843    85.9062 4.2899e+00  1.4886632    25.8099  0.000e+00
     49.737     50.153     9.3178  35.918533    33.3921    149.598     0.0143      7.843    85.3123 4.4895e+00  1.3893043    25.8095  0.000e+00
     49.747     50.162     9.3171  35.917544    33.3918    150.045     0.0216      7.843    84.6409 4.5408e+00  1.4555436    25.8094  0.000e+00
     49.985     50.402     9.3144  35.915875    33.3924    149.614     0.0069      7.843    85.4156 4.3513e+00  0.5281932    25.8103  0.000e+00
     50.157     50.576     9.3155  35.916618    33.3921    149.337     0.0216      7.843    85.5447 4.2413e+00 -0.3991573    25.8098  0.000e+00
     50.278     50.698     9.3054  35.907222    33.3918    149.651     0.0216      7.843    85.9578 4.1577e+00  1.2237060    25.8113  0.000e+00
     50.366     50.786     9.2925  35.896714    33.3929    149.696     0.0069      7.843    86.3968 4.0296e+00  1.5880222    25.8142  0.000e+00
     50.221     50.641     9.3051  35.908273    33.3932    150.094     0.0069      7.843    86.5259 4.0990e+00  1.2568256    25.8124  0.000e+00
     49.992     50.409     9.3142  35.915752    33.3925    150.059     0.0069      7.843    86.3968 4.2777e+00  0.6275521    25.8104  0.000e+00
     49.887     50.304     9.3144  35.916555    33.3932    150.223     0.0216      7.843    86.0353 4.3637e+00 -0.0679607    25.8109  0.000e+00
     49.859     50.275     9.3173  35.918781    33.3928    150.212     0.0289      7.843    85.9578 4.4136e+00  1.3230650    25.8101  0.000e+00
     49.873     50.289     9.3186  35.919770    33.3926    149.488     0.0216      7.843    86.0353 4.4640e+00  0.7269111    25.8098  0.000e+00
     50.012     50.429     9.3174  35.918843    33.3927    149.938     0.0143      7.848    86.1386 4.3761e+00 -0.1010803    25.8100  0.000e+00
     50.193     50.612     9.3160  35.917731    33.3928    150.224     0.0143      7.848    86.4485 4.2293e+00 -0.1010803    25.8103  0.000e+00
     50.280     50.700     9.3115  35.913713    33.3928    149.964     0.0143      7.848    86.4743 4.1696e+00  0.1638769    25.8110  0.000e+00
     50.293     50.713     9.3151  35.917113    33.3929    149.508     0.0216      7.848    86.5776 4.1107e+00  0.3957145    25.8106  0.000e+00
     50.201     50.620     9.3156  35.917669    33.3931    149.948     0.0216      7.848    86.6292 4.1342e+00  0.8593897    25.8106  0.000e+00
     50.057     50.475     9.3207  35.921996    33.3929    150.205     0.0069      7.848    86.1902 4.2655e+00  1.4224239    25.8096  0.000e+00
     49.972     50.389     9.3215  35.922429    33.3926    149.924     0.0069      7.848    86.0869 4.3513e+00  0.6606718    25.8093  0.000e+00
     49.905     50.322     9.3188  35.920265    33.3929    149.932     0.0143      7.848    85.8029 4.4010e+00 -0.2997983    25.8100  0.000e+00
     49.866     50.282     9.3215  35.922861    33.3931    149.922     0.0143      7.848    85.8546 4.4895e+00 -0.6972342    25.8097  0.000e+00
     49.968     50.385     9.3189  35.920512    33.3930    149.932     0.0289      7.848    85.8804 4.4513e+00 -0.5316359    25.8100  0.000e+00
     50.116     50.535     9.3180  35.919771    33.3931    149.939     0.0289      7.848    86.0353 4.3266e+00  1.0912274    25.8102  0.000e+00
     50.200     50.619     9.3179  35.919833    33.3932    149.940     0.0216      7.848    86.2677 4.2777e+00  0.9918684    25.8103  0.000e+00
     50.297     50.717     9.3150  35.917051    33.3929    149.952     0.0216      7.848    86.5259 4.1934e+00  0.5944325    25.8106  0.000e+00
     50.260     50.680     9.3139  35.916309    33.3933    149.955     0.0143      7.848    86.5776 4.1577e+00  0.0976376    25.8111  0.000e+00
     49.560     49.974     9.3589  35.958665    33.3953    149.786     0.0143      7.848    86.3193 4.5408e+00  0.4619538    25.8054  0.000e+00
     48.701     49.107     9.4283  36.018490    33.3927    149.978    -0.0004      7.852    85.6738 5.1451e+00  0.4619538    25.7921  0.000e+00
     47.985     48.385     9.4685  36.056497    33.3947    149.825     0.0216      7.852    85.3381 5.5863e+00  1.2237060    25.7872  0.000e+00
     47.345     47.740     9.5616  36.142475    33.3967    150.098     0.0143      7.856    85.7513 5.9966e+00  1.4886632    25.7735  0.000e+00
     46.728     47.118     9.7261  36.289037    33.3944    150.397     0.0069      7.870    86.0353 6.4004e+00  0.2301162    25.7448  0.000e+00
     46.240     46.626     9.7737  36.330758    33.3932    152.722     0.0143      7.884    87.2489 6.6971e+00 -0.5978752    25.7360  0.000e+00
     45.740     46.122     9.8490  36.400151    33.3945    155.793     0.0069      7.898    88.9015 7.0473e+00 -0.7303538    25.7245  0.000e+00
     45.136     45.513     9.9171  36.469721    33.4026    159.680     0.0143      7.907    89.1597 7.4577e+00 -0.4322769    25.7195  0.000e+00
     44.511     44.882    10.0829  36.609080    33.3913    162.221     0.0289      7.921    90.1926 7.8695e+00  0.2632359    25.6828  0.000e+00
     43.836     44.202    10.1502  36.670517    33.3918    164.232     0.0216      7.935    89.8053 8.3748e+00  0.4950735    25.6719  0.000e+00
     43.061     43.420    10.3765  36.897308    33.4130    165.829     0.0069      7.943    89.4954 8.9881e+00  0.6606718    25.6498  0.000e+00
     42.214     42.566    10.8669  37.345394    33.4133    166.530     0.0143      7.956    90.0635 9.6734e+00  0.3294752    25.5646  0.000e+00
     41.413     41.758    11.8029  38.207653    33.4155    166.635     0.0289      7.976    92.1551 1.0411e+01 -0.7303538    25.3965  0.000e+00
     40.699     41.038    12.0624  38.436080    33.4049    172.984     0.0509      8.003    94.7114 1.1172e+01 -0.7303538    25.3396  0.000e+00
