Arg_L2_F5_NV.cnv
* Sea-Bird SBE 9 Data File:
* FileName = S:\CTD_Data\CTD\Data\Argentina 2014\Data\Arg_L2_F5.hex
* Software Version Seasave V 7.21g
* Temperature SN = 5769
* Conductivity SN = 4244
* Number of Bytes Per Scan = 31
* Number of Voltage Words = 4
* Number of Scans Averaged by the Deck Unit = 24
* NMEA Latitude = 46 30.59 S
* NMEA Longitude = 065 56.88 W
* NMEA UTC (Time) = Feb 06 2014 02:35:54
* NMEA baud rate = 9600
** R/V Coriolis II
** MARES project, ARGENTINA 2014
** Chief scientist : Dr. Gustavo Ferreyra
** Co-Chief scientist : Dr. José Luis Esteves
# nquan = 13
# nvalues = 683                                   
# units = specified
# name 0 = depSM: Depth [salt water, m]
# name 1 = prDM: Pressure, Digiquartz [db]
# name 2 = t090C: Temperature [ITS-90, deg C]
# name 3 = c0mS/cm: Conductivity [mS/cm]
# name 4 = sal00: Salinity, Practical [PSU]
# name 5 = sbeox0Mm/Kg: Oxygen, SBE 43 [umol/Kg]
# name 6 = flECO-AFL: Fluorescence, WET Labs ECO-AFL/FL [mg/m^3]
# name 7 = ph: pH
# name 8 = CStarTr0: Beam Transmission, WET Labs C-Star [%]
# name 9 = par: PAR/Irradiance, Biospherical/Licor
# name 10 = upoly0: Upoly 0, Nitrate
# name 11 = sigma-é00: Density [sigma-theta, Kg/m^3]
# name 12 = flag:  0.000e+00
# span 0 =     -0.268,     87.625                 
# span 1 =     -0.270,     88.373                 
# span 2 =    10.1465,    13.6894                 
# span 3 =   5.840446,  39.778414                 
# span 4 =     4.1826,    33.2604                 
# span 5 =    169.073,    253.860                 
# span 6 =     0.0069,     0.8641                 
# span 7 =      7.939,      8.223                 
# span 8 =    36.7674,    96.8804                 
# span 9 = 1.0000e-12, 3.0586e-01                 
# span 10 = -0.7634735,  6.7546889                
# span 11 =     2.5897,    25.5559                
# span 12 = 0.0000e+00, 0.0000e+00                
# interval = seconds: 1
# start_time = Feb 06 2014 02:35:54 [NMEA time, header]
# bad_flag = -9.990e-29
*END*
[from data line 445]
     29.970     30.221    13.0971  39.191505    33.2160    217.301     0.2487      8.163    96.4931 1.0000e-12 -0.4653966    24.9926  0.000e+00
     29.139     29.384    13.1151  39.209170    33.2172    218.172     0.3146      8.163    96.3640 1.0000e-12 -0.4653966    24.9900  0.000e+00
     28.639     28.880    13.1567  39.248805    33.2184    218.577     0.3732      8.167    96.2349 1.0000e-12 -0.4653966    24.9826  0.000e+00
     28.382     28.620    13.1838  39.273145    33.2178    219.211     0.3219      8.167    96.1574 1.0000e-12 -0.4653966    24.9767  0.000e+00
     27.949     28.183    13.1960  39.285060    33.2186    219.389     0.4318      8.172    96.0025 1.0000e-12 -0.4653966    24.9749  0.000e+00
     27.237     27.465    13.1983  39.288133    33.2197    220.122     0.4538      8.172    96.0541 1.0000e-12 -0.4653966    24.9753  0.000e+00
     26.483     26.705    13.2412  39.330876    33.2228    219.991     0.4685      8.176    96.0025 3.4694e-04 -0.4653966    24.9691  0.000e+00
     25.936     26.154    13.2861  39.374152    33.2245    219.078     0.4758      8.176    96.0025 1.0000e-12 -0.4653966    24.9614  0.000e+00
     25.627     25.842    13.3142  39.401538    33.2258    219.606     0.4831      8.180    96.0283 7.3199e-05 -0.4653966    24.9568  0.000e+00
     25.325     25.537    13.3340  39.420718    33.2267    219.658     0.5491      8.180    95.8734 1.4574e-03 -0.4653966    24.9535  0.000e+00
     24.746     24.954    13.3504  39.437977    33.2289    220.744     0.5637      8.185    95.8476 7.3199e-05 -0.4653966    24.9519  0.000e+00
     23.916     24.117    13.3881  39.476934    33.2329    221.052     0.5710      8.185    95.8734 1.0000e-12 -0.4653966    24.9474  0.000e+00
     23.195     23.389    13.4285  39.515521    33.2342    220.164     0.6150      8.189    95.7701 1.0000e-12 -0.4653966    24.9402  0.000e+00
     22.890     23.082    13.4364  39.522327    33.2338    220.424     0.6223      8.189    95.7443 1.0000e-12 -0.4985162    24.9383  0.000e+00
     22.788     22.979    13.4377  39.524639    33.2348    220.566     0.6003      8.189    95.7185 3.4694e-04 -0.5647556    24.9389  0.000e+00
     22.529     22.717    13.4550  39.542945    33.2370    220.421     0.6150      8.189    95.6926 7.3199e-05 -0.4653966    24.9371  0.000e+00
     22.186     22.371    13.4608  39.547890    33.2368    220.537     0.6882      8.194    95.6668 1.0000e-12 -0.4653966    24.9357  0.000e+00
     22.013     22.198    13.4604  39.548211    33.2375    219.608     0.7395      8.194    95.6668 1.0000e-12 -0.4653966    24.9363  0.000e+00
     22.043     22.228    13.4571  39.544678    33.2370    220.136     0.7029      8.194    95.6410 1.0000e-12 -0.4653966    24.9366  0.000e+00
     22.035     22.219    13.4533  39.541659    33.2375    220.926     0.7176      8.194    95.5635 1.0000e-12 -0.4653966    24.9377  0.000e+00
     21.680     21.862    13.4549  39.543327    33.2378    221.572     0.6736      8.194    95.5893 1.0000e-12 -0.4653966    24.9377  0.000e+00
     21.148     21.325    13.4674  39.555982    33.2390    220.213     0.6516      8.194    95.6152 3.4694e-04 -0.4653966    24.9360  0.000e+00
     20.687     20.860    13.4858  39.575771    33.2417    219.133     0.6882      8.198    95.5893 1.0000e-12 -0.4653966    24.9344  0.000e+00
     20.396     20.567    13.4789  39.565809    33.2385    220.499     0.7029      8.198    95.5635 1.0000e-12 -0.4653966    24.9333  0.000e+00
     20.246     20.416    13.4691  39.557520    33.2393    221.104     0.6809      8.198    95.5635 7.3199e-05 -0.4653966    24.9359  0.000e+00
     20.136     20.305    13.4859  39.574162    33.2403    220.250     0.6956      8.198    95.5377 1.0000e-12 -0.4653966    24.9333  0.000e+00
     20.194     20.363    13.4762  39.564652    33.2399    221.167     0.7249      8.198    95.5119 1.0000e-12 -0.4653966    24.9349  0.000e+00
     20.242     20.412    13.4762  39.565359    33.2405    220.297     0.6956      8.198    95.5893 3.4694e-04 -0.4653966    24.9354  0.000e+00
     20.335     20.506    13.4832  39.572299    33.2409    220.365     0.7469      8.198    95.5893 1.0000e-12 -0.4653966    24.9343  0.000e+00
     20.502     20.674    13.4848  39.573906    33.2409    220.265     0.7615      8.198    95.6152 1.0000e-12 -0.4653966    24.9340  0.000e+00
     20.644     20.817    13.4874  39.576799    33.2413    218.767     0.7469      8.198    95.5893 1.0000e-12 -0.4653966    24.9338  0.000e+00
     20.646     20.819    13.4891  39.578598    33.2415    220.248     0.7102      8.198    95.6152 1.0000e-12 -0.4653966    24.9336  0.000e+00
     20.483     20.655    13.5052  39.595050    33.2429    220.070     0.6809      8.198    95.5635 1.0000e-12 -0.4653966    24.9314  0.000e+00
     20.476     20.648    13.5049  39.593957    33.2422    219.812     0.6663      8.198    95.5377 1.0000e-12 -0.4653966    24.9309  0.000e+00
     20.726     20.900    13.5015  39.591516    33.2428    220.246     0.6589      8.198    95.5635 1.0000e-12 -0.4653966    24.9321  0.000e+00
     20.993     21.169    13.4985  39.588047    33.2420    220.421     0.6736      8.198    95.5377 1.0000e-12 -0.4653966    24.9321  0.000e+00
     21.145     21.322    13.4665  39.556303    33.2401    220.934     0.6956      8.198    95.5119 1.0000e-12 -0.4653966    24.9371  0.000e+00
     21.126     21.303    13.4632  39.553990    33.2408    221.099     0.6882      8.203    95.5377 1.0000e-12 -0.4653966    24.9383  0.000e+00
     20.935     21.110    13.4659  39.556367    33.2407    219.797     0.6443      8.198    95.5377 1.0000e-12 -0.4653966    24.9377  0.000e+00
     20.915     21.090    13.4776  39.568382    33.2419    219.894     0.6589      8.203    95.5635 1.0000e-12 -0.4653966    24.9362  0.000e+00
     21.223     21.401    13.4752  39.565042    33.2407    220.536     0.7176      8.203    95.5635 7.3199e-05 -0.4653966    24.9358  0.000e+00
     21.498     21.678    13.4581  39.549045    33.2405    221.133     0.6077      8.198    95.5893 1.0000e-12 -0.4653966    24.9391  0.000e+00
     21.364     21.543    13.4627  39.553670    33.2408    220.030     0.6809      8.198    95.5635 1.0000e-12 -0.4653966    24.9384  0.000e+00
     21.092     21.268    13.4729  39.563113    33.2410    218.127     0.6443      8.203    95.5377 1.0000e-12 -0.4653966    24.9365  0.000e+00
     21.124     21.301    13.4605  39.551613    33.2410    219.523     0.6956      8.203    95.5635 1.0000e-12 -0.4653966    24.9389  0.000e+00
     21.367     21.546    13.4643  39.554955    33.2407    220.699     0.6589      8.203    95.5377 1.0000e-12 -0.4653966    24.9380  0.000e+00
     21.491     21.671    13.4564  39.547439    33.2405    219.607     0.6443      8.203    95.5635 1.0000e-12 -0.4653966    24.9394  0.000e+00
     21.398     21.577    13.4569  39.548081    33.2407    220.472     0.6809      8.199    95.5893 1.0000e-12 -0.4653966    24.9394  0.000e+00
     21.268     21.446    13.4633  39.554697    33.2413    220.493     0.7102      8.203    95.6152 1.0000e-12 -0.4653966    24.9387  0.000e+00
     21.398     21.577    13.4719  39.562922    33.2415    220.554     0.6956      8.203    95.5635 1.0000e-12 -0.4653966    24.9370  0.000e+00
     21.751     21.933    13.4765  39.567550    33.2417    220.391     0.6443      8.203    95.5635 1.0000e-12 -0.4653966    24.9363  0.000e+00
     21.923     22.107    13.4686  39.559776    33.2412    220.019     0.6370      8.203    95.5635 1.0000e-12 -0.4653966    24.9376  0.000e+00
     21.694     21.876    13.4707  39.562024    33.2416    221.287     0.6663      8.203    95.6410 1.0000e-12 -0.4653966    24.9374  0.000e+00
     21.312     21.490    13.4750  39.565877    33.2416    219.461     0.6223      8.203    95.6152 1.0000e-12 -0.4653966    24.9366  0.000e+00
     21.213     21.391    13.4751  39.566005    33.2417    219.196     0.7176      8.203    95.5119 1.0000e-12 -0.6641145    24.9366  0.000e+00
     21.474     21.654    13.4744  39.565428    33.2417    220.600     0.7102      8.203    95.5119 1.0000e-12 -0.5978752    24.9367  0.000e+00
     21.765     21.947    13.4686  39.559839    33.2413    220.069     0.6589      8.203    95.5635 1.0000e-12 -0.4653966    24.9376  0.000e+00
     21.831     22.014    13.4682  39.559583    33.2414    219.866     0.6809      8.203    95.6152 1.0000e-12 -0.4653966    24.9378  0.000e+00
     21.752     21.934    13.4612  39.552515    33.2410    219.744     0.7322      8.203    95.6152 1.0000e-12 -0.4653966    24.9388  0.000e+00
     21.717     21.899    13.4530  39.544934    33.2409    220.499     0.7615      8.203    95.6152 1.0000e-12 -0.4653966    24.9405  0.000e+00
     21.818     22.001    13.4533  39.544742    33.2405    220.708     0.7762      8.203    95.6410 1.0000e-12 -0.4653966    24.9401  0.000e+00
     21.903     22.087    13.4519  39.543586    33.2406    221.021     0.7762      8.203    95.5635 1.0000e-12 -0.4653966    24.9404  0.000e+00
     21.797     21.980    13.4617  39.553286    33.2412    219.536     0.7176      8.203    95.6152 1.0000e-12 -0.4653966    24.9389  0.000e+00
     21.713     21.894    13.4693  39.560674    33.2416    220.162     0.7395      8.203    95.5893 1.0000e-12 -0.5978752    24.9377  0.000e+00
     21.777     21.960    13.4709  39.562281    33.2416    219.906     0.7762      8.203    95.5635 1.0000e-12 -0.6309949    24.9373  0.000e+00
     21.770     21.953    13.4683  39.559839    33.2416    218.579     0.7469      8.203    95.6152 1.0000e-12 -0.4985162    24.9379  0.000e+00
     21.628     21.809    13.4660  39.557397    33.2413    219.925     0.7322      8.203    95.6410 1.0000e-12 -0.5978752    24.9381  0.000e+00
     21.667     21.849    13.4634  39.555085    33.2415    221.070     0.7835      8.203    95.5635 1.0000e-12 -0.4653966    24.9388  0.000e+00
     22.031     22.216    13.4704  39.562282    33.2420    221.352     0.7102      8.203    95.5893 7.3199e-05 -0.4653966    24.9378  0.000e+00
     22.309     22.496    13.4768  39.568387    33.2420    220.916     0.6809      8.203    95.5635 1.0000e-12 -0.6309949    24.9365  0.000e+00
     22.142     22.327    13.4683  39.559777    33.2414    218.742     0.6736      8.203    95.5893 1.0000e-12 -0.4653966    24.9378  0.000e+00
     21.779     21.961    13.4635  39.555149    33.2414    220.190     0.6956      8.203    95.5893 1.0000e-12 -0.4653966    24.9387  0.000e+00
     21.705     21.887    13.4646  39.556370    33.2416    219.781     0.6956      8.203    95.5635 1.0000e-12 -0.6641145    24.9386  0.000e+00
     21.913     22.096    13.4724  39.563888    33.2418    219.642     0.6516      8.203    95.5635 1.0000e-12 -0.4653966    24.9372  0.000e+00
     22.000     22.185    13.4766  39.568193    33.2421    220.452     0.6589      8.203    95.5377 1.0000e-12 -0.4653966    24.9366  0.000e+00
     21.803     21.985    13.4768  39.568000    33.2418    220.391     0.6809      8.203    95.5893 1.0000e-12 -0.6641145    24.9363  0.000e+00
     21.673     21.854    13.4775  39.569092    33.2423    220.384     0.7762      8.203    95.5635 1.0000e-12 -0.5978752    24.9366  0.000e+00
     21.890     22.073    13.4825  39.574362    33.2428    220.159     0.6956      8.203    95.5893 1.0000e-12 -0.4985162    24.9359  0.000e+00
     22.193     22.379    13.4975  39.589080    33.2434    220.457     0.6809      8.203    95.4344 1.0000e-12 -0.5647556    24.9334  0.000e+00
     22.241     22.428    13.4915  39.583039    33.2430    220.845     0.7029      8.203    95.5893 1.0000e-12 -0.4653966    24.9343  0.000e+00
     22.082     22.267    13.4904  39.582460    33.2434    220.280     0.7762      8.203    95.5635 1.0000e-12 -0.6641145    24.9348  0.000e+00
     21.899     22.082    13.4915  39.583166    33.2432    220.422     0.7835      8.203    95.5377 1.0000e-12 -0.5978752    24.9345  0.000e+00
     21.746     21.928    13.4963  39.587600    33.2432    220.603     0.7688      8.203    95.5119 1.0000e-12 -0.4985162    24.9335  0.000e+00
     21.704     21.886    13.5007  39.592099    33.2436    220.016     0.7908      8.203    95.4861 1.0000e-12 -0.5316359    24.9329  0.000e+00
     21.899     22.082    13.5008  39.592356    33.2437    219.303     0.7615      8.203    95.5635 1.0000e-12 -0.6309949    24.9329  0.000e+00
     22.178     22.364    13.4816  39.572371    33.2416    221.043     0.6736      8.203    95.5893 1.0000e-12 -0.4653966    24.9352  0.000e+00
     22.241     22.428    13.4747  39.567423    33.2430    220.412     0.6809      8.203    95.5377 1.0000e-12 -0.4653966    24.9377  0.000e+00
     22.161     22.347    13.4823  39.574684    33.2432    220.265     0.6956      8.203    95.5377 1.0000e-12 -0.4653966    24.9363  0.000e+00
     22.109     22.294    13.4872  39.579375    33.2433    220.143     0.7688      8.203    95.5893 1.0000e-12 -0.6309949    24.9354  0.000e+00
     21.997     22.182    13.5001  39.591586    33.2435    219.668     0.8348      8.203    95.5377 1.0000e-12 -0.4653966    24.9329  0.000e+00
     21.850     22.034    13.5039  39.594349    33.2429    220.419     0.7615      8.203    95.5635 1.0000e-12 -0.6972342    24.9317  0.000e+00
     21.776     21.958    13.5054  39.596341    33.2435    221.126     0.8128      8.203    95.5635 1.0000e-12 -0.5647556    24.9318  0.000e+00
     21.976     22.160    13.4969  39.588050    33.2430    220.607     0.7176      8.203    95.5377 1.0000e-12 -0.7303538    24.9332  0.000e+00
     22.236     22.422    13.4803  39.571728    33.2420    219.560     0.6589      8.203    95.5377 1.0000e-12 -0.6309949    24.9358  0.000e+00
     22.253     22.439    13.4603  39.553417    33.2424    220.576     0.7029      8.203    95.5635 1.0000e-12 -0.4985162    24.9401  0.000e+00
     22.145     22.331    13.4854  39.578026    33.2436    221.587     0.7395      8.203    95.5893 1.0000e-12 -0.7303538    24.9360  0.000e+00
     22.171     22.356    13.4815  39.573335    33.2425    219.759     0.7249      8.203    95.5893 1.0000e-12 -0.5647556    24.9360  0.000e+00
     22.219     22.405    13.4771  39.568901    33.2423    219.008     0.7249      8.203    95.5377 1.0000e-12 -0.5978752    24.9367  0.000e+00
     22.068     22.252    13.4748  39.567166    33.2427    220.559     0.7176      8.203    95.4344 1.0000e-12 -0.4653966    24.9374  0.000e+00
     21.802     21.985    13.4737  39.565494    33.2422    221.123     0.7102      8.203    95.5119 1.0000e-12 -0.4653966    24.9373  0.000e+00
     21.716     21.898    13.4765  39.568578    33.2426    219.975     0.8641      8.203    95.5377 1.0000e-12 -0.5978752    24.9370  0.000e+00
     21.926     22.110    13.4825  39.574555    33.2429    220.464     0.7249      8.203    95.5893 1.0000e-12 -0.4985162    24.9360  0.000e+00
     22.282     22.469    13.4909  39.582910    33.2433    221.207     0.6589      8.203    95.5635 1.0000e-12 -0.4653966    24.9346  0.000e+00
     22.454     22.642    13.4699  39.561770    33.2417    220.898     0.6443      8.208    95.5635 1.0000e-12 -0.5647556    24.9377  0.000e+00
     22.310     22.497    13.4826  39.574877    33.2430    219.909     0.7029      8.208    95.4861 1.0000e-12 -0.7303538    24.9361  0.000e+00
     22.045     22.230    13.4955  39.587087    33.2433    220.560     0.7176      8.203    95.5377 1.0000e-12 -0.6972342    24.9337  0.000e+00
     21.936     22.120    13.4895  39.580660    33.2426    221.358     0.7469      8.208    95.5119 1.0000e-12 -0.7303538    24.9343  0.000e+00
     22.079     22.264    13.4725  39.564852    33.2425    220.308     0.7249      8.208    95.5377 1.0000e-12 -0.7303538    24.9378  0.000e+00
     22.240     22.426    13.4798  39.572114    33.2429    220.431     0.6516      8.203    95.5893 1.0000e-12 -0.6309949    24.9366  0.000e+00
     22.135     22.321    13.5001  39.591907    33.2437    220.389     0.6516      8.208    95.5635 1.0000e-12 -0.6309949    24.9331  0.000e+00
