Arg_L2_SF03_NV.cnv
* Sea-Bird SBE 9 Data File:
* FileName = S:\CTD_Data\CTD\Data\Argentina 2014\Data\Arg_L2_SF03.hex
* Software Version Seasave V 7.21g
* Temperature SN = 5769
* Conductivity SN = 4244
* Number of Bytes Per Scan = 31
* Number of Voltage Words = 4
* Number of Scans Averaged by the Deck Unit = 24
* NMEA Latitude = 45 56.69 S
* NMEA Longitude = 065 33.77 W
* NMEA UTC (Time) = Feb 07 2014 21:08:30
* NMEA baud rate = 9600
** R/V Coriolis II
** MARES project, ARGENTINA 2014
** Chief scientist : Dr. Gustavo Ferreyra
** Co-Chief scientist : Dr. José Luis Esteves
# nquan = 13
# nvalues = 641                                   
# units = specified
# name 0 = depSM: Depth [salt water, m]
# name 1 = prDM: Pressure, Digiquartz [db]
# name 2 = t090C: Temperature [ITS-90, deg C]
# name 3 = c0mS/cm: Conductivity [mS/cm]
# name 4 = sal00: Salinity, Practical [PSU]
# name 5 = sbeox0Mm/Kg: Oxygen, SBE 43 [umol/Kg]
# name 6 = flECO-AFL: Fluorescence, WET Labs ECO-AFL/FL [mg/m^3]
# name 7 = ph: pH
# name 8 = CStarTr0: Beam Transmission, WET Labs C-Star [%]
# name 9 = par: PAR/Irradiance, Biospherical/Licor
# name 10 = upoly0: Upoly 0, Nitrate
# name 11 = sigma-é00: Density [sigma-theta, Kg/m^3]
# name 12 = flag:  0.000e+00
# span 0 =     -0.415,     80.841                 
# span 1 =     -0.418,     81.525                 
# span 2 =     9.4636,    14.0688                 
# span 3 =   3.735515,  39.751513                 
# span 4 =     2.5633,    33.2971                 
# span 5 =    140.075,    273.972                 
# span 6 =    -0.0810,     1.2011                 
# span 7 =      7.828,      8.235                 
# span 8 =    44.1008,    97.2936                 
# span 9 = 1.0000e-12, 2.5282e+02                 
# span 10 = -0.7634735,  14.736526                
# span 11 =     1.2671,    25.7101                
# span 12 = 0.0000e+00, 0.0000e+00                
# interval = seconds: 1
# start_time = Feb 07 2014 21:08:30 [NMEA time, header]
# bad_flag = -9.990e-29
*END*
[from data line 112]
     68.619     69.198    10.1347  36.459639    33.1814    176.140    -0.0297      7.968    73.8733 4.8745e-02  2.9459282    25.5108  0.000e+00
     69.393     69.979    10.1104  36.442045    33.1855    174.627    -0.0297      7.963    73.2019 3.7917e-02  3.0784068    25.5181  0.000e+00
     70.164     70.757    10.0987  36.433965    33.1877    174.093    -0.0297      7.958    71.7042 3.0929e-02  3.0452872    25.5218  0.000e+00
     70.779     71.377    10.0920  36.428994    33.1886    173.706    -0.0297      7.958    70.7488 2.5957e-02  3.0452872    25.5236  0.000e+00
     71.288     71.891    10.0789  36.419609    33.1908    172.543    -0.0077      7.954    70.6972 2.0711e-02  2.3166547    25.5275  0.000e+00
     71.810     72.417    10.0621  36.407677    33.1939    171.988    -0.0224      7.954    70.7747 1.6928e-02  2.8796889    25.5328  0.000e+00
     72.420     73.032    10.0486  36.398294    33.1965    171.424    -0.0297      7.949    70.6972 1.1977e-02  3.4096034    25.5371  0.000e+00
     73.118     73.736    10.0277  36.383134    33.2000    170.357    -0.0150      7.945    70.2840 8.8324e-03  3.6745607    25.5434  0.000e+00
     73.821     74.445     9.9901  36.356919    33.2076    169.775    -0.0077      7.940    70.0258 6.1579e-03  3.7076803    25.5556  0.000e+00
     74.493     75.123     9.9521  36.330588    33.2155    168.761    -0.0077      7.935    69.9484 3.6082e-03  3.3433641    25.5681  0.000e+00
     75.190     75.826     9.9241  36.310534    33.2205    167.012    -0.0077      7.931    69.8193 6.2223e-04  3.1777658    25.5767  0.000e+00
     75.875     76.517     9.8947  36.289678    33.2260    164.663    -0.0077      7.921    69.5869 1.0000e-12  3.1115265    25.5859  0.000e+00
     76.454     77.100     9.8838  36.280803    33.2268    162.518    -0.0077      7.917    69.6901 1.0000e-12  2.7803299    25.5884  0.000e+00
     76.988     77.640     9.8559  36.260884    33.2320    160.961    -0.0004      7.917    69.6901 1.0000e-12  2.6147316    25.5970  0.000e+00
     77.590     78.247     9.8229  36.237061    33.2378    159.855    -0.0077      7.912    69.1995 1.0000e-12  2.6809709    25.6070  0.000e+00
     78.319     78.982     9.6541  36.110161    33.2637    159.184    -0.0077      7.903    68.7089 1.0000e-12  2.9128085    25.6551  0.000e+00
     79.056     79.725     9.4938  35.996554    33.2953    157.313    -0.0150      7.880    66.8498 1.0000e-12  3.4758427    25.7059  0.000e+00
     79.565     80.239     9.4768  35.983130    33.2971    152.323     0.0143      7.866    62.0469 1.0000e-12  3.4427231    25.7101  0.000e+00
     79.636     80.310     9.4844  35.987585    33.2945    145.586     0.0143      7.866    59.8521 1.0000e-12  3.7408000    25.7068  0.000e+00
     79.622     80.296     9.4984  35.996308    33.2905    141.825     0.0069      7.866    60.0586 1.0000e-12  3.6745607    25.7014  0.000e+00
     79.921     80.598     9.4787  35.981832    33.2938    141.310     0.0216      7.861    59.5680 1.0000e-12  2.5816120    25.7072  0.000e+00
     80.286     80.966     9.4804  35.982452    33.2927    141.689     0.0143      7.857    58.6126 1.0000e-12  3.1777658    25.7061  0.000e+00
     80.269     80.948     9.4841  35.984803    33.2917    141.835     0.0069      7.857    59.2323 1.0000e-12  2.4160137    25.7047  0.000e+00
     79.912     80.589     9.4996  35.995381    33.2883    142.166     0.0143      7.857    58.6643 1.0000e-12  2.2835350    25.6995  0.000e+00
     79.682     80.357     9.4968  35.993091    33.2887    142.441     0.0216      7.857    58.5868 1.0000e-12  3.5089624    25.7003  0.000e+00
     79.752     80.427     9.4793  35.980037    33.2915    142.379     0.0362      7.852    58.8450 1.0000e-12  3.3102444    25.7053  0.000e+00
     79.973     80.651     9.4774  35.978429    33.2914    142.441     0.0216      7.852    58.6643 1.0000e-12  4.2707145    25.7056  0.000e+00
     80.046     80.724     9.4715  35.973790    33.2922    142.236     0.0143      7.852    58.7676 1.0000e-12  4.2044752    25.7071  0.000e+00
     79.899     80.576     9.4705  35.972800    33.2921    141.735     0.0143      7.852    58.3028 1.0000e-12  2.7472103    25.7072  0.000e+00
     79.784     80.460     9.4803  35.980037    33.2905    141.646     0.0143      7.852    58.3286 1.0000e-12  2.7140906    25.7044  0.000e+00
     79.831     80.507     9.4892  35.986533    33.2889    141.563     0.0143      7.852    58.3544 1.0000e-12  3.2771248    25.7017  0.000e+00
     79.946     80.623     9.4919  35.987709    33.2875    141.668     0.0143      7.852    58.9999 1.0000e-12  3.5420821    25.7002  0.000e+00
     80.117     80.795     9.4674  35.969522    33.2915    141.855     0.0069      7.847    60.0070 1.0000e-12  3.5420821    25.7073  0.000e+00
     80.175     80.854     9.4636  35.966862    33.2923    141.700     0.0069      7.847    60.4460 1.0000e-12  3.2108855    25.7085  0.000e+00
     79.826     80.502     9.4767  35.976882    33.2906    141.486     0.0143      7.843    60.5751 1.0000e-12  2.9790479    25.7050  0.000e+00
     79.333     80.005     9.5272  36.014562    33.2827    140.716     0.0143      7.847    60.6525 1.0000e-12  3.5420821    25.6906  0.000e+00
     79.364     80.036     9.5349  36.019389    33.2805    140.970     0.0143      7.847    60.7816 1.0000e-12  4.3369538    25.6877  0.000e+00
     79.949     80.626     9.5128  36.002930    33.2838    142.486     0.0143      7.847    59.9295 1.0000e-12  4.4031932    25.6939  0.000e+00
     80.363     81.044     9.4867  35.984431    33.2888    143.017     0.0069      7.843    60.6525 1.0000e-12  4.6350308    25.7020  0.000e+00
     80.037     80.715     9.5070  35.999155    33.2853    142.396     0.0216      7.842    61.2206 1.0000e-12  4.3700735    25.6960  0.000e+00
     79.455     80.127     9.5183  36.006641    33.2828    142.075     0.0069      7.842    61.0915 1.0000e-12  3.8070393    25.6922  0.000e+00
     79.250     79.921     9.5221  36.009982    33.2828    141.616     0.0216      7.842    61.0657 1.0000e-12  2.3497744    25.6915  0.000e+00
     79.425     80.097     9.5169  36.006084    33.2835    142.078     0.0143      7.842    60.5493 1.0000e-12  3.2108855    25.6929  0.000e+00
     79.638     80.312     9.5104  36.001320    33.2845    142.378     0.0069      7.842    60.5234 1.0000e-12  3.2440051    25.6948  0.000e+00
     79.775     80.451     9.5061  35.998103    33.2851    142.561     0.0069      7.842    60.9108 1.0000e-12  3.0784068    25.6960  0.000e+00
     79.813     80.489     9.5014  35.994514    33.2858    142.133     0.0069      7.842    60.5751 1.0000e-12  2.8465692    25.6972  0.000e+00
     79.686     80.360     9.4989  35.992596    33.2862    141.862    -0.0004      7.842    59.9037 1.0000e-12  2.8465692    25.6980  0.000e+00
     79.509     80.183     9.5003  35.993771    33.2862    142.131    -0.0004      7.838    59.8779 1.0000e-12  2.8465692    25.6978  0.000e+00
     79.573     80.247     9.5060  35.997050    33.2843    141.673     0.0069      7.842    60.7558 1.0000e-12  2.9128085    25.6953  0.000e+00
     79.738     80.413     9.4887  35.984800    33.2877    141.284     0.0143      7.838    60.5493 1.0000e-12  3.0452872    25.7008  0.000e+00
     79.668     80.343     9.4924  35.987584    33.2871    141.104     0.0143      7.838    60.2136 1.0000e-12  3.3102444    25.6997  0.000e+00
     79.471     80.144     9.4980  35.991543    33.2861    141.361    -0.0004      7.838    60.1361 1.0000e-12  3.6414410    25.6980  0.000e+00
     79.343     80.015     9.5078  35.998720    33.2844    141.162     0.0143      7.838    60.9366 1.0000e-12  3.7739197    25.6951  0.000e+00
     79.292     79.963     9.5041  35.995626    33.2846    141.616     0.0143      7.838    61.1948 1.0000e-12  3.7739197    25.6959  0.000e+00
     79.387     80.059     9.4979  35.991171    33.2858    141.913     0.0143      7.838    60.8075 1.0000e-12  4.0057573    25.6978  0.000e+00
     79.724     80.399     9.4901  35.985295    33.2868    141.666     0.0143      7.838    60.3169 1.0000e-12  4.3369538    25.6999  0.000e+00
     79.982     80.660     9.4809  35.978615    33.2884    141.255     0.0143      7.833    59.3356 1.0000e-12  3.7739197    25.7026  0.000e+00
     79.705     80.380     9.4894  35.985233    33.2874    141.224     0.0069      7.833    59.1807 1.0000e-12  2.8465692    25.7005  0.000e+00
     79.203     79.873     9.5061  35.997110    33.2844    140.998     0.0069      7.838    59.8262 1.0000e-12  3.2108855    25.6954  0.000e+00
     79.096     79.766     9.5103  36.000142    33.2836    140.984     0.0143      7.838    60.0070 1.0000e-12  3.1446462    25.6941  0.000e+00
     79.373     80.045     9.4976  35.990738    33.2856    141.303     0.0143      7.838    59.3615 1.1775e-03  3.1115265    25.6977  0.000e+00
     79.526     80.200     9.4908  35.985604    33.2866    141.771     0.0143      7.833    59.4647 1.0381e-03  3.0784068    25.6996  0.000e+00
     79.361     80.033     9.4916  35.986222    33.2866    141.765     0.0143      7.833    59.8004 1.0000e-12  2.8796889    25.6995  0.000e+00
     79.218     79.889     9.5021  35.993893    33.2848    141.454     0.0143      7.833    59.9812 1.0381e-03  3.8070393    25.6963  0.000e+00
     79.362     80.034     9.5079  35.998101    33.2836    140.997     0.0143      7.833    60.5493 3.4694e-04  4.0388769    25.6945  0.000e+00
     79.442     80.114     9.4940  35.987707    33.2858    141.483    -0.0004      7.833    61.1432 4.8439e-04  3.8401590    25.6985  0.000e+00
     79.300     79.971     9.5040  35.995502    33.2847    141.727    -0.0077      7.833    60.3427 2.0988e-04  3.1777658    25.6959  0.000e+00
     79.352     80.024     9.5056  35.996307    33.2840    141.447    -0.0077      7.833    60.1361 7.6046e-04  3.2108855    25.6952  0.000e+00
     79.640     80.315     9.4995  35.992038    33.2851    141.471     0.0143      7.833    59.6197 7.6046e-04  2.3828940    25.6971  0.000e+00
     79.660     80.335     9.4963  35.989749    33.2857    141.481     0.0289      7.833    59.5938 1.1775e-03  2.7472103    25.6980  0.000e+00
     79.287     79.958     9.5007  35.992841    33.2850    141.461     0.0143      7.833    59.3615 2.0988e-04  4.4694325    25.6967  0.000e+00
     78.876     79.544     9.5036  35.994820    33.2845    141.444     0.0069      7.833    59.6197 3.4694e-04  2.7472103    25.6959  0.000e+00
     78.835     79.502     9.5117  36.000636    33.2830    141.419     0.0143      7.833    59.7488 6.2223e-04  3.2440051    25.6934  0.000e+00
     79.159     79.829     9.5008  35.992408    33.2844    141.459     0.0143      7.833    59.0258 2.0221e-03  3.1446462    25.6963  0.000e+00
     79.435     80.108     9.4855  35.981582    33.2875    141.510     0.0069      7.833    59.3356 1.3173e-03  2.4822530    25.7011  0.000e+00
     79.506     80.179     9.4850  35.981025    33.2873    141.513     0.0143      7.833    60.1619 8.9907e-04  2.4822530    25.7011  0.000e+00
     79.490     80.164     9.4798  35.977190    33.2882    141.528     0.0143      7.828    58.6384 3.4694e-04  2.5484923    25.7026  0.000e+00
     79.310     79.982     9.4754  35.973849    33.2889    141.095     0.0069      7.828    58.2253 8.9907e-04  2.4822530    25.7039  0.000e+00
     78.920     79.588     9.5122  36.001936    33.2838    140.533     0.0069      7.828    59.5422 1.1775e-03  2.4160137    25.6940  0.000e+00
     78.734     79.400     9.5579  36.035232    33.2757    140.227     0.0362      7.833    60.7816 4.8439e-04  3.1115265    25.6801  0.000e+00
     78.991     79.659     9.6033  36.067612    33.2668    140.813     0.0509      7.837    60.8849 7.6046e-04  3.7408000    25.6658  0.000e+00
     79.272     79.943     9.5602  36.036038    33.2742    142.549     0.0289      7.838    61.1948 1.0000e-12  3.2771248    25.6786  0.000e+00
     79.233     79.904     9.5236  36.011034    33.2824    144.598    -0.0004      7.833    64.3450 7.3199e-05  2.7140906    25.6910  0.000e+00
     79.039     79.708     9.5658  36.041113    33.2743    144.519    -0.0077      7.838    64.0094 2.0988e-04  2.6809709    25.6778  0.000e+00
     79.017     79.686     9.5579  36.035047    33.2754    143.168     0.0069      7.838    63.4671 2.0988e-04  3.0452872    25.6800  0.000e+00
     79.223     79.894     9.5363  36.019141    33.2790    143.130     0.0069      7.838    63.0281 8.9907e-04  3.0121675    25.6863  0.000e+00
     79.389     80.062     9.5178  36.005526    33.2821    143.190     0.0143      7.833    61.7371 7.6046e-04  3.2440051    25.6917  0.000e+00
     79.313     79.984     9.5177  36.005959    33.2827    142.913    -0.0004      7.833    60.9624 1.0000e-12  4.1382359    25.6922  0.000e+00
     79.046     79.715     9.5196  36.006701    33.2818    142.460    -0.0004      7.833    61.2723 2.0988e-04  3.7076803    25.6912  0.000e+00
     78.799     79.466     9.5356  36.018768    33.2795    141.521     0.0069      7.833    61.8662 1.3173e-03  3.6745607    25.6867  0.000e+00
     78.796     79.463     9.5310  36.013940    33.2788    141.812    -0.0004      7.833    63.1572 2.0221e-03  3.0784068    25.6870  0.000e+00
     79.021     79.691     9.5149  36.003483    33.2829    142.416    -0.0004      7.833    64.9131 1.1775e-03  2.1510564    25.6928  0.000e+00
     79.229     79.900     9.5088  35.998348    33.2831    142.439     0.0069      7.833    61.9178 2.0221e-03  3.1446462    25.6940  0.000e+00
     79.258     79.930     9.4982  35.991480    33.2859    142.028     0.0069      7.833    60.4201 1.1775e-03  3.6083214    25.6979  0.000e+00
     79.239     79.910     9.5139  36.003793    33.2840    141.536     0.0069      7.833    61.5047 1.4574e-03  3.5420821    25.6938  0.000e+00
     79.152     79.822     9.5352  36.019450    33.2803    141.304     0.0143      7.833    63.6479 4.8439e-04  3.2440051    25.6875  0.000e+00
     78.949     79.618     9.5314  36.013631    33.2780    141.590     0.0069      7.833    63.2347 4.8439e-04  3.5089624    25.6863  0.000e+00
     78.838     79.506     9.5162  36.005091    33.2833    142.350    -0.0004      7.833    63.6479 8.9907e-04  3.5420821    25.6929  0.000e+00
     78.949     79.618     9.5093  35.997852    33.2823    142.819    -0.0004      7.833    61.7112 6.2223e-04  3.4758427    25.6933  0.000e+00
     79.126     79.796     9.4831  35.977869    33.2859    142.183     0.0069      7.828    60.4976 1.0000e-12  3.3433641    25.7003  0.000e+00
     79.226     79.897     9.4768  35.974900    33.2888    141.482     0.0289      7.828    59.2840 7.6046e-04  3.1446462    25.7036  0.000e+00
     79.359     80.031     9.4826  35.979912    33.2884    140.856     0.0216      7.828    58.2511 1.0000e-12  2.8796889    25.7023  0.000e+00
     79.393     80.065     9.4970  35.990676    33.2861    140.646     0.0216      7.828    59.7488 4.8439e-04  3.0121675    25.6982  0.000e+00
     79.166     79.836     9.5362  36.020316    33.2803    140.191     0.0069      7.833    61.6079 1.0381e-03  3.1777658    25.6873  0.000e+00
     78.948     79.616     9.5613  36.034737    33.2720    140.834    -0.0004      7.833    62.7699 7.6046e-04  3.1777658    25.6767  0.000e+00
     78.922     79.590     9.4962  35.988509    33.2848    142.467     0.0069      7.833    63.0540 1.0000e-12  2.8134496    25.6973  0.000e+00
     78.993     79.662     9.5124  36.000698    33.2823    142.585     0.0143      7.833    63.9577 3.4694e-04  3.4758427    25.6928  0.000e+00
     79.106     79.776     9.4859  35.981890    33.2875    142.115     0.0143      7.833    64.1385 1.0000e-12  3.9395179    25.7011  0.000e+00
     79.180     79.851     9.5073  35.997729    33.2839    141.332     0.0069      7.828    63.2089 2.0988e-04  3.9063983    25.6948  0.000e+00
     79.172     79.842     9.5342  36.017964    33.2798    140.808     0.0069      7.833    63.2864 7.6046e-04  1.8860991    25.6872  0.000e+00
