Arg_L2_SF10_NV.cnv
* Sea-Bird SBE 9 Data File:
* FileName = S:\CTD_Data\CTD\Data\Argentina 2014\Data\Arg_L2_SF10.hex
* Software Version Seasave V 7.21g
* Temperature SN = 5769
* Conductivity SN = 4244
* Number of Bytes Per Scan = 31
* Number of Voltage Words = 4
* Number of Scans Averaged by the Deck Unit = 24
* NMEA Latitude = 45 56.73 S
* NMEA Longitude = 065 33.12 W
* NMEA UTC (Time) = Feb 08 2014 20:00:52
* NMEA baud rate = 9600
** R/V Coriolis II
** MARES project, ARGENTINA 2014
** Chief scientist : Dr. Gustavo Ferreyra
** Co-Chief scientist : Dr. José Luis Esteves
# nquan = 13
# nvalues = 643                                   
# units = specified
# name 0 = depSM: Depth [salt water, m]
# name 1 = prDM: Pressure, Digiquartz [db]
# name 2 = t090C: Temperature [ITS-90, deg C]
# name 3 = c0mS/cm: Conductivity [mS/cm]
# name 4 = sal00: Salinity, Practical [PSU]
# name 5 = sbeox0Mm/Kg: Oxygen, SBE 43 [umol/Kg]
# name 6 = flECO-AFL: Fluorescence, WET Labs ECO-AFL/FL [mg/m^3]
# name 7 = ph: pH
# name 8 = CStarTr0: Beam Transmission, WET Labs C-Star [%]
# name 9 = par: PAR/Irradiance, Biospherical/Licor
# name 10 = upoly0: Upoly 0, Nitrate
# name 11 = sigma-é00: Density [sigma-theta, Kg/m^3]
# name 12 = flag:  0.000e+00
# span 0 =     -0.289,     80.562                 
# span 1 =     -0.291,     81.245                 
# span 2 =     9.0689,    14.2229                 
# span 3 =   1.885814,  40.261960                 
# span 4 =     1.2313,    33.3313                 
# span 5 =    131.514,    270.925                 
# span 6 =    -0.3447,    19.1498                 
# span 7 =      7.782,      8.253                 
# span 8 =    37.3097,    97.2936                 
# span 9 = 2.7370e-03, 1.3470e+03                 
# span 10 = -0.7634735,  4.4363128                
# span 11 =     0.1789,    25.8005                
# span 12 = 0.0000e+00, 0.0000e+00                
# interval = seconds: 1
# start_time = Feb 08 2014 20:00:52 [NMEA time, header]
# bad_flag = -9.990e-29
*END*
[from data line 223]
     79.889     80.566     9.0737  35.648125    33.3262    131.582     0.0069      7.782    60.0070 1.0466e-02  2.5153726    25.7973  0.000e+00
     79.964     80.642     9.0735  35.647941    33.3263    132.322     0.0143      7.782    59.8262 9.9713e-03  2.1510564    25.7974  0.000e+00
     80.236     80.915     9.0729  35.647202    33.3259    131.876     0.0216      7.782    59.6197 8.6715e-03  2.9128085    25.7972  0.000e+00
     80.406     81.087     9.0726  35.646833    33.3257    132.048     0.0143      7.782    59.7488 8.0324e-03  3.1115265    25.7971  0.000e+00
     80.292     80.972     9.0733  35.647880    33.3262    131.875     0.0069      7.782    60.5751 7.4005e-03  3.1777658    25.7974  0.000e+00
     79.947     80.625     9.0739  35.648249    33.3262    132.036     0.0143      7.782    60.2910 8.3511e-03  3.1777658    25.7973  0.000e+00
     79.743     80.418     9.0739  35.648125    33.3261    132.317     0.0216      7.782    60.0586 1.0136e-02  2.7803299    25.7972  0.000e+00
     79.947     80.625     9.0736  35.648064    33.3263    132.037     0.0143      7.782    59.5422 8.3511e-03  3.3102444    25.7974  0.000e+00
     80.281     80.961     9.0728  35.647449    33.3262    132.045    -0.0004      7.782    58.8967 7.7156e-03  3.1777658    25.7975  0.000e+00
     80.275     80.955     9.0723  35.647017    33.3263    132.047     0.0069      7.782    59.0516 9.1555e-03  2.2835350    25.7976  0.000e+00
     80.018     80.696     9.0745  35.648804    33.3261    131.583     0.0216      7.782    59.3098 9.1555e-03  1.7536205    25.7971  0.000e+00
     79.885     80.562     9.0742  35.648495    33.3262    131.581     0.0216      7.782    59.6197 9.6436e-03  2.1841761    25.7972  0.000e+00
     79.997     80.675     9.0747  35.648927    33.3261    132.320     0.0216      7.782    59.5680 7.8738e-03  2.1510564    25.7971  0.000e+00
     80.251     80.931     9.0745  35.648866    33.3261    131.871     0.0362      7.782    59.5938 8.0324e-03  1.8860991    25.7971  0.000e+00
     80.356     81.037     9.0736  35.648250    33.3263    131.591     0.0289      7.782    60.3685 7.2437e-03  3.5752017    25.7974  0.000e+00
     80.189     80.868     9.0749  35.649236    33.3261    131.869     0.0069      7.782    60.6009 7.2437e-03  3.4427231    25.7971  0.000e+00
     79.947     80.624     9.0759  35.649790    33.3259    131.863     0.0143      7.782    60.3943 1.0466e-02  2.9128085    25.7968  0.000e+00
     79.827     80.503     9.0765  35.650282    33.3259    131.859     0.0216      7.782    60.6784 9.8073e-03  2.1841761    25.7967  0.000e+00
     79.888     80.564     9.0765  35.650283    33.3259    131.860     0.0143      7.782    60.8849 9.3178e-03  2.4491333    25.7966  0.000e+00
     80.051     80.729     9.0738  35.648188    33.3261    131.871     0.0289      7.782    60.8591 9.1555e-03  2.4491333    25.7972  0.000e+00
     80.217     80.896     9.0738  35.648373    33.3263    131.873     0.0143      7.782    60.6009 9.4805e-03  3.3102444    25.7973  0.000e+00
     80.247     80.927     9.0749  35.649051    33.3259    131.871     0.0216      7.782    60.7042 9.6436e-03  3.5752017    25.7969  0.000e+00
     80.003     80.680     9.0740  35.648434    33.3263    131.869     0.0143      7.782    60.7300 9.4805e-03  2.3166547    25.7973  0.000e+00
     79.289     79.960     9.0787  35.652007    33.3259    131.843     0.0143      7.782    60.5493 9.4805e-03  3.2108855    25.7963  0.000e+00
     78.645     79.310     9.0798  35.652497    33.3256    132.282     0.0216      7.782    59.9812 1.5834e-02  2.4160137    25.7959  0.000e+00
     78.122     78.784     9.0809  35.653050    33.3255    131.818     0.0289      7.782    59.8262 2.0130e-02  1.9523385    25.7956  0.000e+00
     77.513     78.169     9.0838  35.655329    33.3254    131.514     0.0216      7.782    60.0586 2.6377e-02  2.0516974    25.7950  0.000e+00
     76.655     77.303     9.0866  35.657237    33.3252    131.776     0.0143      7.782    60.4201 3.1827e-02  2.6478513    25.7944  0.000e+00
     75.788     76.429     9.0955  35.663953    33.3241    132.187     0.0143      7.782    60.2652 4.0380e-02  2.4491333    25.7922  0.000e+00
     75.179     75.815     9.0914  35.660376    33.3246    132.641     0.0289      7.782    60.7300 4.4730e-02  2.5153726    25.7932  0.000e+00
     74.754     75.386     9.0904  35.659388    33.3247    132.353     0.0069      7.782    61.8145 5.0956e-02  2.9459282    25.7934  0.000e+00
     74.212     74.839     9.0992  35.667832    33.3255    132.033     0.0216      7.787    62.8990 5.5239e-02  2.3166547    25.7926  0.000e+00
     73.392     74.012     9.1846  35.739065    33.3199    131.767     0.0289      7.791    63.2864 6.7584e-02  2.8465692    25.7747  0.000e+00
     72.470     73.082     9.2395  35.783497    33.3151    132.488     0.0143      7.796    64.1385 8.2497e-02  3.1115265    25.7622  0.000e+00
     71.702     72.308     9.3093  35.837956    33.3068    133.611     0.0143      7.801    64.9906 9.8086e-02  2.8134496    25.7445  0.000e+00
     71.137     71.738     9.2718  35.805964    33.3089    134.946     0.0069      7.805    66.3850 1.0788e-01  1.3230650    25.7521  0.000e+00
     70.601     71.197     9.3668  35.883857    33.3011    135.592     0.0069      7.805    67.1596 1.1785e-01  2.2172957    25.7308  0.000e+00
     69.994     70.585     9.5158  36.016016    33.2990    135.777     0.0143      7.814    68.2441 1.2649e-01  1.1574667    25.7050  0.000e+00
     69.350     69.935     9.7060  36.179980    33.2912    136.274     0.0069      7.823    71.0845 1.3923e-01  0.7269111    25.6679  0.000e+00
     68.644     69.223     9.7759  36.238276    33.2865    139.757    -0.0004      7.837    72.4531 1.5346e-01  3.2440051    25.6527  0.000e+00
     67.834     68.407     9.8004  36.261914    33.2883    143.533    -0.0004      7.846    71.7042 1.7247e-01  2.3828940    25.6500  0.000e+00
     66.964     67.529     9.8573  36.313431    33.2887    145.134     0.0069      7.856    73.8474 1.9259e-01  2.2835350    25.6409  0.000e+00
     66.183     66.741     9.9041  36.354977    33.2883    146.503     0.0143      7.860    78.8569 2.1454e-01  2.0516974    25.6328  0.000e+00
     65.613     66.166     9.9475  36.394677    33.2889    148.152    -0.0077      7.869    81.4390 2.2898e-01  1.3561846    25.6260  0.000e+00
     65.156     65.706     9.9649  36.407913    33.2865    149.897    -0.0224      7.874    77.9531 2.4011e-01  1.8860991    25.6212  0.000e+00
     64.538     65.082    10.0078  36.452239    33.2923    151.105    -0.0150      7.879    78.7019 2.5766e-01  0.7269111    25.6186  0.000e+00
     63.792     64.329    10.0258  36.459511    33.2835    152.416    -0.0150      7.883    82.8592 2.8181e-01  0.1638769    25.6087  0.000e+00
     63.141     63.673    10.0308  36.459259    33.2789    154.466     0.0069      7.888    84.3827 3.0786e-01  0.7600308    25.6042  0.000e+00
     62.442     62.968    10.0331  36.457328    33.2751    156.093    -0.0077      7.893    85.0024 3.3380e-01  0.7600308    25.6009  0.000e+00
     61.581     62.099    10.0285  36.451542    33.2738    157.475    -0.0224      7.897    85.6996 3.7333e-01  3.0452872    25.6006  0.000e+00
     60.760     61.272    10.0301  36.451228    33.2724    158.670    -0.0224      7.897    87.0682 4.1695e-01  2.5484923    25.5992  0.000e+00
     60.185     60.692    10.0374  36.454708    33.2695    158.563    -0.0224      7.902    87.6104 4.4944e-01  0.5613128    25.5957  0.000e+00
     59.723     60.226    10.0325  36.449109    33.2686    158.766    -0.0224      7.902    87.5071 4.7528e-01 -0.2666786    25.5958  0.000e+00
     58.988     59.484    10.0199  36.425976    33.2570    159.369    -0.0224      7.902    88.1269 5.1184e-01 -0.3329179    25.5889  0.000e+00
     58.023     58.512     9.9845  36.387064    33.2505    159.185    -0.0224      7.902    89.0306 5.7853e-01  0.3294752    25.5897  0.000e+00
     57.171     57.651     9.9649  36.366991    33.2484    159.204    -0.0077      7.907    89.1856 6.5316e-01  1.1574667    25.5913  0.000e+00
     56.627     57.103     9.9819  36.396444    33.2630    159.179    -0.0077      7.907    89.5729 7.1277e-01  2.0185778    25.5999  0.000e+00
     56.318     56.792     9.9788  36.392093    33.2616    158.389    -0.0297      7.907    89.8569 7.4111e-01  0.0313983    25.5993  0.000e+00
     55.560     56.028     9.9183  36.301152    33.2251    158.530    -0.0150      7.907    90.1410 8.0818e-01 -0.4653966    25.5809  0.000e+00
     54.483     54.941     9.9164  36.294877    33.2209    158.520    -0.0150      7.907    90.4250 9.3195e-01 -0.3660376    25.5779  0.000e+00
     53.564     54.014     9.9402  36.318281    33.2232    158.579    -0.0150      7.907    90.3992 1.0831e+00  0.7931504    25.5757  0.000e+00
     53.105     53.551     9.9414  36.324055    33.2283    159.851    -0.0297      7.907    90.3734 1.1587e+00  0.3625949    25.5795  0.000e+00
     52.884     53.329     9.9389  36.323123    33.2297    160.450    -0.0224      7.912    90.3217 1.1862e+00  0.3294752    25.5810  0.000e+00
     52.342     52.782     9.9509  36.334982    33.2309    160.027    -0.0077      7.907    90.4250 1.2723e+00  0.5613128    25.5799  0.000e+00
     51.355     51.787     9.9999  36.348949    33.2006    159.764    -0.0150      7.907    90.2959 1.4589e+00  1.0249880    25.5480  0.000e+00
     50.357     50.780     9.9962  36.339131    33.1944    159.928    -0.0224      7.912    90.0377 1.6864e+00  1.2237060    25.5438  0.000e+00
     49.576     49.992     9.9897  36.331800    33.1933    161.390    -0.0150      7.921    89.6762 1.8766e+00  0.5613128    25.5441  0.000e+00
     49.085     49.497     9.9843  36.335588    33.2023    163.700    -0.0150      7.921    89.5987 1.9880e+00  0.3957145    25.5519  0.000e+00
     48.687     49.095     9.9861  36.330742    33.1959    165.209    -0.0297      7.926    89.6762 2.0638e+00  0.6937915    25.5467  0.000e+00
     47.953     48.355     9.9929  36.326949    33.1861    165.308    -0.0297      7.926    89.8827 2.2368e+00  1.5217829    25.5379  0.000e+00
     47.043     47.437    10.0025  36.327939    33.1787    165.390    -0.0150      7.930    90.0893 2.5377e+00  0.5944325    25.5305  0.000e+00
     46.324     46.712    10.0067  36.330607    33.1779    166.446    -0.0224      7.935    90.1151 2.8212e+00  0.4619538    25.5291  0.000e+00
     45.778     46.161     9.9973  36.329488    33.1856    167.976    -0.0224      7.935    90.2184 3.0388e+00  0.7269111    25.5367  0.000e+00
     45.152     45.531    10.0514  36.360042    33.1673    169.023    -0.0077      7.935    90.3475 3.3295e+00  1.0249880    25.5133  0.000e+00
     44.508     44.882    10.0908  36.386258    33.1581    169.424    -0.0077      7.944    90.2959 3.6683e+00  0.7269111    25.4995  0.000e+00
     43.998     44.366    10.1123  36.401481    33.1540    171.170    -0.0150      7.949    89.9860 3.9954e+00  1.2899453    25.4927  0.000e+00
     43.636     44.001    10.1342  36.417889    33.1507    175.304    -0.0150      7.954    89.9344 4.1815e+00  1.9192188    25.4864  0.000e+00
     43.135     43.496    10.1403  36.424725    33.1523    177.853    -0.0077      7.954    89.7536 4.3761e+00  1.9192188    25.4866  0.000e+00
     42.449     42.804    10.1937  36.472976    33.1526    178.041    -0.0077      7.958    89.5729 4.7655e+00 -0.1342000    25.4778  0.000e+00
     41.767     42.117    10.2640  36.534072    33.1503    179.108    -0.0150      7.963    89.6503 5.2782e+00  1.1243470    25.4641  0.000e+00
     41.251     41.596    10.2186  36.491135    33.1487    180.339    -0.0077      7.967    89.6245 5.7960e+00  1.1243470    25.4705  0.000e+00
     40.900     41.243    10.1369  36.424158    33.1558    181.031    -0.0077      7.968    89.5729 6.1515e+00 -0.5647556    25.4899  0.000e+00
     40.621     40.962    10.0844  36.390658    33.1701    180.408     0.0069      7.968    89.4696 6.3823e+00  1.7867402    25.5099  0.000e+00
     40.329     40.666    10.1618  36.454312    33.1638    176.989     0.0216      7.968    89.3921 6.6405e+00  0.2963556    25.4919  0.000e+00
     40.166     40.502    10.2689  36.542345    33.1548    174.954     0.0216      7.972    89.0823 6.7926e+00 -0.2666786    25.4668  0.000e+00
     40.146     40.482    10.2887  36.548568    33.1431    176.090     0.0069      7.972    88.8499 6.7542e+00  0.0645179    25.4542  0.000e+00
     40.276     40.613    10.2215  36.506500    33.1619    179.392    -0.0004      7.977    88.9273 6.6029e+00  0.7931504    25.4804  0.000e+00
     40.440     40.779    10.3593  36.612335    33.1428    181.126     0.0143      7.976    89.0048 6.4917e+00 -0.0017214    25.4420  0.000e+00
     40.592     40.931    10.3551  36.608847    33.1431    181.705     0.0289      7.976    88.7982 6.3104e+00  0.6606718    25.4429  0.000e+00
     40.546     40.886    10.3425  36.598881    33.1445    182.733     0.0216      7.976    88.5658 6.2393e+00  2.2504154    25.4462  0.000e+00
     40.280     40.618    10.3476  36.604424    33.1456    184.361     0.0216      7.976    88.5658 6.4733e+00  0.2301162    25.4461  0.000e+00
     40.119     40.455    10.3578  36.612957    33.1449    184.453     0.0216      7.976    88.6433 6.8505e+00  0.2301162    25.4439  0.000e+00
     40.197     40.533    10.3646  36.618439    33.1442    184.308     0.0362      7.981    88.6691 6.8312e+00  1.2237060    25.4422  0.000e+00
     40.330     40.667    10.3637  36.618190    33.1447    184.546     0.0582      7.981    88.6433 6.5843e+00  1.8860991    25.4427  0.000e+00
     40.405     40.743    10.3638  36.618315    33.1447    184.779     0.0289      7.981    88.5400 6.4550e+00  1.3561846    25.4427  0.000e+00
     40.484     40.823    10.3623  36.617443    33.1452    184.856     0.0362      7.981    88.4884 6.4004e+00  0.4288342    25.4433  0.000e+00
     40.526     40.866    10.3608  36.616322    33.1454    184.932     0.0289      7.981    88.4367 6.4550e+00  0.4619538    25.4438  0.000e+00
     40.473     40.811    10.3614  36.616634    33.1452    185.255     0.0289      7.981    88.5142 6.5286e+00  0.7931504    25.4435  0.000e+00
     40.447     40.786    10.3610  36.616447    33.1454    184.741     0.0362      7.981    88.4625 6.5101e+00  1.6542615    25.4437  0.000e+00
     40.484     40.823    10.3501  36.606542    33.1454    184.692     0.0362      7.981    88.4625 6.4368e+00 -0.6641145    25.4456  0.000e+00
     40.442     40.780    10.3356  36.595518    33.1475    185.169     0.0289      7.981    88.5142 6.4733e+00  0.2963556    25.4497  0.000e+00
     40.317     40.655    10.3602  36.615512    33.1452    184.390     0.0289      7.981    88.4109 6.6405e+00  0.4619538    25.4437  0.000e+00
     40.283     40.620    10.3614  36.616633    33.1453    184.547     0.0362      7.986    88.5658 6.6971e+00 -0.5316359    25.4436  0.000e+00
     40.320     40.657    10.3618  36.617007    33.1453    185.224     0.0436      7.986    88.5400 6.6029e+00  0.6275521    25.4435  0.000e+00
     40.311     40.649    10.3615  36.617069    33.1456    184.967     0.0436      7.986    88.5400 6.6405e+00  1.2568256    25.4438  0.000e+00
     40.401     40.739    10.3602  36.615761    33.1454    185.138     0.0362      7.986    88.5400 6.5471e+00  1.5549026    25.4439  0.000e+00
     40.630     40.970    10.3384  36.596889    33.1462    185.232     0.0289      7.986    88.4884 6.2393e+00  1.6542615    25.4482  0.000e+00
     40.680     41.021    10.3257  36.587049    33.1479    185.026     0.0289      7.986    88.5142 6.2216e+00  2.1179368    25.4517  0.000e+00
     40.509     40.849    10.3562  36.613083    33.1464    184.899     0.0289      7.986    88.5400 6.4185e+00  1.1905863    25.4453  0.000e+00
     40.369     40.707    10.3602  36.615948    33.1457    184.460     0.0216      7.986    88.5142 6.6217e+00  0.4950735    25.4441  0.000e+00
