Arg_L2_F10_NV.cnv
* Sea-Bird SBE 9 Data File:
* FileName = S:\CTD_Data\CTD\Data\Argentina 2014\Data\Arg_L2_F10.hex
* Software Version Seasave V 7.21g
* Temperature SN = 5769
* Conductivity SN = 4244
* Number of Bytes Per Scan = 31
* Number of Voltage Words = 4
* Number of Scans Averaged by the Deck Unit = 24
* NMEA Latitude = 46 35.79 S
* NMEA Longitude = 065 46.85 W
* NMEA UTC (Time) = Feb 09 2014 21:28:01
* NMEA baud rate = 9600
** R/V Coriolis II
** MARES project, ARGENTINA 2014
** Chief scientist : Dr. Gustavo Ferreyra
** Co-Chief scientist : Dr. José Luis Esteves
# nquan = 13
# nvalues = 615                                   
# units = specified
# name 0 = depSM: Depth [salt water, m]
# name 1 = prDM: Pressure, Digiquartz [db]
# name 2 = t090C: Temperature [ITS-90, deg C]
# name 3 = c0mS/cm: Conductivity [mS/cm]
# name 4 = sal00: Salinity, Practical [PSU]
# name 5 = sbeox0Mm/Kg: Oxygen, SBE 43 [umol/Kg]
# name 6 = flECO-AFL: Fluorescence, WET Labs ECO-AFL/FL [mg/m^3]
# name 7 = ph: pH
# name 8 = CStarTr0: Beam Transmission, WET Labs C-Star [%]
# name 9 = par: PAR/Irradiance, Biospherical/Licor
# name 10 = upoly0: Upoly 0, Nitrate
# name 11 = sigma-é00: Density [sigma-theta, Kg/m^3]
# name 12 = flag:  0.000e+00
# span 0 =     -0.254,     71.749                 
# span 1 =     -0.256,     72.359                 
# span 2 =    11.6554,    13.2478                 
# span 3 =   4.732950,  39.097584                 
# span 4 =     3.3475,    33.1531                 
# span 5 =    198.418,    266.561                 
# span 6 =    -0.2861,     0.2487                 
# span 7 =      8.093,      8.195                 
# span 8 =    43.2229,    95.2020                 
# span 9 = 1.0000e-12, 6.6323e+02                 
# span 10 = -0.7634735, -0.4985162                
# span 11 =     1.9539,    25.2206                
# span 12 = 0.0000e+00, 0.0000e+00                
# interval = seconds: 1
# start_time = Feb 09 2014 21:28:01 [NMEA time, header]
# bad_flag = -9.990e-29
*END*
      1.439      1.451    12.9870  38.955472    33.1008    220.226     0.0802      8.173    94.9438 4.2893e+02 -0.6972342    24.9244  0.000e+00
      1.470      1.482    12.9743  38.943532    33.1006    219.553     0.0802      8.173    94.9438 3.8547e+02 -0.6972342    24.9268  0.000e+00
      1.473      1.485    12.9624  38.933126    33.1012    222.905     0.0802      8.173    94.9696 4.2057e+02 -0.6972342    24.9296  0.000e+00
      1.287      1.298    12.9612  38.932040    33.1013    220.033     0.0729      8.173    94.9438 4.3257e+02 -0.7303538    24.9299  0.000e+00
      1.464      1.476    12.9683  38.938425    33.1010    219.189     0.0655      8.173    94.9180 2.8935e+02 -0.6972342    24.9283  0.000e+00
      1.505      1.518    12.9740  38.943724    33.1010    222.544     0.0729      8.173    94.9180 4.1238e+02 -0.6972342    24.9271  0.000e+00
      1.237      1.248    12.9750  38.944106    33.1006    222.993     0.0582      8.173    94.9954 4.7462e+02 -0.6972342    24.9267  0.000e+00
      1.429      1.441    12.9811  38.950300    33.1010    220.287     0.0655      8.177    94.9954 3.6031e+02 -0.6972342    24.9258  0.000e+00
      1.791      1.806    12.9858  38.954516    33.1008    220.371     0.0655      8.177    94.9696 3.2931e+02 -0.6972342    24.9247  0.000e+00
      2.152      2.169    12.9858  38.954772    33.1009    219.979     0.0509      8.177    94.9696 3.9092e+02 -0.6972342    24.9248  0.000e+00
      2.595      2.617    12.9957  38.964416    33.1012    218.789     0.0582      8.177    94.9954 3.2289e+02 -0.7303538    24.9231  0.000e+00
      3.039      3.064    12.9996  38.967867    33.1008    222.927     0.0582      8.177    95.0213 2.5930e+02 -0.7303538    24.9220  0.000e+00
      3.791      3.823    12.9963  38.965698    33.1013    220.094     0.0582      8.177    95.0471 1.9684e+02 -0.7303538    24.9231  0.000e+00
      4.589      4.627    12.9991  38.968320    33.1010    219.289     0.0655      8.177    94.9180 2.0474e+02 -0.7303538    24.9223  0.000e+00
      5.093      5.136    13.0347  39.002877    33.1024    221.049     0.0729      8.177    94.9180 1.6816e+02 -0.7303538    24.9164  0.000e+00
      5.561      5.607    13.0012  38.968515    33.0991    221.318     0.0802      8.182    94.9180 1.5718e+02 -0.7303538    24.9204  0.000e+00
      6.333      6.386    12.8859  38.864287    33.1008    220.401     0.0802      8.182    94.8663 1.2067e+02 -0.7303538    24.9445  0.000e+00
      7.322      7.384    12.7437  38.738699    33.1057    220.645     0.0948      8.183    94.9438 1.0543e+02 -0.7303538    24.9761  0.000e+00
      8.179      8.248    12.7214  38.719082    33.1062    220.153     0.1095      8.183    94.9696 8.2542e+01 -0.7634735    24.9808  0.000e+00
      8.719      8.792    12.7107  38.708892    33.1056    221.332     0.1608      8.183    94.9180 9.2633e+01 -0.7634735    24.9825  0.000e+00
      9.180      9.257    12.6874  38.688770    33.1067    221.949     0.1901      8.183    94.8663 8.5858e+01 -0.7634735    24.9879  0.000e+00
      9.689      9.770    12.6834  38.685588    33.1070    220.586     0.2267      8.183    94.6339 7.3138e+01 -0.7634735    24.9889  0.000e+00
     10.262     10.348    12.6746  38.678141    33.1074    220.487     0.2487      8.188    94.7631 7.0511e+01 -0.7634735    24.9909  0.000e+00
     10.973     11.065    12.6578  38.664455    33.1088    222.509     0.2340      8.188    94.7631 6.3183e+01 -0.7634735    24.9953  0.000e+00
     11.620     11.717    12.6480  38.656946    33.1100    220.552     0.2194      8.188    94.6081 4.9743e+01 -0.7634735    24.9981  0.000e+00
     12.143     12.245    12.6317  38.643326    33.1111    220.140     0.2121      8.188    94.7631 5.4124e+01 -0.7634735    25.0022  0.000e+00
     12.882     12.990    12.6201  38.633273    33.1114    220.032     0.1974      8.188    94.8147 4.5459e+01 -0.7634735    25.0047  0.000e+00
     13.820     13.935    12.6032  38.618577    33.1118    220.664     0.1828      8.188    94.7889 3.5385e+01 -0.7634735    25.0083  0.000e+00
     14.629     14.752    12.5973  38.614317    33.1127    219.719     0.1754      8.188    94.8405 3.2887e+01 -0.7634735    25.0101  0.000e+00
     15.161     15.288    12.5893  38.607702    33.1131    219.331     0.1681      8.188    94.8663 3.4988e+01 -0.7634735    25.0120  0.000e+00
     15.625     15.756    12.5814  38.601405    33.1139    220.476     0.1681      8.188    94.9180 3.2795e+01 -0.7634735    25.0141  0.000e+00
     16.176     16.312    12.5726  38.594473    33.1147    222.030     0.1754      8.188    94.9180 2.7696e+01 -0.7634735    25.0165  0.000e+00
     16.731     16.871    12.5666  38.589768    33.1153    221.323     0.1608      8.188    94.8663 2.6551e+01 -0.7634735    25.0181  0.000e+00
     17.248     17.393    12.5611  38.584617    33.1150    219.735     0.1608      8.188    94.9180 2.5959e+01 -0.7634735    25.0190  0.000e+00
     17.889     18.039    12.5530  38.577750    33.1153    221.355     0.1461      8.188    94.9696 2.3128e+01 -0.7634735    25.0208  0.000e+00
     18.700     18.857    12.5466  38.572665    33.1157    221.848     0.1388      8.188    94.9696 1.9585e+01 -0.7634735    25.0224  0.000e+00
     19.568     19.732    12.5470  38.572986    33.1153    219.333     0.1241      8.188    94.9696 1.7497e+01 -0.7634735    25.0220  0.000e+00
     20.382     20.553    12.5447  38.571654    33.1158    218.990     0.1168      8.188    94.9696 1.6915e+01 -0.7634735    25.0228  0.000e+00
     21.028     21.205    12.5414  38.568731    33.1156    220.876     0.1168      8.188    94.8922 1.6032e+01 -0.7634735    25.0233  0.000e+00
     21.457     21.637    12.5407  38.567778    33.1151    220.737     0.1168      8.188    95.0213 1.5587e+01 -0.7634735    25.0231  0.000e+00
     21.881     22.064    12.5402  38.567525    33.1151    220.686     0.1095      8.188    95.0471 1.5196e+01 -0.7634735    25.0232  0.000e+00
     22.444     22.632    12.5356  38.562949    33.1146    220.569     0.1022      8.188    95.0729 1.3767e+01 -0.7634735    25.0237  0.000e+00
     23.158     23.352    12.5211  38.550678    33.1153    220.435     0.0948      8.188    94.9696 1.1855e+01 -0.7634735    25.0271  0.000e+00
     23.943     24.144    12.5122  38.542988    33.1155    221.096     0.0875      8.188    94.9438 1.0709e+01 -0.7634735    25.0289  0.000e+00
     24.588     24.794    12.4983  38.531546    33.1165    220.047     0.0802      8.189    94.9696 1.0323e+01 -0.7634735    25.0324  0.000e+00
     25.106     25.317    12.4959  38.529387    33.1163    221.359     0.0729      8.189    94.9180 9.7833e+00 -0.7634735    25.0328  0.000e+00
     25.758     25.974    12.4953  38.529008    33.1162    220.537     0.0802      8.189    94.9438 8.9122e+00 -0.7634735    25.0328  0.000e+00
     26.546     26.769    12.5025  38.535750    33.1160    219.640     0.0655      8.188    94.8147 7.9591e+00 -0.7634735    25.0313  0.000e+00
     27.266     27.495    12.4937  38.527488    33.1155    220.965     0.0655      8.189    94.9438 7.4156e+00 -0.7634735    25.0326  0.000e+00
     27.765     27.998    12.4698  38.508166    33.1179    220.710     0.0582      8.189    94.9954 7.2701e+00 -0.7634735    25.0391  0.000e+00
     28.235     28.472    12.4699  38.507468    33.1170    220.124     0.0655      8.189    95.0729 6.7542e+00 -0.7634735    25.0383  0.000e+00
     28.843     29.086    12.4529  38.493616    33.1184    220.440     0.0729      8.189    94.9696 6.0478e+00 -0.7303538    25.0428  0.000e+00
     29.530     29.778    12.4452  38.486819    33.1184    221.096     0.0582      8.189    94.8663 5.5390e+00 -0.7303538    25.0442  0.000e+00
     30.249     30.503    12.4340  38.476973    33.1185    220.790     0.0362      8.189    94.9180 5.1305e+00 -0.7303538    25.0465  0.000e+00
     30.927     31.187    12.4240  38.469034    33.1194    221.010     0.0216      8.189    94.9696 4.7250e+00 -0.7303538    25.0491  0.000e+00
     31.418     31.682    12.4129  38.459697    33.1201    220.919     0.0289      8.189    95.2020 4.5537e+00 -0.7303538    25.0518  0.000e+00
     31.987     32.256    12.4007  38.448900    33.1202    220.010     0.0216      8.189    95.1762 4.2413e+00 -0.7303538    25.0542  0.000e+00
     32.774     33.050    12.3937  38.441789    33.1193    220.290     0.0069      8.184    95.0729 3.6475e+00 -0.7303538    25.0548  0.000e+00
     33.448     33.730    12.3813  38.430804    33.1194    220.813     0.0216      8.184    94.8663 3.4750e+00 -0.7303538    25.0573  0.000e+00
     33.885     34.170    12.3742  38.423566    33.1185    220.480     0.0069      8.184    94.4532 3.5048e+00 -0.7303538    25.0580  0.000e+00
     34.480     34.770    12.3445  38.394869    33.1170    219.877     0.0143      8.180    93.8851 3.2174e+00 -0.7303538    25.0625  0.000e+00
     35.180     35.477    12.3316  38.383890    33.1175    219.038     0.0216      8.175    92.7748 2.9030e+00 -0.7303538    25.0654  0.000e+00
     35.818     36.119    12.3295  38.382179    33.1174    217.991     0.0143      8.175    92.2067 2.7812e+00 -0.7303538    25.0658  0.000e+00
     36.435     36.742    12.3296  38.381927    33.1169    217.159     0.0143      8.175    92.1551 2.5817e+00 -0.6972342    25.0653  0.000e+00
     37.117     37.429    12.3117  38.366316    33.1174    217.014     0.0216      8.175    92.0001 2.3086e+00 -0.6972342    25.0691  0.000e+00
     37.659     37.977    12.3046  38.360480    33.1178    216.435     0.0216      8.171    91.6128 2.1672e+00 -0.6972342    25.0708  0.000e+00
     38.068     38.388    12.3054  38.361116    33.1176    215.974     0.0216      8.171    91.3029 2.0937e+00 -0.6972342    25.0705  0.000e+00
     38.743     39.070    12.2978  38.354392    33.1175    215.782     0.0143      8.171    91.3029 1.8551e+00 -0.6972342    25.0719  0.000e+00
     39.568     39.901    12.2898  38.347795    33.1179    215.371     0.0289      8.171    90.9156 1.5596e+00 -0.6972342    25.0738  0.000e+00
     40.129     40.467    12.2833  38.342468    33.1182    215.328     0.0216      8.166    90.5025 1.5551e+00 -0.6972342    25.0753  0.000e+00
     40.451     40.792    12.2779  38.337901    33.1185    215.274     0.0143      8.166    90.0635 1.5194e+00 -0.6972342    25.0766  0.000e+00
     41.022     41.368    12.2732  38.333271    33.1180    214.616     0.0216      8.166    89.5729 1.3606e+00 -0.6972342    25.0771  0.000e+00
     41.816     42.168    12.2696  38.330039    33.1177    214.723     0.0436      8.166    89.2372 1.1452e+00 -0.6972342    25.0775  0.000e+00
     42.620     42.980    12.2651  38.326235    33.1176    214.296     0.0362      8.161    89.0306 1.0242e+00 -0.6972342    25.0784  0.000e+00
     43.272     43.637    12.2657  38.326999    33.1176    213.772     0.0216      8.161    88.6691 9.7131e-01 -0.6641145    25.0783  0.000e+00
     43.720     44.089    12.2661  38.327255    33.1173    213.313     0.0289      8.161    88.7208 9.1284e-01 -0.6641145    25.0779  0.000e+00
     44.104     44.476    12.2657  38.326939    33.1172    213.012     0.0216      8.161    88.8241 8.5773e-01 -0.6641145    25.0779  0.000e+00
     44.685     45.062    12.2630  38.324657    33.1172    213.336     0.0289      8.161    88.6949 7.6591e-01 -0.6641145    25.0785  0.000e+00
     45.442     45.825    12.2531  38.317175    33.1184    213.469     0.0289      8.161    88.5400 6.4923e-01 -0.6641145    25.0813  0.000e+00
     46.159     46.549    12.2519  38.316416    33.1184    213.337     0.0289      8.162    88.6433 5.7853e-01 -0.6641145    25.0816  0.000e+00
     46.677     47.071    12.2516  38.316418    33.1184    213.579     0.0289      8.162    88.8241 5.4927e-01 -0.6641145    25.0816  0.000e+00
     47.176     47.575    12.2527  38.317372    33.1182    213.048     0.0216      8.161    88.9015 5.0092e-01 -0.6641145    25.0813  0.000e+00
     47.874     48.278    12.2507  38.315915    33.1183    213.459     0.0216      8.162    88.8241 4.3292e-01 -0.6641145    25.0818  0.000e+00
     48.677     49.089    12.2416  38.308878    33.1192    213.975     0.0289      8.162    88.5142 3.6395e-01 -0.6641145    25.0842  0.000e+00
     49.396     49.814    12.2023  38.277807    33.1237    213.939     0.0143      8.162    88.7208 3.3596e-01 -0.6309949    25.0952  0.000e+00
     49.915     50.337    12.1927  38.270454    33.1249    213.226     0.0069      8.157    89.0823 3.1802e-01 -0.6309949    25.0979  0.000e+00
     50.343     50.768    12.1881  38.266462    33.1250    213.258    -0.0004      8.157    88.9532 2.9507e-01 -0.6309949    25.0989  0.000e+00
     50.846     51.277    12.1837  38.262977    33.1253    213.748    -0.0004      8.157    88.8499 2.6817e-01 -0.6309949    25.1000  0.000e+00
     51.493     51.929    12.1747  38.255753    33.1261    213.420     0.0143      8.157    88.8241 2.3609e-01 -0.6309949    25.1022  0.000e+00
     52.252     52.694    12.1602  38.244663    33.1278    213.503     0.0143      8.157    88.8241 2.0156e-01 -0.6309949    25.1064  0.000e+00
     52.892     53.339    12.1365  38.225145    33.1298    213.468    -0.0077      8.157    89.0048 1.8856e-01 -0.6309949    25.1124  0.000e+00
     53.240     53.690    12.0785  38.174527    33.1322    213.738    -0.0004      8.153    88.2560 1.8329e-01 -0.6309949    25.1252  0.000e+00
     53.751     54.206    12.0289  38.132989    33.1358    213.038     0.0143      8.148    85.8546 1.6756e-01 -0.6309949    25.1373  0.000e+00
     54.545     55.007    11.9539  38.067488    33.1387    211.836     0.0143      8.144    83.7372 1.3765e-01 -0.6309949    25.1536  0.000e+00
     55.318     55.786    11.9176  38.037065    33.1411    209.589     0.0289      8.135    80.2512 1.2211e-01 -0.6309949    25.1623  0.000e+00
     55.886     56.359    11.9202  38.038775    33.1402    206.619     0.0509      8.130    77.5141 1.1692e-01 -0.6309949    25.1611  0.000e+00
     56.434     56.912    11.9083  38.028595    33.1406    204.636     0.0582      8.130    77.0235 1.0354e-01 -0.6309949    25.1637  0.000e+00
     57.000     57.483    11.9074  38.027901    33.1405    203.856     0.0582      8.125    76.5329 8.4351e-02 -0.6309949    25.1638  0.000e+00
     57.521     58.009    11.9050  38.025374    33.1400    203.863     0.0509      8.125    75.8099 7.2583e-02 -0.6309949    25.1639  0.000e+00
     58.011     58.503    11.9046  38.024996    33.1398    204.177     0.0509      8.125    76.0939 6.1238e-02 -0.6309949    25.1638  0.000e+00
     58.519     59.016    11.9008  38.021583    33.1396    204.040     0.0509      8.125    76.0423 5.2364e-02 -0.6309949    25.1644  0.000e+00
     59.038     59.538    11.8881  38.010266    33.1398    204.258     0.0509      8.126    75.4742 4.6850e-02 -0.6309949    25.1669  0.000e+00
     59.675     60.181    11.8804  38.004009    33.1403    204.065     0.0729      8.121    73.8991 3.8160e-02 -0.6309949    25.1687  0.000e+00
     60.480     60.993    11.8686  37.994276    33.1410    203.428     0.0875      8.121    72.3498 2.5748e-02 -0.6309949    25.1715  0.000e+00
     61.330     61.850    11.8627  37.989791    33.1415    203.391     0.0875      8.121    70.8005 1.5294e-02 -0.6309949    25.1730  0.000e+00
     61.913     62.439    11.8645  37.991690    33.1414    202.924     0.0875      8.121    70.8779 1.4758e-02 -0.6309949    25.1726  0.000e+00
     62.216     62.744    11.8649  37.991501    33.1408    202.614     0.0948      8.121    70.9038 1.1638e-02 -0.6309949    25.1721  0.000e+00
     62.598     63.129    11.8608  37.988216    33.1411    202.558     0.1022      8.116    70.9038 7.5579e-03 -0.6309949    25.1731  0.000e+00
     63.161     63.698    11.8613  37.988850    33.1411    202.647     0.1095      8.116    70.9554 3.6082e-03 -0.6309949    25.1730  0.000e+00
     63.880     64.422    11.8611  37.988916    33.1410    202.742     0.1168      8.116    70.4132 1.0381e-03 -0.6309949    25.1730  0.000e+00
     64.601     65.149    11.8597  37.987844    33.1409    202.216     0.1095      8.116    70.1291 1.0000e-12 -0.6309949    25.1732  0.000e+00
