Arg_L2_F4_NV.cnv
* Sea-Bird SBE 9 Data File:
* FileName = S:\CTD_Data\CTD\Data\Argentina 2014\Data\Arg_L2_F4.hex
* Software Version Seasave V 7.21g
* Temperature SN = 5769
* Conductivity SN = 4244
* Number of Bytes Per Scan = 31
* Number of Voltage Words = 4
* Number of Scans Averaged by the Deck Unit = 24
* NMEA Latitude = 46 32.13 S
* NMEA Longitude = 065 54.04 W
* NMEA UTC (Time) = Feb 06 2014 01:28:36
* NMEA baud rate = 9600
** R/V Coriolis II
** MARES project, ARGENTINA 2014
** Chief scientist : Dr. Gustavo Ferreyra
** Co-Chief scientist : Dr. José Luis Esteves
# nquan = 13
# nvalues = 358                                   
# units = specified
# name 0 = depSM: Depth [salt water, m]
# name 1 = prDM: Pressure, Digiquartz [db]
# name 2 = t090C: Temperature [ITS-90, deg C]
# name 3 = c0mS/cm: Conductivity [mS/cm]
# name 4 = sal00: Salinity, Practical [PSU]
# name 5 = sbeox0Mm/Kg: Oxygen, SBE 43 [umol/Kg]
# name 6 = flECO-AFL: Fluorescence, WET Labs ECO-AFL/FL [mg/m^3]
# name 7 = ph: pH
# name 8 = CStarTr0: Beam Transmission, WET Labs C-Star [%]
# name 9 = par: PAR/Irradiance, Biospherical/Licor
# name 10 = upoly0: Upoly 0, Nitrate
# name 11 = sigma-é00: Density [sigma-theta, Kg/m^3]
# name 12 = flag:  0.000e+00
# span 0 =     -0.281,     86.467                 
# span 1 =     -0.284,     87.205                 
# span 2 =    10.8184,    12.6477                 
# span 3 =   5.881760,  38.689765                 
# span 4 =     4.3069,    33.2018                 
# span 5 =    183.786,    270.603                 
# span 6 =    -0.1249,     0.4172                 
# span 7 =      8.008,      8.175                 
# span 8 =    71.5493,    96.0800                 
# span 9 = 1.0000e-12, 1.0063e+00                 
# span 10 = -0.7634735,  6.3903726                
# span 11 =     2.7971,    25.4088                
# span 12 = 0.0000e+00, 0.0000e+00                
# interval = seconds: 1
# start_time = Feb 06 2014 01:28:36 [NMEA time, header]
# bad_flag = -9.990e-29
*END*
[from data line 112]
     62.732     63.264    11.8407  37.974816    33.1459    212.942     0.0729      8.126    92.8006 1.0000e-12  0.7600308    25.1805  0.000e+00
     63.266     63.802    11.8356  37.970204    33.1458    212.504     0.0655      8.126    92.6198 1.0000e-12  0.9918684    25.1814  0.000e+00
     63.692     64.233    11.8291  37.964455    33.1458    212.462     0.0729      8.126    92.5424 1.0000e-12  0.6606718    25.1826  0.000e+00
     64.195     64.740    11.8261  37.961676    33.1455    212.014     0.0802      8.126    92.4907 1.0000e-12  0.2963556    25.1830  0.000e+00
     64.853     65.403    11.8168  37.952705    33.1449    212.151     0.0655      8.126    92.4907 1.0000e-12  0.8925094    25.1842  0.000e+00
     65.561     66.118    11.7841  37.923708    33.1454    212.629     0.0582      8.121    92.3616 1.0000e-12  1.2899453    25.1908  0.000e+00
     66.257     66.820    11.7768  37.918278    33.1464    212.127     0.0655      8.121    92.2583 1.0000e-12  1.0581077    25.1928  0.000e+00
     67.049     67.619    11.7721  37.914112    33.1462    211.617     0.0509      8.121    92.2325 1.0000e-12  0.8262701    25.1936  0.000e+00
     67.974     68.551    11.7190  37.868206    33.1484    211.955     0.0362      8.122    92.3358 1.0000e-12  1.2568256    25.2052  0.000e+00
     68.882     69.468    11.6072  37.776395    33.1584    212.154     0.0216      8.113    92.1034 1.0000e-12  1.2899453    25.2335  0.000e+00
     69.576     70.167    11.5597  37.736860    33.1618    210.629     0.0582      8.103    90.7090 1.0000e-12  1.9192188    25.2449  0.000e+00
     70.046     70.642    11.5211  37.704272    33.1644    207.694     0.0582      8.099    89.3663 1.0000e-12  1.9192188    25.2540  0.000e+00
     70.426     71.025    11.4924  37.680769    33.1668    205.025     0.0729      8.099    87.9203 1.0000e-12  0.3625949    25.2611  0.000e+00
     70.857     71.460    11.4446  37.640327    33.1699    202.992     0.0729      8.094    86.4485 1.0000e-12  0.3625949    25.2722  0.000e+00
     71.416     72.023    11.4044  37.606829    33.1728    201.569     0.0509      8.090    85.7771 1.0000e-12  1.6873812    25.2818  0.000e+00
     72.213     72.827    11.3647  37.572337    33.1742    200.391     0.0509      8.085    85.2090 1.0000e-12  2.1179368    25.2901  0.000e+00
     73.166     73.788    11.2451  37.472639    33.1832    199.290     0.0509      8.076    84.3569 1.0000e-12  1.9192188    25.3187  0.000e+00
     74.123     74.754    11.1627  37.404580    33.1899    197.626     0.0582      8.067    81.9813 1.0000e-12  2.1841761    25.3387  0.000e+00
     74.974     75.613    11.1216  37.369848    33.1922    195.384     0.0802      8.063    79.5282 1.0000e-12  2.6478513    25.3479  0.000e+00
     75.701     76.345    11.0772  37.331801    33.1943    192.984     0.0875      8.058    78.4695 1.0000e-12  3.2108855    25.3575  0.000e+00
     76.309     76.959    11.0480  37.307010    33.1958    190.765     0.0875      8.054    77.9273 1.0000e-12  3.7076803    25.3639  0.000e+00
     76.748     77.401    11.0445  37.303623    33.1955    189.510     0.0875      8.054    77.0493 1.0000e-12  3.3433641    25.3642  0.000e+00
     77.114     77.770    11.0423  37.300800    33.1945    189.070     0.1022      8.049    76.4813 1.0000e-12  3.9395179    25.3639  0.000e+00
     77.616     78.277    11.0296  37.289820    33.1948    188.995     0.1095      8.049    76.2747 1.0000e-12  4.1382359    25.3664  0.000e+00
     78.391     79.058    10.9944  37.260148    33.1969    188.928     0.0948      8.045    75.7841 1.0000e-12  4.2375949    25.3743  0.000e+00
     79.385     80.062    10.9568  37.228166    33.1988    188.790     0.0582      8.045    75.0611 1.0000e-12  4.6019111    25.3824  0.000e+00
     80.397     81.083    10.9336  37.208858    33.2001    188.347     0.0802      8.040    74.0798 1.0000e-12  5.0324667    25.3876  0.000e+00
     81.179     81.871    10.9251  37.201276    33.1999    187.590     0.0875      8.035    73.3827 1.0000e-12  5.0987060    25.3890  0.000e+00
     81.750     82.447    10.9041  37.183413    33.2009    186.876     0.0802      8.036    73.4601 1.0000e-12  5.1318256    25.3935  0.000e+00
     82.303     83.005    10.8930  37.173826    33.2013    186.536     0.0802      8.031    73.6667 1.0000e-12  5.1649453    25.3957  0.000e+00
     82.543     83.247    10.9093  37.187427    33.1999    186.082     0.0802      8.031    73.5892 1.0000e-12  4.8337487    25.3917  0.000e+00
     82.627     83.332    10.9434  37.212063    33.1935    185.721     0.0875      8.031    73.7442 1.0000e-12  4.6019111    25.3807  0.000e+00
     82.794     83.501    10.8978  37.177338    33.2002    186.491     0.1168      8.031    74.0282 1.0000e-12  4.7675094    25.3940  0.000e+00
     83.111     83.820    10.8872  37.167938    33.2003    186.882     0.1241      8.031    74.1315 1.0000e-12  5.2974239    25.3960  0.000e+00
     83.503     84.215    10.8773  37.159480    33.2007    186.769     0.1241      8.026    73.8474 1.0000e-12  5.5955009    25.3981  0.000e+00
     83.787     84.501    10.8658  37.150271    33.2018    186.245     0.1022      8.026    73.8991 1.0000e-12  5.1318256    25.4010  0.000e+00
     83.866     84.582    10.8848  37.166186    33.2004    185.182     0.1241      8.026    74.0024 1.0000e-12  5.5292615    25.3965  0.000e+00
     83.832     84.547    10.8801  37.161549    33.2000    185.290     0.1022      8.026    73.9766 1.0000e-12  6.1585350    25.3971  0.000e+00
     83.924     84.640    10.8627  37.146637    33.2010    185.703     0.0875      8.026    74.1831 1.0000e-12  4.8337487    25.4009  0.000e+00
     84.279     84.998    10.8571  37.141689    33.2010    185.158     0.1095      8.022    73.7958 1.0000e-12  5.0987060    25.4018  0.000e+00
     84.712     85.435    10.8491  37.134925    33.2012    185.037     0.0948      8.022    73.1761 1.0000e-12  5.0655863    25.4035  0.000e+00
     85.003     85.729    10.8469  37.133109    33.2013    185.143     0.0875      8.022    73.3310 1.0000e-12  4.9331077    25.4039  0.000e+00
     85.229     85.956    10.8471  37.132860    33.2009    184.987     0.1168      8.022    73.5892 1.0000e-12  4.9331077    25.4035  0.000e+00
     85.395     86.124    10.8420  37.129164    33.2016    184.848     0.1461      8.022    73.6925 1.0000e-12  6.0591761    25.4050  0.000e+00
     85.380     86.109    10.8510  37.136306    33.2007    185.065     0.1241      8.022    73.6409 1.0000e-12  5.9598171    25.4027  0.000e+00
     85.182     85.909    10.8639  37.147519    33.2002    184.846     0.0875      8.022    73.8733 1.0000e-12  5.5955009    25.4001  0.000e+00
     85.061     85.787    10.8621  37.143007    33.1974    184.855     0.1535      8.022    73.5634 1.0000e-12  4.9662274    25.3982  0.000e+00
     85.152     85.879    10.8564  37.140565    33.2000    185.543     0.1095      8.022    73.6925 1.0000e-12  4.9331077    25.4013  0.000e+00
     85.306     86.035    10.8502  37.135178    33.2003    185.572     0.1168      8.017    73.8216 1.0000e-12  5.8604581    25.4026  0.000e+00
     85.456     86.185    10.8447  37.130605    33.2006    185.345     0.0948      8.017    73.9766 1.0000e-12  6.2247744    25.4038  0.000e+00
     85.701     86.433    10.8408  37.127224    33.2007    184.952     0.1241      8.017    74.0024 1.0000e-12  6.1585350    25.4045  0.000e+00
     85.906     86.639    10.8380  37.125032    33.2010    184.553     0.1095      8.017    73.7958 1.0000e-12  5.9929368    25.4053  0.000e+00
     85.735     86.467    10.8471  37.133175    33.2009    184.765     0.0875      8.017    73.7183 1.0000e-12  5.4299026    25.4036  0.000e+00
     85.417     86.146    10.8553  37.137871    33.1983    184.980     0.0875      8.017    73.3310 1.0000e-12  5.3967829    25.4001  0.000e+00
     85.299     86.027    10.8504  37.134488    33.1994    184.581     0.0948      8.017    73.7442 1.0000e-12  5.7942188    25.4018  0.000e+00
     85.393     86.122    10.8486  37.133299    33.1998    184.590     0.0948      8.017    73.2794 1.0000e-12  5.9929368    25.4024  0.000e+00
     85.501     86.231    10.8404  37.126158    33.2001    184.878     0.0875      8.017    73.3827 1.0000e-12  5.9929368    25.4042  0.000e+00
     85.610     86.341    10.8372  37.123653    33.2004    184.893     0.0802      8.017    73.7183 1.0000e-12  6.2247744    25.4050  0.000e+00
     85.859     86.592    10.8329  37.119770    33.2004    184.917     0.0948      8.017    73.8216 1.0000e-12  6.2910137    25.4057  0.000e+00
     86.097     86.832    10.8310  37.118456    33.2007    184.515     0.1315      8.012    73.7183 1.0000e-12  5.8604581    25.4062  0.000e+00
     85.930     86.663    10.8373  37.124155    33.2007    184.485     0.0802      8.012    73.5376 1.0000e-12  5.9929368    25.4052  0.000e+00
     85.370     86.099    10.8410  37.126220    33.1997    184.296     0.0729      8.012    73.1761 1.0000e-12  6.0922957    25.4037  0.000e+00
     84.919     85.644    10.8419  37.126782    33.1996    184.697     0.0875      8.012    73.1503 1.0000e-12  6.1254154    25.4035  0.000e+00
     85.015     85.741    10.8397  37.125279    33.2001    184.960     0.0655      8.012    72.4014 1.0000e-12  6.1254154    25.4043  0.000e+00
     85.627     86.358    10.8337  37.120208    33.2002    184.746     0.0582      8.012    71.8592 1.0000e-12  5.5955009    25.4054  0.000e+00
     86.266     87.003    10.8262  37.114198    33.2008    184.792     0.0655      8.012    71.5493 1.0000e-12  5.6286205    25.4072  0.000e+00
     86.467     87.205    10.8258  37.114324    33.2011    184.382     0.0875      8.012    71.8075 1.0000e-12  5.5955009    25.4075  0.000e+00
     86.252     86.989    10.8368  37.123217    33.2001    184.334     0.0875      8.012    72.0399 1.0000e-12  5.3967829    25.4048  0.000e+00
     85.897     86.630    10.8357  37.121524    33.1995    184.583     0.0729      8.012    72.5822 1.0000e-12  5.4299026    25.4045  0.000e+00
     85.539     86.269    10.8464  37.131232    33.1997    184.532     0.0655      8.012    72.5047 1.0000e-12  5.2311846    25.4028  0.000e+00
     85.271     85.999    10.8514  37.134739    33.1987    184.506     0.0875      8.012    72.2465 1.0000e-12  5.1318256    25.4011  0.000e+00
     85.166     85.893    10.8371  37.122837    33.1999    184.975     0.1022      8.012    72.5305 1.0000e-12  5.1318256    25.4045  0.000e+00
     85.254     85.982    10.8415  37.126783    33.1998    184.960     0.1241      8.012    72.8662 1.0000e-12  5.0987060    25.4037  0.000e+00
     85.542     86.272    10.8310  37.117452    33.1999    184.341     0.0948      8.012    73.0470 1.0000e-12  4.7343897    25.4056  0.000e+00
     86.004     86.738    10.8251  37.112881    33.2005    184.375     0.0729      8.012    72.5047 1.0000e-12  5.2311846    25.4072  0.000e+00
     86.413     87.150    10.8196  37.108374    33.2009    184.660     0.0729      8.012    72.7371 1.0000e-12  5.8273385    25.4084  0.000e+00
     86.457     87.195    10.8184  37.107560    33.2011    184.250     0.0802      8.012    72.9179 1.0000e-12  6.1585350    25.4088  0.000e+00
     86.177     86.913    10.8293  37.116264    33.2000    183.786     0.0802      8.012    73.0212 1.0000e-12  6.3903726    25.4060  0.000e+00
     85.864     86.598    10.8256  37.112818    33.2001    184.046     0.0729      8.012    73.1761 1.0000e-12  5.8604581    25.4067  0.000e+00
     85.668     86.400    10.8259  37.113068    33.2002    184.293     0.0729      8.012    73.0986 1.0000e-12  5.6286205    25.4068  0.000e+00
     85.568     86.298    10.8284  37.115197    33.2000    184.281     0.0948      8.012    72.8404 1.0000e-12  5.9929368    25.4062  0.000e+00
     85.423     86.152    10.8279  37.114696    33.2001    184.280     0.1022      8.008    73.4601 1.0000e-12  4.9993470    25.4063  0.000e+00
     85.245     85.973    10.8311  37.117388    33.1999    184.263     0.0582      8.012    73.7700 1.0000e-12  5.5292615    25.4056  0.000e+00
     85.333     86.062    10.8359  37.121585    33.1997    184.661     0.0802      8.012    73.9766 1.0000e-12  5.8935778    25.4046  0.000e+00
     85.792     86.524    10.8282  37.114885    33.1998    184.703     0.1095      8.012    73.2535 1.0000e-12  5.9929368    25.4061  0.000e+00
     85.979     86.714    10.8224  37.110752    33.2008    184.477     0.0729      8.012    72.6596 1.0000e-12  5.9929368    25.4079  0.000e+00
     85.616     86.347    10.8332  37.119394    33.1998    184.426     0.0509      8.008    73.0470 1.0000e-12  6.0260564    25.4052  0.000e+00
     84.937     85.662    10.8394  37.124653    33.1997    184.385     0.0655      8.008    73.0212 1.0000e-12  5.8935778    25.4040  0.000e+00
     83.997     84.714    10.8465  37.130099    33.1992    184.335     0.0729      8.012    72.1432 1.0000e-12  5.7610991    25.4023  0.000e+00
     82.903     83.610    10.8599  37.141809    33.1992    184.669     0.0875      8.012    71.9625 1.0000e-12  6.0591761    25.3999  0.000e+00
     81.770     82.467    10.8882  37.165176    33.1972    184.944     0.0948      8.012    71.8850 1.0000e-12  5.5955009    25.3934  0.000e+00
     80.799     81.488    10.9036  37.177142    33.1956    185.022     0.1022      8.012    71.9108 1.0000e-12  5.2643043    25.3894  0.000e+00
     80.136     80.819    10.8911  37.165483    33.1956    185.219     0.1168      8.012    72.0657 1.0000e-12  5.0324667    25.3916  0.000e+00
     79.828     80.508    10.8898  37.165670    33.1971    185.791     0.0729      8.012    71.8592 1.0000e-12  4.8668684    25.3930  0.000e+00
     79.687     80.367    10.9023  37.175947    33.1961    185.900     0.0582      8.017    71.8075 1.0000e-12  4.4694325    25.3900  0.000e+00
     79.382     80.059    10.9128  37.188857    33.1995    185.755     0.0729      8.017    72.0657 1.0000e-12  4.2707145    25.3908  0.000e+00
     78.829     79.501    10.9830  37.243778    33.1908    185.629     0.0802      8.016    73.1761 1.0000e-12  4.7012701    25.3716  0.000e+00
     78.048     78.713    10.9860  37.247225    33.1919    186.169     0.0948      8.016    73.4343 1.0000e-12  6.3903726    25.3719  0.000e+00
     77.045     77.701    11.0089  37.267482    33.1916    186.624     0.0802      8.021    73.0212 1.0000e-12  4.9993470    25.3676  0.000e+00
     75.982     76.629    11.0463  37.298096    33.1887    187.590     0.0875      8.021    73.6667 1.0000e-12  4.8999880    25.3586  0.000e+00
     75.104     75.744    11.0805  37.326713    33.1866    188.161     0.0948      8.026    74.2348 1.0000e-12  4.8668684    25.3509  0.000e+00
     74.489     75.123    11.0252  37.281463    33.1919    189.016     0.0802      8.026    74.2348 1.0000e-12  4.6350308    25.3649  0.000e+00
     74.001     74.630    11.0352  37.291250    33.1928    189.855     0.0729      8.026    74.4930 1.0000e-12  2.7472103    25.3637  0.000e+00
     73.474     74.100    11.1921  37.422295    33.1811    189.025     0.0875      8.025    75.0611 1.0000e-12  4.1382359    25.3266  0.000e+00
     72.785     73.404    11.2394  37.459812    33.1758    189.055     0.0948      8.030    76.6104 1.0000e-12  4.8337487    25.3140  0.000e+00
     72.024     72.636    11.2785  37.493446    33.1741    191.220     0.0729      8.034    76.6620 1.0000e-12  5.0987060    25.3056  0.000e+00
     71.357     71.964    11.3260  37.535145    33.1728    193.905     0.0875      8.039    76.6104 1.0000e-12  4.8337487    25.2960  0.000e+00
     70.822     71.424    11.3744  37.573275    33.1670    195.613     0.1095      8.043    76.4554 1.0000e-12  3.6083214    25.2827  0.000e+00
     70.364     70.962    11.3830  37.580133    33.1662    197.005     0.0948      8.048    76.3780 1.0000e-12  3.1777658    25.2805  0.000e+00
     69.872     70.466    11.3990  37.593602    33.1653    198.363     0.1168      8.048    77.5400 1.0000e-12  3.0452872    25.2769  0.000e+00
