Arg_L1_T1_NV.cnv
* Sea-Bird SBE 9 Data File:
* FileName = S:\CTD_Data\CTD\Data\Argentina 2014\Data\Arg_L1_T1.hex
* Software Version Seasave V 7.21g
* Temperature SN = 5769
* Conductivity SN = 4244
* Number of Bytes Per Scan = 31
* Number of Voltage Words = 4
* Number of Scans Averaged by the Deck Unit = 24
* NMEA Latitude = 45 56.53 S
* NMEA Longitude = 057 43.08 W
* NMEA UTC (Time) = Feb 01 2014 12:15:13
* NMEA baud rate = 9600
** R/V Coriolis II
** MARES project, ARGENTINA 2014
** Chief scientist : Dr. Gustavo Ferreyra
** Co-Chief scientist : Dr. José Luis Esteves
# nquan = 13
# nvalues = 2265                                  
# units = specified
# name 0 = depSM: Depth [salt water, m]
# name 1 = prDM: Pressure, Digiquartz [db]
# name 2 = t090C: Temperature [ITS-90, deg C]
# name 3 = c0mS/cm: Conductivity [mS/cm]
# name 4 = sal00: Salinity, Practical [PSU]
# name 5 = sbeox0Mm/Kg: Oxygen, SBE 43 [umol/Kg]
# name 6 = flECO-AFL: Fluorescence, WET Labs ECO-AFL/FL [mg/m^3]
# name 7 = ph: pH
# name 8 = CStarTr0: Beam Transmission, WET Labs C-Star [%]
# name 9 = par: PAR/Irradiance, Biospherical/Licor
# name 10 = upoly0: Upoly 0, Nitrate
# name 11 = sigma-é00: Density [sigma-theta, Kg/m^3]
# name 12 = flag:  0.000e+00
# span 0 =     -0.218,    603.160                 
# span 1 =     -0.219,    609.044                 
# span 2 =     2.9217,    12.9465                 
# span 3 =   4.422748,  40.011262                 
# span 4 =     3.1371,    34.2953                 
# span 5 =    169.263,    275.771                 
# span 6 =    -0.1396,     1.4795                 
# span 7 =      7.959,      8.255                 
# span 8 =    61.4530,    99.7983                 
# span 9 = 1.0799e-02, 5.5090e+02                 
# span 10 = -0.4985162,  24.871142                
# span 11 =     1.8287,    27.3330                
# span 12 = 0.0000e+00, 0.0000e+00                
# interval = seconds: 1
# start_time = Feb 01 2014 12:15:13 [NMEA time, header]
# bad_flag = -9.990e-29
*END*
[from data line 2223]
      2.699      2.721    12.9430  40.007648    34.1386    221.916     0.3952      8.238    94.4274 3.1217e+02  0.5613128    25.7370  0.000e+00
      2.598      2.619    12.9424  40.007261    34.1388    222.491     0.4099      8.238    94.4015 3.3116e+02  1.1574667    25.7372  0.000e+00
      2.563      2.584    12.9439  40.008680    34.1388    222.331     0.6150      8.238    94.3499 3.2198e+02  1.4886632    25.7369  0.000e+00
      2.521      2.541    12.9429  40.007518    34.1386    221.394     0.5271      8.238    94.4532 3.2931e+02  1.5880222    25.7370  0.000e+00
      2.509      2.530    12.9423  40.006938    34.1387    221.608     0.3879      8.238    94.4790 3.3870e+02  1.4555436    25.7371  0.000e+00
      2.448      2.468    12.9421  40.006808    34.1387    222.031     0.3732      8.238    94.4790 3.5528e+02  0.8593897    25.7372  0.000e+00
      2.294      2.313    12.9438  40.008486    34.1388    222.018     0.3586      8.238    94.3757 3.5329e+02  0.8593897    25.7369  0.000e+00
      2.511      2.532    12.9450  40.009713    34.1388    221.654     0.3806      8.238    94.3499 3.4446e+02  0.7931504    25.7367  0.000e+00
      2.746      2.768    12.9451  40.009972    34.1389    222.024     0.3879      8.238    94.3757 2.8773e+02  0.5613128    25.7368  0.000e+00
      2.450      2.470    12.9441  40.008809    34.1388    222.232     0.4025      8.238    94.4274 3.0352e+02  1.6873812    25.7369  0.000e+00
      2.034      2.051    12.9415  40.006226    34.1388    221.656     0.4318      8.238    94.3757 3.4543e+02  1.8198598    25.7374  0.000e+00
      2.266      2.284    12.9436  40.008550    34.1390    221.653     0.4172      8.238    94.4015 3.5829e+02  1.8198598    25.7372  0.000e+00
      2.865      2.888    12.9448  40.009843    34.1390    221.512     0.4758      8.238    94.4015 3.0523e+02  1.6542615    25.7369  0.000e+00
      2.844      2.867    12.9436  40.008552    34.1388    221.152     0.5124      8.238    94.4015 2.9677e+02  0.6606718    25.7370  0.000e+00
      2.720      2.742    12.9445  40.009520    34.1390    221.356     0.4978      8.238    94.3499 3.0695e+02  1.6211419    25.7370  0.000e+00
      2.751      2.774    12.9454  40.010424    34.1390    221.564     0.4538      8.238    94.3499 2.9593e+02  1.7536205    25.7368  0.000e+00
      2.395      2.415    12.9463  40.010874    34.1388    221.550     0.4392      8.238    94.4015 2.9262e+02  1.3893043    25.7364  0.000e+00
      1.620      1.634    12.9456  40.010097    34.1390    221.531     0.4611      8.238    94.3241 3.7478e+02  0.0313983    25.7367  0.000e+00
      1.398      1.409    12.9461  40.009967    34.1385    221.159     0.4611      8.238    94.3499 2.6895e+02  1.1243470    25.7363  0.000e+00
      2.012      2.029    12.9461  40.010744    34.1391    221.904     0.4172      8.238    94.3499 2.7818e+02  0.7931504    25.7367  0.000e+00
      2.590      2.611    12.9465  40.011262    34.1389    221.401     0.3806      8.238    94.3757 2.9593e+02  0.6275521    25.7365  0.000e+00
      2.279      2.298    12.9460  40.010680    34.1390    220.972     0.4025      8.243    94.3241 2.7662e+02  1.3230650    25.7366  0.000e+00
      1.320      1.331    12.9452  40.009321    34.1388    221.372     0.4318      8.238    94.3241 3.8008e+02  0.9256291    25.7366  0.000e+00
      0.725      0.731    12.9448  40.008544    34.1387    221.357     0.4245      8.243    94.2724 4.2176e+02  1.4886632    25.7366  0.000e+00
      0.747      0.753    12.9455  40.009448    34.1388    221.718     0.4172      8.243    94.2466 4.6537e+02  1.7205009    25.7366  0.000e+00
      0.527      0.532    12.9452  40.008737    34.1386    222.077     0.3879      8.238    94.1950 4.8816e+02  1.2237060    25.7364  0.000e+00
     -0.119     -0.120    12.9418  31.527676    26.2082    235.312     0.3732      8.238    82.6527 4.9229e+02  1.3561846    19.6041  0.000e+00
     -0.218     -0.219    12.8790   4.422748     3.1371    275.771     0.5857      8.243    65.4812 5.0633e+02  0.0313983     1.8287  0.000e+00
     -0.212     -0.214    12.8083   6.159855     4.4760    264.541     0.3000      8.248    75.2160 5.3112e+02 -0.4985162     2.8731  0.000e+00
     -0.206     -0.208    12.7461  13.785044    10.6693    242.025    -0.1249      8.253    76.6620 5.4935e+02 -0.4985162     7.6584  0.000e+00
     -0.212     -0.213    12.7270  23.269487    18.8744    219.616    -0.1249      8.244    72.1174 5.3562e+02 -0.4985162    13.9839  0.000e+00
     -0.202     -0.203    12.7268  27.945580    23.0756    205.826    -0.1103      8.244    63.5446 5.4781e+02 -0.4985162    17.2244  0.000e+00
     -0.196     -0.197    12.7306  33.667755    28.3406    192.704    -0.0810      8.244    62.0469 5.5090e+02 -0.4653966    21.2905  0.000e+00
     -0.203     -0.204    12.7419  34.361703    28.9799    188.916    -0.1249      8.243    61.5047 5.0633e+02 -0.4985162    21.7827  0.000e+00
     -0.204     -0.206    12.7581  32.935619    27.6390    189.815    -0.1249      8.234    61.7371 4.5888e+02 -0.4985162    20.7431  0.000e+00
     -0.197     -0.198    12.9174  27.063146    22.1638    196.768    -0.1249      8.233    61.9436 3.9982e+02 -0.4985162    16.4877  0.000e+00
     -0.197     -0.198    12.9423  33.333155    27.8726    190.023    -0.1249      8.233    61.6596 3.3397e+02 -0.4653966    20.8895  0.000e+00
     -0.196     -0.198    12.9425  35.679525    30.0555    187.999    -0.0883      8.233    61.4530 2.5282e+02 -0.4653966    22.5767  0.000e+00
     -0.205     -0.206    12.9335  20.350530    16.2139    214.528    -0.0810      8.229    61.5305 2.1118e+02 -0.4653966    11.9000  0.000e+00
     -0.208     -0.209    12.9334  21.633467    17.3333    231.313    -0.1249      8.229    62.5117 1.6911e+02 -0.4653966    12.7623  0.000e+00
     -0.195     -0.196    12.9304  31.259934    25.9702    230.100    -0.1396      8.229    62.4601 1.6442e+02 -0.4653966    19.4224  0.000e+00
     -0.190     -0.192    12.9284  12.904991     9.8863    260.630    -0.1030      8.224    61.9694 1.6121e+02 -0.4653966     7.0282  0.000e+00
