Arg_L2_F8_NV.cnv
* Sea-Bird SBE 9 Data File:
* FileName = S:\CTD_Data\CTD\Data\Argentina 2014\Data\Arg_L2_F8.hex
* Software Version Seasave V 7.21g
* Temperature SN = 5769
* Conductivity SN = 4244
* Number of Bytes Per Scan = 31
* Number of Voltage Words = 4
* Number of Scans Averaged by the Deck Unit = 24
* NMEA Latitude = 46 32.44 S
* NMEA Longitude = 065 54.15 W
* NMEA UTC (Time) = Feb 08 2014 18:52:58
* NMEA baud rate = 9600
** R/V Coriolis II
** MARES project, ARGENTINA 2014
** Chief scientist : Dr. Gustavo Ferreyra
** Co-Chief scientist : Dr. José Luis Esteves
# nquan = 13
# nvalues = 589                                   
# units = specified
# name 0 = depSM: Depth [salt water, m]
# name 1 = prDM: Pressure, Digiquartz [db]
# name 2 = t090C: Temperature [ITS-90, deg C]
# name 3 = c0mS/cm: Conductivity [mS/cm]
# name 4 = sal00: Salinity, Practical [PSU]
# name 5 = sbeox0Mm/Kg: Oxygen, SBE 43 [umol/Kg]
# name 6 = flECO-AFL: Fluorescence, WET Labs ECO-AFL/FL [mg/m^3]
# name 7 = ph: pH
# name 8 = CStarTr0: Beam Transmission, WET Labs C-Star [%]
# name 9 = par: PAR/Irradiance, Biospherical/Licor
# name 10 = upoly0: Upoly 0, Nitrate
# name 11 = sigma-é00: Density [sigma-theta, Kg/m^3]
# name 12 = flag:  0.000e+00
# span 0 =     -0.268,     84.030                 
# span 1 =     -0.270,     84.747                 
# span 2 =    10.3490,    14.8690                 
# span 3 =   3.750996,  41.052146                 
# span 4 =     2.5291,    33.4189                 
# span 5 =    173.405,    267.664                 
# span 6 =    -0.1176,     3.2084                 
# span 7 =      7.967,      8.264                 
# span 8 =    54.7652,    97.8875                 
# span 9 = 1.0000e-12, 1.7644e+03                 
# span 10 = -0.7634735,  1.1243470                
# span 11 =     1.1391,    25.4979                
# span 12 = 0.0000e+00, 0.0000e+00                
# interval = seconds: 1
# start_time = Feb 08 2014 18:52:58 [NMEA time, header]
# bad_flag = -9.990e-29
*END*
[from data line 556]
      2.427      2.447    14.8543  41.038704    33.4158    218.225     0.5857      8.253    89.3921 1.0637e+03 -0.5647556    24.7824  0.000e+00
      2.333      2.352    14.8549  41.039029    33.4156    217.699     0.5417      8.253    89.3921 9.1898e+02 -0.5316359    24.7821  0.000e+00
      2.158      2.176    14.8536  41.037790    33.4156    217.926     0.5491      8.253    89.3663 1.1605e+03 -0.6309949    24.7824  0.000e+00
      2.255      2.274    14.8548  41.038833    33.4155    219.449     0.5784      8.253    89.3663 1.1284e+03 -0.5978752    24.7821  0.000e+00
      2.245      2.264    14.8566  41.040399    33.4154    218.959     0.5344      8.253    89.3663 9.9986e+02 -0.5978752    24.7816  0.000e+00
      1.996      2.013    14.8546  41.038572    33.4156    218.881     0.5417      8.253    89.3663 1.0429e+03 -0.5978752    24.7821  0.000e+00
      2.227      2.245    14.8545  41.038899    33.4159    220.600     0.6077      8.253    89.3663 9.0361e+02 -0.5647556    24.7824  0.000e+00
      2.369      2.389    14.8612  41.045421    33.4159    218.193     0.5784      8.253    89.3921 1.2591e+03 -0.4985162    24.7810  0.000e+00
      2.169      2.187    14.8592  41.043137    33.4157    217.114     0.5198      8.253    89.3663 1.0667e+03 -0.4985162    24.7812  0.000e+00
      2.299      2.318    14.8608  41.045355    33.4163    219.904     0.5857      8.253    89.3663 1.0879e+03 -0.5647556    24.7813  0.000e+00
      2.317      2.336    14.8650  41.048681    33.4157    219.071     0.5564      8.253    89.3663 9.6127e+02 -0.4985162    24.7800  0.000e+00
      2.093      2.111    14.8627  41.046724    33.4160    217.804     0.5344      8.253    89.3663 9.4785e+02 -0.5647556    24.7807  0.000e+00
      2.211      2.230    14.8615  41.045485    33.4159    219.712     0.5857      8.253    89.3663 1.0518e+03 -0.5978752    24.7809  0.000e+00
      2.469      2.490    14.8618  41.046008    33.4159    219.236     0.6077      8.253    89.4180 1.0197e+03 -0.5647556    24.7808  0.000e+00
      2.402      2.422    14.8611  41.045290    33.4159    220.161     0.5637      8.253    89.3921 7.9846e+02 -0.4985162    24.7810  0.000e+00
      2.082      2.099    14.8613  41.045485    33.4160    217.850     0.5784      8.253    89.3663 1.1379e+03 -0.4985162    24.7810  0.000e+00
      1.583      1.596    14.8615  41.045287    33.4159    216.566     0.6443      8.253    89.3663 1.3134e+03 -0.4985162    24.7809  0.000e+00
      1.103      1.112    14.8599  41.043133    33.4155    219.394     0.6882      8.253    89.3663 1.4249e+03 -0.4985162    24.7809  0.000e+00
      0.453      0.457    14.8591  41.042413    33.4158    218.898     0.6296      8.258    89.3663 1.3738e+03 -0.5316359    24.7812  0.000e+00
      0.017      0.017    14.8594  41.035628    33.4095    218.814     0.5271      8.258    87.4039 1.3584e+03 -0.5978752    24.7764  0.000e+00
     -0.254     -0.256    14.7184   8.770625     6.2234    267.664     1.5674      8.253    67.4437 1.6262e+03 -0.4985162     3.9354  0.000e+00
     -0.249     -0.251    14.5604   4.687246     3.1955    262.526     0.4099      8.254    64.0868 1.6354e+03 -0.4985162     1.6337  0.000e+00
     -0.248     -0.250    14.4038  11.658057     8.5252    241.121    -0.1176      8.255    70.7488 1.6035e+03 -0.4985162     5.7524  0.000e+00
     -0.247     -0.249    14.3357  27.145813    21.4320    213.447    -0.1176      8.255    65.6361 1.5547e+03 -0.4985162    15.6676  0.000e+00
     -0.249     -0.252    14.3834  33.389041    26.8946    201.701    -0.1176      8.236    61.5821 1.4370e+03 -0.4985162    19.8578  0.000e+00
     -0.248     -0.250    14.4089  33.490946    26.9677    202.493    -0.1176      8.222    59.8004 1.5073e+03 -0.4985162    19.9090  0.000e+00
     -0.251     -0.253    14.4541  35.877703    29.0718    198.225    -0.0590      8.204    59.5164 1.6915e+03 -0.4985162    21.5196  0.000e+00
     -0.262     -0.264    14.4534  12.465066     9.1530    223.741     0.0802      8.190    59.4906 1.7106e+03 -0.4985162     6.2260  0.000e+00
     -0.268     -0.270    14.4419   4.572157     3.1214    231.292    -0.0590      8.180    59.4389 1.6492e+03 -0.4985162     1.5947  0.000e+00
     -0.257     -0.259    14.4376   3.750996     2.5291    232.144    -0.0956      8.167    58.8192 1.6539e+03 -0.4985162     1.1391  0.000e+00
     -0.244     -0.246    14.4994   4.371605     2.9715    232.170     0.0436      8.143    57.3474 1.7300e+03 -0.4985162     1.4705  0.000e+00
     -0.243     -0.245    14.5210  14.591531    10.8360    231.372    -0.0883      8.101    54.7652 1.7300e+03 -0.4985162     7.5055  0.000e+00
     -0.250     -0.252    14.5148  22.330712    17.2229    233.706    -0.1176      8.097    60.1619 1.7644e+03 -0.2004393    12.4038  0.000e+00
