Arg_L1_T9_NV.cnv
* Sea-Bird SBE 9 Data File:
* FileName = S:\CTD_Data\CTD\Data\Argentina 2014\Data\Arg_L1_T9.hex
* Software Version Seasave V 7.21g
* Temperature SN = 5769
* Conductivity SN = 4244
* Number of Bytes Per Scan = 31
* Number of Voltage Words = 4
* Number of Scans Averaged by the Deck Unit = 24
* NMEA Latitude = 46 02.12 S
* NMEA Longitude = 066 34.16 W
* NMEA UTC (Time) = Feb 03 2014 16:56:39
* NMEA baud rate = 9600
** R/V Coriolis II
** MARES project, ARGENTINA 2014
** Chief scientist : Dr. Gustavo Ferreyra
** Co-Chief scientist : Dr. José Luis Esteves
# nquan = 13
# nvalues = 604                                   
# units = specified
# name 0 = depSM: Depth [salt water, m]
# name 1 = prDM: Pressure, Digiquartz [db]
# name 2 = t090C: Temperature [ITS-90, deg C]
# name 3 = c0mS/cm: Conductivity [mS/cm]
# name 4 = sal00: Salinity, Practical [PSU]
# name 5 = sbeox0Mm/Kg: Oxygen, SBE 43 [umol/Kg]
# name 6 = flECO-AFL: Fluorescence, WET Labs ECO-AFL/FL [mg/m^3]
# name 7 = ph: pH
# name 8 = CStarTr0: Beam Transmission, WET Labs C-Star [%]
# name 9 = par: PAR/Irradiance, Biospherical/Licor
# name 10 = upoly0: Upoly 0, Nitrate
# name 11 = sigma-é00: Density [sigma-theta, Kg/m^3]
# name 12 = flag:  0.000e+00
# span 0 =     -0.265,     86.354                 
# span 1 =     -0.267,     87.087                 
# span 2 =     7.7055,    15.1429                 
# span 3 =   3.221317,  41.405312                 
# span 4 =     2.1480,    33.5059                 
# span 5 =    146.230,    273.523                 
# span 6 =    -0.2568,    26.8128                 
# span 7 =      7.777,      8.243                 
# span 8 =    60.8591,    95.9250                 
# span 9 = 1.0000e-12, 2.0307e+03                 
# span 10 = -0.7634735,  8.9074667                
# span 11 =     0.8348,    26.0743                
# span 12 = 0.0000e+00, 0.0000e+00                
# interval = seconds: 1
# start_time = Feb 03 2014 16:56:39 [NMEA time, header]
# bad_flag = -9.990e-29
*END*
[from data line 334]
     65.976     66.533     7.7484  34.538326    33.4153    147.084    -0.0370      7.781    75.0869 1.3765e-01  7.8476376    26.0669  0.000e+00
     65.427     65.980     7.7499  34.539664    33.4155    146.758    -0.0370      7.781    75.6291 1.5403e-01  7.4833214    26.0668  0.000e+00
     64.668     65.213     7.7540  34.542827    33.4154    146.730    -0.0370      7.781    76.2230 1.8199e-01  7.9469966    26.0661  0.000e+00
     64.190     64.732     7.7560  34.544226    33.4152    146.230    -0.0297      7.781    76.4038 2.0368e-01  7.4833214    26.0657  0.000e+00
     64.047     64.587     7.7557  34.543982    33.4153    146.712    -0.0444      7.781    76.3263 2.1087e-01  6.8871675    26.0658  0.000e+00
     63.821     64.360     7.7579  34.545929    33.4154    147.010    -0.0444      7.781    76.4296 2.1977e-01  8.0132359    26.0655  0.000e+00
     63.297     63.831     7.7632  34.550494    33.4155    146.672    -0.0444      7.781    77.4625 2.4338e-01  7.5826803    26.0648  0.000e+00
     62.603     63.131     7.7693  34.555484    33.4153    146.638    -0.0517      7.781    77.9273 2.7903e-01  7.8145179    26.0638  0.000e+00
     61.985     62.507     7.7723  34.557979    33.4154    146.616    -0.0444      7.781    77.4883 3.2008e-01  7.9801162    26.0634  0.000e+00
     61.677     62.197     7.7722  34.557429    33.4150    146.611    -0.0444      7.781    77.8498 3.4250e-01  7.0858855    26.0631  0.000e+00
     61.755     62.276     7.7685  34.554751    33.4157    147.107    -0.0444      7.781    77.4367 3.3704e-01  8.1125949    26.0642  0.000e+00
     61.891     62.413     7.7754  34.560718    33.4155    147.086    -0.0590      7.781    77.6432 3.2953e-01  8.3113128    26.0630  0.000e+00
     62.000     62.523     7.7769  34.561937    33.4152    146.774    -0.0517      7.781    78.0564 3.2008e-01  8.0132359    26.0626  0.000e+00
     61.881     62.403     7.7772  34.562180    33.4153    146.770    -0.0444      7.781    79.3217 3.2216e-01  7.3177231    26.0626  0.000e+00
     61.725     62.246     7.7779  34.562788    33.4154    146.765    -0.0517      7.781    79.8639 3.3704e-01  6.9202872    26.0626  0.000e+00
     61.880     62.401     7.7773  34.562363    33.4154    146.770    -0.0444      7.781    79.7864 3.3166e-01  6.0922957    26.0627  0.000e+00
     62.078     62.601     7.7761  34.561328    33.4153    146.778    -0.0590      7.781    79.8123 3.1596e-01  5.8273385    26.0628  0.000e+00
     61.902     62.424     7.7765  34.561754    33.4155    146.773    -0.0444      7.781    79.8639 3.2216e-01  6.1254154    26.0629  0.000e+00
     61.568     62.087     7.7787  34.563579    33.4155    146.759    -0.0370      7.781    79.7348 3.4360e-01  7.2514838    26.0626  0.000e+00
     61.525     62.044     7.7799  34.564493    33.4154    146.754    -0.0370      7.781    79.5540 3.5252e-01  7.0527658    26.0623  0.000e+00
     61.847     62.368     7.7776  34.562667    33.4154    146.768    -0.0370      7.781    79.5282 3.3273e-01  6.7878085    26.0626  0.000e+00
     62.118     62.641     7.7762  34.561511    33.4154    146.778    -0.0370      7.781    79.6832 3.1087e-01  6.5228513    26.0628  0.000e+00
     61.986     62.508     7.7768  34.561998    33.4155    146.774    -0.0444      7.781    79.8639 3.1494e-01  6.8540479    26.0628  0.000e+00
     61.681     62.201     7.7784  34.563458    33.4156    146.762    -0.0517      7.781    79.8123 3.3704e-01  6.8871675    26.0627  0.000e+00
     61.610     62.130     7.7798  34.564554    33.4154    146.756    -0.0444      7.781    79.7606 3.5027e-01  7.6820393    26.0624  0.000e+00
     61.874     62.395     7.7782  34.563154    33.4153    146.767    -0.0297      7.786    79.7864 3.3166e-01  8.8412274    26.0625  0.000e+00
     62.048     62.571     7.7768  34.562120    33.4155    146.775    -0.0297      7.781    79.8381 3.1392e-01  8.8412274    26.0629  0.000e+00
     61.813     62.334     7.7779  34.562971    33.4155    146.767    -0.0370      7.781    79.9414 3.2847e-01  8.0132359    26.0627  0.000e+00
     61.643     62.162     7.7796  34.564310    33.4154    146.758    -0.0517      7.781    79.8897 3.4470e-01  7.6158000    26.0624  0.000e+00
     61.790     62.311     7.7800  34.564798    33.4155    146.759    -0.0517      7.781    79.9672 3.3488e-01  7.2846034    26.0624  0.000e+00
     61.844     62.365     7.7782  34.563276    33.4155    146.767    -0.0444      7.781    79.9672 3.2953e-01  6.9534068    26.0626  0.000e+00
     61.729     62.250     7.7798  34.564554    33.4154    146.759    -0.0517      7.781    80.0705 3.3596e-01  6.9865265    26.0624  0.000e+00
     61.804     62.325     7.7791  34.564006    33.4155    146.763    -0.0370      7.781    80.0188 3.3488e-01  7.2183641    26.0625  0.000e+00
     61.903     62.425     7.7780  34.563154    33.4155    146.769    -0.0370      7.786    80.0963 3.2530e-01  7.1521248    26.0627  0.000e+00
     61.789     62.310     7.7795  34.564433    33.4156    146.761    -0.0444      7.786    80.1221 3.3273e-01  6.5890906    26.0625  0.000e+00
     61.777     62.298     7.7800  34.564798    33.4155    146.760    -0.0370      7.786    80.0447 3.3813e-01  7.1521248    26.0624  0.000e+00
     61.900     62.422     7.7776  34.562728    33.4154    146.770    -0.0370      7.786    80.0447 3.2847e-01  7.1852444    26.0627  0.000e+00
     61.862     62.384     7.7781  34.563215    33.4155    146.768    -0.0370      7.786    80.1221 3.3059e-01  7.1190051    26.0627  0.000e+00
     61.780     62.301     7.7798  34.564676    33.4155    146.760    -0.0444      7.786    80.0963 3.3813e-01  6.8871675    26.0624  0.000e+00
     61.762     62.282     7.7797  34.564554    33.4155    146.760    -0.0517      7.781    80.1221 3.3813e-01  6.8209282    26.0624  0.000e+00
     61.595     62.114     7.7805  34.565224    33.4156    146.755    -0.0444      7.786    80.1479 3.4692e-01  6.8209282    26.0624  0.000e+00
     61.335     61.852     7.7820  34.566441    33.4155    146.744    -0.0444      7.786    80.1738 3.6979e-01  6.7878085    26.0621  0.000e+00
     61.267     61.784     7.7830  34.567293    33.4155    146.740    -0.0444      7.786    80.1221 3.7930e-01  6.9202872    26.0619  0.000e+00
     61.433     61.951     7.7830  34.567415    33.4155    147.225    -0.0370      7.786    80.0963 3.6511e-01  7.6820393    26.0620  0.000e+00
     61.473     61.991     7.7831  34.567537    33.4156    147.226    -0.0517      7.786    80.1996 3.5705e-01  7.9801162    26.0620  0.000e+00
     61.191     61.707     7.7841  34.568267    33.4155    146.908    -0.0444      7.786    80.3287 3.8051e-01  6.7878085    26.0618  0.000e+00
     60.875     61.388     7.7850  34.568875    33.4154    146.899    -0.0444      7.786    80.1221 4.1045e-01  5.8273385    26.0616  0.000e+00
     60.856     61.369     7.7868  34.570458    33.4155    146.892    -0.0517      7.786    80.1479 4.1826e-01  7.2846034    26.0614  0.000e+00
     61.052     61.567     7.7861  34.570033    33.4155    146.898    -0.0444      7.786    80.1221 3.9398e-01  7.7482786    26.0615  0.000e+00
     60.893     61.407     7.7875  34.571189    33.4156    146.890    -0.0444      7.786    80.2254 3.9899e-01  7.4502017    26.0613  0.000e+00
     60.487     60.997     7.7888  34.572284    33.4156    146.878    -0.0444      7.786    80.4320 4.3427e-01  7.1521248    26.0612  0.000e+00
     60.274     60.782     7.7896  34.572710    33.4154    146.872    -0.0444      7.786    80.3287 4.6076e-01  7.4833214    26.0609  0.000e+00
     60.461     60.971     7.7919  34.574781    33.4154    146.867    -0.0297      7.786    80.1996 4.4387e-01  7.6489197    26.0606  0.000e+00
     60.689     61.201     7.7901  34.573442    33.4156    146.878    -0.0444      7.786    80.1221 4.1957e-01  7.6158000    26.0610  0.000e+00
     60.696     61.208     7.7897  34.573077    33.4156    146.879    -0.0444      7.786    80.3803 4.2089e-01  7.5826803    26.0611  0.000e+00
     60.470     60.979     7.7923  34.575208    33.4154    146.866    -0.0444      7.786    80.6644 4.3973e-01  7.5826803    26.0605  0.000e+00
     60.355     60.864     7.7933  34.576121    33.4155    146.860    -0.0444      7.786    80.6386 4.5791e-01  7.9138769    26.0605  0.000e+00
     60.433     60.942     7.7937  34.576486    33.4155    146.861    -0.0444      7.786    80.7418 4.5365e-01  7.3177231    26.0604  0.000e+00
     60.525     61.035     7.7919  34.574964    33.4156    146.869    -0.0444      7.786    80.7935 4.3973e-01  6.8209282    26.0607  0.000e+00
     60.366     60.875     7.7933  34.576182    33.4156    146.861    -0.0444      7.786    80.8451 4.4944e-01  6.5559709    26.0606  0.000e+00
     60.268     60.776     7.7951  34.577704    33.4155    146.853    -0.0444      7.786    80.7935 4.6076e-01  7.7482786    26.0602  0.000e+00
     60.397     60.906     7.7937  34.576425    33.4154    146.860    -0.0444      7.786    80.7935 4.5084e-01  6.5890906    26.0603  0.000e+00
     60.511     61.021     7.7913  34.574416    33.4156    146.871    -0.0444      7.786    80.8193 4.3836e-01  6.8209282    26.0608  0.000e+00
     60.475     60.985     7.7914  34.574599    33.4157    146.870    -0.0517      7.786    80.8710 4.4249e-01  7.5164410    26.0609  0.000e+00
     60.416     60.925     7.7923  34.575268    33.4155    147.347    -0.0444      7.786    80.9226 4.5084e-01  7.0196462    26.0606  0.000e+00
     60.380     60.889     7.7935  34.576364    33.4156    147.343    -0.0444      7.786    80.8710 4.5649e-01  7.0196462    26.0605  0.000e+00
     60.304     60.812     7.7952  34.577887    33.4156    147.026    -0.0517      7.786    80.8968 4.6076e-01  7.3508427    26.0603  0.000e+00
     60.304     60.812     7.7960  34.578496    33.4156    146.542    -0.0444      7.786    80.9742 4.5933e-01  7.6158000    26.0601  0.000e+00
     60.428     60.938     7.7936  34.576425    33.4155    146.552    -0.0444      7.786    80.9484 4.4525e-01  6.7546889    26.0604  0.000e+00
     60.481     60.990     7.7923  34.575390    33.4156    146.867    -0.0444      7.786    80.8710 4.3973e-01  6.7546889    26.0607  0.000e+00
     60.469     60.979     7.7925  34.575634    33.4157    147.348    -0.0517      7.786    80.9484 4.4111e-01  6.3572530    26.0607  0.000e+00
     60.414     60.923     7.7940  34.576852    33.4156    147.342    -0.0517      7.786    80.9484 4.4804e-01  6.8209282    26.0605  0.000e+00
     60.176     60.683     7.7964  34.578922    33.4156    146.538    -0.0444      7.786    80.9484 4.6508e-01  8.4437915    26.0601  0.000e+00
     59.646     60.149     7.8015  34.583305    33.4157    146.510    -0.0590      7.786    81.0001 5.0714e-01  7.2183641    26.0594  0.000e+00
     59.061     59.559     7.8054  34.586410    33.4156    147.276    -0.0444      7.786    81.0259 5.6287e-01  7.3177231    26.0587  0.000e+00
     58.498     58.990     7.8138  34.593596    33.4156    147.236    -0.0444      7.786    81.1292 6.2042e-01  7.2183641    26.0575  0.000e+00
     57.925     58.413     7.8259  34.604438    33.4158    146.875    -0.0370      7.786    81.1808 6.7928e-01  6.9534068    26.0560  0.000e+00
     57.245     57.727     7.8514  34.626797    33.4158    147.254    -0.0444      7.786    81.3099 7.5680e-01  7.0858855    26.0522  0.000e+00
     56.571     57.048     7.8728  34.645383    33.4155    147.647    -0.0444      7.786    81.8522 8.4257e-01  6.4234923    26.0489  0.000e+00
     55.938     56.409     7.8966  34.666717    33.4159    147.723    -0.0444      7.790    82.5235 9.2919e-01  6.6553299    26.0457  0.000e+00
     55.361     55.826     7.9239  34.690129    33.4151    147.790    -0.0444      7.790    83.0400 1.0212e+00  7.4833214    26.0411  0.000e+00
     54.907     55.369     7.9399  34.704826    33.4158    148.375    -0.0297      7.790    83.5564 1.0959e+00  6.4897316    26.0393  0.000e+00
     54.410     54.868     7.9884  34.749543    33.4174    148.841    -0.0370      7.795    84.0470 1.1621e+00  6.7546889    26.0335  0.000e+00
     53.663     54.114     8.0451  34.798129    33.4155    148.971    -0.0370      7.795    84.7184 1.2835e+00  6.8209282    26.0237  0.000e+00
     52.804     53.248     8.0961  34.846069    33.4184    149.587    -0.0444      7.795    84.2020 1.4463e+00  6.8871675    26.0184  0.000e+00
     52.036     52.474     8.1704  34.912986    33.4192    150.592    -0.0370      7.799    83.6081 1.6008e+00  7.0858855    26.0080  0.000e+00
     51.350     51.781     8.2684  34.999777    33.4184    151.676    -0.0297      7.803    84.2536 1.7309e+00  7.7151590    25.9929  0.000e+00
     50.641     51.066     8.4372  35.154490    33.4223    152.189    -0.0297      7.808    85.3381 1.8605e+00  7.4833214    25.9705  0.000e+00
     49.916     50.335     8.5145  35.224092    33.4228    154.128    -0.0150      7.812    87.2231 2.0226e+00  7.4170821    25.9591  0.000e+00
     49.259     49.673     8.6481  35.341650    33.4204    155.843    -0.0297      7.817    88.4109 2.1986e+00  8.0463556    25.9368  0.000e+00
     48.543     48.951     8.7043  35.389514    33.4179    157.428    -0.0150      7.821    89.8569 2.3894e+00  6.6222103    25.9262  0.000e+00
     47.714     48.115     8.7573  35.435251    33.4163    159.017     0.0069      7.826    90.5541 2.6567e+00  6.3903726    25.9167  0.000e+00
     47.050     47.446     8.7674  35.444535    33.4168    159.570     0.0436      7.830    89.7536 2.9114e+00  6.3903726    25.9156  0.000e+00
     46.490     46.880     8.7824  35.457879    33.4168    160.108     0.0362      7.830    90.8640 3.0914e+00  6.4897316    25.9132  0.000e+00
     45.647     46.030     8.7967  35.469994    33.4164    160.305     0.0729      7.835    91.3804 3.3677e+00  6.1585350    25.9107  0.000e+00
     44.716     45.091     8.8144  35.485679    33.4166    160.489     0.1241      7.840    91.3029 3.7743e+00  6.5890906    25.9081  0.000e+00
     44.092     44.462     8.8539  35.520201    33.4158    160.714     0.1315      7.844    91.2255 4.0411e+00  6.3903726    25.9013  0.000e+00
     43.619     43.984     8.8728  35.538913    33.4178    161.019     0.1315      7.849    91.6128 4.1815e+00  5.4961419    25.9000  0.000e+00
     42.873     43.233     9.1403  35.767417    33.4048    161.123     0.2047      7.853    93.4461 4.4767e+00  5.3305436    25.8477  0.000e+00
     41.972     42.324     9.2519  35.864737    33.4017    163.131     0.2780      7.862    93.7044 5.0153e+00  4.2707145    25.8274  0.000e+00
     41.253     41.598     9.3268  35.931364    33.4009    165.430     0.2926      7.867    93.1105 5.4920e+00  4.3700735    25.8148  0.000e+00
     40.643     40.984     9.4268  36.027376    33.4069    167.223     0.2780      7.876    93.6011 5.8955e+00  4.4694325    25.8033  0.000e+00
     39.875     40.209     9.8037  36.360301    33.3984    168.057     0.3659      7.884    93.8335 6.4368e+00  4.0388769    25.7349  0.000e+00
     39.016     39.342     9.9221  36.463043    33.3939    171.356     0.4172      7.902    94.8405 7.1275e+00  3.8401590    25.7117  0.000e+00
     38.283     38.604    10.0775  36.605321    33.3952    175.048     0.4685      7.916    94.8405 7.8251e+00  3.3764838    25.6867  0.000e+00
     37.750     38.067    10.1953  36.709772    33.3927    177.831     0.4904      7.920    94.9696 8.3985e+00  2.3828940    25.6648  0.000e+00
     37.270     37.582    10.3442  36.857991    33.4057    178.663     0.6296      7.929    95.4602 8.7129e+00 -0.0348410    25.6495  0.000e+00
     36.525     36.831    11.4412  37.880755    33.4238    174.314     0.7688      7.935    95.6410 9.2982e+00  0.4950735    25.4695  0.000e+00
     35.613     35.911    12.3086  38.661917    33.4052    176.103     0.7908      7.956    95.3569 1.0619e+01  1.2568256    25.2930  0.000e+00
     34.892     35.184    12.7264  39.047509    33.4037    182.811     0.7981      7.982    95.3311 1.1788e+01  1.4555436    25.2111  0.000e+00
