Arg_Leg3_G04_NV.cnv
* Sea-Bird SBE 9 Data File:
* FileName = S:\CTD_Data\CTD\Data\Argentina 2014\Data\Leg3\Arg_Leg3_G04.hex
* Software Version Seasave V 7.21g
* Temperature SN = 5769
* Conductivity SN = 4244
* Number of Bytes Per Scan = 31
* Number of Voltage Words = 4
* Number of Scans Averaged by the Deck Unit = 24
* NMEA Latitude = 45 30.04 S
* NMEA Longitude = 066 52.29 W
* NMEA UTC (Time) = Feb 15 2014 08:58:02
* NMEA baud rate = 9600
** R/V Coriolis II
** MARES project, ARGENTINA 2014
** Chief scientist : Dr. Gustavo Ferreyra
** Co-Chief scientist : Dr. José Luis Esteves
# nquan = 13
# nvalues = 579                                   
# units = specified
# name 0 = depSM: Depth [salt water, m]
# name 1 = prDM: Pressure, Digiquartz [db]
# name 2 = t090C: Temperature [ITS-90, deg C]
# name 3 = c0mS/cm: Conductivity [mS/cm]
# name 4 = sal00: Salinity, Practical [PSU]
# name 5 = sbeox0Mm/Kg: Oxygen, SBE 43 [umol/Kg]
# name 6 = flECO-AFL: Fluorescence, WET Labs ECO-AFL/FL [mg/m^3]
# name 7 = ph: pH
# name 8 = CStarTr0: Beam Transmission, WET Labs C-Star [%]
# name 9 = par: PAR/Irradiance, Biospherical/Licor
# name 10 = upoly0: Upoly 0, Nitrate
# name 11 = sigma-é00: Density [sigma-theta, Kg/m^3]
# name 12 = flag:  0.000e+00
# span 0 =     -0.097,     81.416                 
# span 1 =     -0.098,     82.102                 
# span 2 =     8.7861,    14.9495                 
# span 3 =   4.071783,  41.075316                 
# span 4 =     2.7359,    33.4598                 
# span 5 =    127.116,    269.036                 
# span 6 =    -0.1249,     0.9593                 
# span 7 =      7.736,      8.230                 
# span 8 =    38.7299,    97.8875                 
# span 9 = 1.0000e-12, 1.0033e+00                 
# span 10 = -0.7634735,  4.0719966                
# span 11 =     1.2471,    25.9167                
# span 12 = 0.0000e+00, 0.0000e+00                
# interval = seconds: 1
# start_time = Feb 15 2014 08:58:02 [NMEA time, header]
# bad_flag = -9.990e-29
*END*
[from data line 445]
     28.612     28.850    13.9911  40.144557    33.3292    211.281     0.3586      8.196    97.3710 1.5980e-03 -0.4985162    24.8988  0.000e+00
     27.975     28.207    14.0627  40.212766    33.3305    211.696     0.3879      8.201    97.3710 1.5980e-03 -0.4985162    24.8849  0.000e+00
     27.230     27.456    14.1434  40.287557    33.3301    211.673     0.4245      8.200    97.2161 2.8812e-03 -0.4985162    24.8678  0.000e+00
     26.447     26.667    14.1987  40.338052    33.3292    212.505     0.4245      8.205    97.1903 3.7548e-03 -0.6641145    24.8555  0.000e+00
     25.819     26.033    14.2146  40.355666    33.3320    213.163     0.4245      8.209    97.1903 2.8812e-03 -0.4985162    24.8543  0.000e+00
     25.230     25.439    14.2278  40.369461    33.3335    214.677     0.4392      8.209    97.1386 3.7548e-03 -0.4985162    24.8527  0.000e+00
     24.485     24.688    14.2893  40.427517    33.3341    214.781     0.4538      8.209    96.9837 3.1707e-03 -0.4985162    24.8403  0.000e+00
     23.614     23.809    14.3307  40.468940    33.3369    216.453     0.4831      8.213    96.8804 5.6990e-03 -0.4985162    24.8337  0.000e+00
     22.812     23.001    14.3661  40.502337    33.3373    214.458     0.5344      8.213    96.9063 5.3953e-03 -0.5647556    24.8265  0.000e+00
     22.216     22.400    14.3638  40.500907    33.3383    214.911     0.5784      8.218    96.8804 8.1915e-03 -0.5978752    24.8277  0.000e+00
     21.922     22.104    14.3168  40.453631    33.3355    216.735     0.5710      8.213    96.8546 6.3117e-03 -0.5978752    24.8355  0.000e+00
     21.774     21.955    14.3005  40.440860    33.3379    215.431     0.5344      8.214    96.7771 8.1915e-03 -0.6309949    24.8408  0.000e+00
     21.635     21.814    14.3837  40.521988    33.3407    214.129     0.5637      8.213    96.8288 1.0136e-02 -0.5978752    24.8254  0.000e+00
     21.496     21.674    14.4027  40.538338    33.3394    215.762     0.7249      8.213    96.8030 1.2318e-02 -0.4985162    24.8204  0.000e+00
     21.218     21.394    14.4045  40.540024    33.3396    216.284     0.7176      8.213    96.5189 1.1638e-02 -0.4985162    24.8201  0.000e+00
     20.785     20.957    14.4061  40.541839    33.3400    216.323     0.6882      8.218    96.2349 1.0466e-02 -0.5978752    24.8201  0.000e+00
     20.287     20.455    14.4017  40.538074    33.3405    217.850     0.7176      8.218    96.3382 1.1807e-02 -0.4985162    24.8214  0.000e+00
     20.045     20.211    14.4072  40.543070    33.3405    217.237     0.7615      8.218    96.3124 1.2489e-02 -0.4985162    24.8202  0.000e+00
     20.088     20.254    14.4116  40.547353    33.3406    215.905     0.7249      8.218    96.3382 1.1638e-02 -0.5978752    24.8194  0.000e+00
     20.098     20.264    14.4171  40.553323    33.3413    216.223     0.7395      8.218    96.3124 1.2833e-02 -0.4985162    24.8188  0.000e+00
     20.021     20.187    14.4243  40.560008    33.3413    215.698     0.7981      8.218    96.1832 1.1301e-02 -0.4985162    24.8172  0.000e+00
     20.012     20.177    14.4247  40.560657    33.3415    217.558     0.8567      8.218    96.1316 1.1977e-02 -0.5978752    24.8173  0.000e+00
     20.112     20.278    14.4242  40.560722    33.3420    217.265     0.8861      8.222    96.2607 1.1301e-02 -0.4985162    24.8178  0.000e+00
     20.191     20.358    14.4232  40.559879    33.3420    217.823     0.7835      8.222    96.1574 1.2833e-02 -0.4985162    24.8181  0.000e+00
     20.247     20.415    14.4225  40.559295    33.3421    217.186     0.8421      8.222    96.1058 1.1301e-02 -0.6641145    24.8182  0.000e+00
     20.325     20.493    14.4215  40.558581    33.3422    215.194     0.9373      8.222    96.2091 1.1469e-02 -0.4985162    24.8185  0.000e+00
     20.228     20.395    14.4231  40.560138    33.3423    216.795     0.9227      8.222    95.8476 1.0632e-02 -0.4985162    24.8183  0.000e+00
     19.971     20.136    14.4241  40.561111    33.3425    217.365     0.7688      8.222    95.8992 1.2147e-02 -0.6641145    24.8182  0.000e+00
     19.943     20.108    14.4222  40.559359    33.3426    216.448     0.8128      8.222    96.0541 1.1638e-02 -0.4985162    24.8187  0.000e+00
     20.211     20.378    14.4200  40.557283    33.3424    217.151     0.7322      8.222    95.9508 1.0799e-02 -0.4985162    24.8190  0.000e+00
     20.273     20.441    14.4180  40.555531    33.3425    217.355     0.7249      8.222    95.9250 1.0632e-02 -0.5978752    24.8195  0.000e+00
     20.060     20.226    14.4182  40.555660    33.3426    216.275     0.7615      8.222    95.9767 1.1807e-02 -0.4985162    24.8195  0.000e+00
     20.030     20.196    14.4173  40.554881    33.3426    216.621     0.8055      8.222    96.0283 1.1977e-02 -0.4985162    24.8198  0.000e+00
     20.199     20.367    14.4169  40.554687    33.3427    217.015     0.8055      8.222    96.0541 1.2147e-02 -0.5316359    24.8199  0.000e+00
     20.217     20.384    14.4163  40.554103    33.3427    216.481     0.7469      8.222    96.0283 1.0799e-02 -0.4985162    24.8200  0.000e+00
     20.073     20.239    14.4178  40.555465    33.3427    216.470     0.7981      8.222    95.9508 1.0632e-02 -0.4985162    24.8197  0.000e+00
     20.091     20.257    14.4170  40.554621    33.3426    216.669     0.8348      8.222    95.9767 1.2489e-02 -0.5316359    24.8198  0.000e+00
     20.215     20.383    14.4163  40.554233    33.3428    216.332     0.7176      8.222    96.0283 1.1638e-02 -0.5978752    24.8201  0.000e+00
     20.213     20.380    14.4172  40.555076    33.3428    217.700     0.7395      8.222    96.0025 1.1638e-02 -0.4985162    24.8199  0.000e+00
     20.087     20.253    14.4265  40.564487    33.3434    217.162     0.8348      8.222    95.9250 1.1301e-02 -0.6641145    24.8184  0.000e+00
     20.063     20.229    14.4280  40.565330    33.3429    216.723     0.9300      8.222    95.9508 1.0632e-02 -0.6641145    24.8177  0.000e+00
     20.103     20.269    14.4242  40.562215    33.3433    217.814     0.8201      8.222    95.9508 1.0301e-02 -0.4985162    24.8188  0.000e+00
     20.124     20.290    14.4237  40.561696    33.3433    217.966     0.8348      8.222    96.0541 1.1469e-02 -0.4985162    24.8189  0.000e+00
     20.103     20.269    14.4254  40.563383    33.3434    217.227     0.9007      8.222    96.0283 1.0466e-02 -0.4985162    24.8186  0.000e+00
     20.151     20.318    14.4334  40.571172    33.3437    217.342     0.9593      8.222    96.0541 1.0466e-02 -0.4985162    24.8172  0.000e+00
     20.261     20.429    14.4262  40.564228    33.3434    217.571     0.9373      8.222    96.1058 9.6436e-03 -0.4985162    24.8184  0.000e+00
     20.277     20.444    14.4243  40.562475    33.3435    216.014     0.8128      8.222    96.0541 8.9937e-03 -0.4985162    24.8189  0.000e+00
     20.205     20.372    14.4231  40.561437    33.3435    216.017     0.8494      8.222    96.0283 8.3511e-03 -0.4653966    24.8192  0.000e+00
     20.058     20.224    14.4291  40.567148    33.3437    217.791     0.9520      8.222    96.0025 1.0966e-02 -0.4985162    24.8181  0.000e+00
     19.910     20.075    14.4319  40.569743    33.3437    217.431     0.9154      8.222    95.9508 1.2660e-02 -0.4985162    24.8175  0.000e+00
     19.972     20.137    14.4315  40.569354    33.3437    217.196     0.9300      8.222    95.9508 1.1977e-02 -0.4985162    24.8175  0.000e+00
     20.147     20.314    14.4245  40.562734    33.3436    217.426     0.7542      8.222    96.0283 1.0799e-02 -0.5978752    24.8189  0.000e+00
     20.149     20.315    14.4252  40.563513    33.3437    217.229     0.8055      8.222    95.8476 1.0301e-02 -0.4985162    24.8189  0.000e+00
     19.942     20.108    14.4306  40.568705    33.3439    215.828     0.8201      8.222    95.8734 1.1638e-02 -0.4985162    24.8179  0.000e+00
     19.578     19.741    14.4397  40.577661    33.3444    216.463     0.8128      8.222    95.7959 1.3005e-02 -0.5978752    24.8164  0.000e+00
     18.980     19.137    14.4537  40.591811    33.3455    217.500     0.7981      8.222    95.7701 1.4936e-02 -0.4985162    24.8142  0.000e+00
     18.129     18.279    14.5152  40.649606    33.3459    217.501     0.7762      8.222    95.6410 1.8228e-02 -0.4985162    24.8015  0.000e+00
     17.486     17.631    14.5392  40.671887    33.3459    218.207     0.8128      8.226    95.5893 1.9362e-02 -0.6309949    24.7964  0.000e+00
     17.180     17.322    14.5729  40.703014    33.3455    219.026     0.8714      8.226    95.6668 2.1101e-02 -0.4985162    24.7889  0.000e+00
     16.703     16.841    14.6049  40.734475    33.3469    218.972     0.8055      8.226    95.6152 2.0905e-02 -0.4985162    24.7831  0.000e+00
     15.700     15.830    14.6755  40.800157    33.3467    218.206     0.8348      8.226    95.4861 2.5957e-02 -0.6641145    24.7679  0.000e+00
     14.702     14.823    14.7004  40.824553    33.3480    219.714     0.6956      8.226    95.3311 2.8728e-02 -0.4985162    24.7635  0.000e+00
     14.176     14.293    14.7102  40.834899    33.3492    220.477     0.8201      8.230    95.3053 3.2507e-02 -0.4985162    24.7623  0.000e+00
     13.818     13.932    14.7382  40.865425    33.3532    221.222     0.7176      8.226    95.3311 3.4117e-02 -0.6641145    24.7594  0.000e+00
     13.102     13.211    14.8155  40.939794    33.3548    219.275     0.7615      8.225    95.2537 3.7433e-02 -0.4985162    24.7441  0.000e+00
     12.265     12.366    14.8604  40.983058    33.3560    219.600     0.6809      8.230    95.1246 4.1638e-02 -0.4653966    24.7353  0.000e+00
     11.709     11.806    14.8772  41.000199    33.3575    220.741     0.7322      8.230    95.1762 4.6850e-02 -0.6309949    24.7328  0.000e+00
     11.219     11.311    14.8688  40.991202    33.3567    220.499     0.7395      8.230    95.0729 4.9568e-02 -0.4985162    24.7340  0.000e+00
     10.319     10.404    14.9017  41.026990    33.3614    220.949     0.6589      8.230    94.8922 5.4368e-02 -0.4985162    24.7305  0.000e+00
      9.408      9.486    14.9202  41.043353    33.3608    220.467     0.6150      8.229    94.9954 6.4049e-02 -0.5978752    24.7260  0.000e+00
      8.870      8.943    14.9159  41.038460    33.3602    219.577     0.6296      8.229    95.0729 7.2243e-02 -0.4985162    24.7264  0.000e+00
      8.331      8.400    14.9002  41.023200    33.3600    220.970     0.6150      8.230    94.9180 7.7089e-02 -0.4985162    24.7297  0.000e+00
      7.510      7.572    14.9204  41.043672    33.3616    221.041     0.6589      8.229    94.8147 9.0854e-02 -0.5316359    24.7265  0.000e+00
      6.894      6.951    14.9303  41.052278    33.3612    219.232     0.5491      8.229    94.7372 9.9328e-02 -0.4985162    24.7240  0.000e+00
      6.580      6.634    14.9307  41.052929    33.3616    221.224     0.6809      8.229    94.6081 1.1188e-01 -0.4653966    24.7242  0.000e+00
      5.897      5.946    14.9344  41.056514    33.3620    220.078     0.6516      8.229    94.8147 1.1739e-01 -0.4985162    24.7237  0.000e+00
      5.128      5.170    14.9351  41.056902    33.3621    219.269     0.5417      8.229    94.8405 1.3454e-01 -0.4985162    24.7236  0.000e+00
      4.904      4.944    14.9354  41.057292    33.3622    220.527     0.5784      8.229    94.8147 1.3817e-01 -0.4985162    24.7236  0.000e+00
      4.797      4.836    14.9354  41.057292    33.3622    220.337     0.5637      8.229    94.8147 1.3975e-01 -0.5316359    24.7236  0.000e+00
      4.205      4.240    14.9350  41.056898    33.3625    220.136     0.5491      8.229    94.8147 1.3557e-01 -0.5978752    24.7239  0.000e+00
      3.596      3.626    14.9347  41.056374    33.3625    220.120     0.5784      8.229    94.8405 1.5980e-01 -0.5978752    24.7239  0.000e+00
      3.496      3.525    14.9346  41.056374    33.3626    220.451     0.5857      8.229    94.7114 1.6275e-01 -0.5978752    24.7241  0.000e+00
      3.474      3.502    14.9348  41.056765    33.3628    220.116     0.5784      8.229    94.8405 1.3923e-01 -0.6309949    24.7241  0.000e+00
      3.244      3.271    14.9338  41.055786    33.3628    220.928     0.6150      8.229    94.8147 1.3505e-01 -0.6309949    24.7244  0.000e+00
      3.058      3.084    14.9340  41.055915    33.3629    221.775     0.5857      8.229    94.8405 1.6216e-01 -0.5647556    24.7244  0.000e+00
      2.936      2.960    14.9342  41.056111    33.3629    219.878     0.6882      8.229    94.8147 1.5864e-01 -0.5978752    24.7244  0.000e+00
      2.774      2.797    14.9349  41.056632    33.3629    219.165     0.6003      8.229    94.8147 1.6394e-01 -0.5978752    24.7242  0.000e+00
      2.544      2.565    14.9333  41.054935    33.3628    219.911     0.6443      8.229    94.7372 1.6695e-01 -0.6309949    24.7244  0.000e+00
      2.116      2.133    14.9312  41.053042    33.3630    220.761     0.5857      8.229    94.8147 1.9191e-01 -0.6309949    24.7251  0.000e+00
      1.864      1.879    14.9335  41.055324    33.3633    220.410     0.6223      8.229    94.7889 2.1087e-01 -0.6309949    24.7248  0.000e+00
      1.986      2.003    14.9335  41.055324    33.3632    220.374     0.5930      8.229    94.7889 1.9057e-01 -0.6309949    24.7247  0.000e+00
      2.010      2.027    14.9335  41.055520    33.3633    220.227     0.5784      8.229    94.7372 2.0297e-01 -0.5978752    24.7248  0.000e+00
      1.914      1.930    14.9346  41.056433    33.3633    219.367     0.5784      8.229    94.7889 1.9738e-01 -0.4985162    24.7245  0.000e+00
      1.859      1.875    14.9340  41.055911    33.3634    219.554     0.6296      8.229    94.7114 2.0653e-01 -0.5647556    24.7247  0.000e+00
      1.952      1.968    14.9331  41.055194    33.3634    220.600     0.7029      8.229    94.8663 2.0016e-01 -0.5316359    24.7250  0.000e+00
      1.978      1.994    14.9321  41.054281    33.3634    219.938     0.6589      8.229    94.8663 2.0016e-01 -0.4985162    24.7252  0.000e+00
      1.964      1.980    14.9318  41.053889    33.3633    221.567     0.6003      8.229    94.7631 2.1233e-01 -0.5978752    24.7252  0.000e+00
      2.130      2.147    14.9316  41.053890    33.3634    221.612     0.5930      8.229    94.8147 1.8856e-01 -0.5316359    24.7253  0.000e+00
      2.030      2.047    14.9309  41.053433    33.3636    221.161     0.6296      8.229    94.7631 1.9807e-01 -0.4985162    24.7256  0.000e+00
      1.841      1.856    14.9330  41.055258    33.3636    220.666     0.5564      8.229    94.7889 2.1307e-01 -0.5647556    24.7251  0.000e+00
      2.112      2.129    14.9333  41.055586    33.3635    220.300     0.5784      8.229    94.7889 1.9807e-01 -0.6309949    24.7250  0.000e+00
      2.010      2.027    14.9346  41.056759    33.3635    222.330     0.5564      8.229    94.7372 1.9600e-01 -0.6309949    24.7247  0.000e+00
      1.806      1.821    14.9348  41.056824    33.3635    220.657     0.5417      8.229    94.7372 2.0297e-01 -0.6309949    24.7247  0.000e+00
      1.940      1.956    14.9343  41.056433    33.3636    218.398     0.5857      8.229    94.7631 1.9532e-01 -0.6309949    24.7248  0.000e+00
      2.030      2.047    14.9336  41.055846    33.3636    220.002     0.6003      8.229    94.8147 1.9191e-01 -0.6309949    24.7250  0.000e+00
      2.132      2.149    14.9346  41.056890    33.3636    223.079     0.6077      8.229    94.7631 1.8989e-01 -0.6309949    24.7248  0.000e+00
      2.263      2.281    14.9338  41.056304    33.3637    220.380     0.6296      8.229    94.7889 1.8459e-01 -0.6309949    24.7251  0.000e+00
      1.965      1.982    14.9346  41.056955    33.3637    219.064     0.5857      8.229    94.7889 2.1233e-01 -0.6309949    24.7249  0.000e+00
      2.143      2.160    14.9346  41.057086    33.3638    222.040     0.5564      8.229    94.7889 2.0582e-01 -0.6309949    24.7249  0.000e+00
      2.480      2.500    14.9347  41.057087    33.3635    221.382     0.5344      8.229    94.7631 1.7941e-01 -0.6309949    24.7247  0.000e+00
