Arg_Leg3_G03_NV.cnv
* Sea-Bird SBE 9 Data File:
* FileName = S:\CTD_Data\CTD\Data\Argentina 2014\Data\Leg3\Arg_Leg3_G03.hex
* Software Version Seasave V 7.21g
* Temperature SN = 5769
* Conductivity SN = 4244
* Number of Bytes Per Scan = 31
* Number of Voltage Words = 4
* Number of Scans Averaged by the Deck Unit = 24
* NMEA Latitude = 45 51.02 S
* NMEA Longitude = 066 53.42 W
* NMEA UTC (Time) = Feb 15 2014 02:12:51
* NMEA baud rate = 9600
** R/V Coriolis II
** MARES project, ARGENTINA 2014
** Chief scientist : Dr. Gustavo Ferreyra
** Co-Chief scientist : Dr. José Luis Esteves
# nquan = 13
# nvalues = 680                                   
# units = specified
# name 0 = depSM: Depth [salt water, m]
# name 1 = prDM: Pressure, Digiquartz [db]
# name 2 = t090C: Temperature [ITS-90, deg C]
# name 3 = c0mS/cm: Conductivity [mS/cm]
# name 4 = sal00: Salinity, Practical [PSU]
# name 5 = sbeox0Mm/Kg: Oxygen, SBE 43 [umol/Kg]
# name 6 = flECO-AFL: Fluorescence, WET Labs ECO-AFL/FL [mg/m^3]
# name 7 = ph: pH
# name 8 = CStarTr0: Beam Transmission, WET Labs C-Star [%]
# name 9 = par: PAR/Irradiance, Biospherical/Licor
# name 10 = upoly0: Upoly 0, Nitrate
# name 11 = sigma-é00: Density [sigma-theta, Kg/m^3]
# name 12 = flag:  0.000e+00
# span 0 =     -0.093,     80.102                 
# span 1 =     -0.094,     80.780                 
# span 2 =     8.5189,    15.1343                 
# span 3 =   3.408307,  41.286005                 
# span 4 =     2.2456,    33.4442                 
# span 5 =    123.450,    273.435                 
# span 6 =    -0.1249,     2.8861                 
# span 7 =      7.713,      8.238                 
# span 8 =    40.6665,    96.4673                 
# span 9 = 1.0000e-12, 7.3447e-01                 
# span 10 = -0.6972342,  9.2386632                
# span 11 =     0.8166,    25.9587                
# span 12 = 0.0000e+00, 0.0000e+00                
# interval = seconds: 1
# start_time = Feb 15 2014 02:12:51 [NMEA time, header]
# bad_flag = -9.990e-29
*END*
[from data line 445]
      5.913      5.962    15.1303  41.281333    33.3981    221.427     1.0839      8.233    92.0259 1.0632e-02 -0.5978752    24.7090  0.000e+00
      5.591      5.637    15.1305  41.281397    33.3981    221.748     1.1058      8.233    92.0001 5.2440e-03 -0.5978752    24.7089  0.000e+00
      5.632      5.678    15.1324  41.283031    33.3979    221.925     1.0912      8.233    92.0259 8.3511e-03 -0.5647556    24.7084  0.000e+00
      5.797      5.845    15.1256  41.277411    33.3986    220.783     1.0252      8.233    92.1292 7.7156e-03 -0.4653966    24.7104  0.000e+00
      5.708      5.755    15.1239  41.276757    33.3995    221.117     1.1278      8.233    92.0001 1.1133e-02 -0.5316359    24.7114  0.000e+00
      5.429      5.474    15.1235  41.276167    33.3994    222.986     1.2450      8.233    91.9743 4.7929e-03 -0.5978752    24.7114  0.000e+00
      5.117      5.160    15.1301  41.281068    33.3983    223.096     1.2524      8.233    92.0001 1.7390e-03 -0.4985162    24.7092  0.000e+00
      4.703      4.742    15.1320  41.282439    33.3981    221.679     1.2963      8.233    91.9743 1.8804e-03 -0.5978752    24.7086  0.000e+00
      4.489      4.526    15.1318  41.282373    33.3983    221.820     1.2597      8.233    91.9743 1.0000e-12 -0.5978752    24.7088  0.000e+00
      4.845      4.886    15.1312  41.281852    33.3982    221.870     1.0985      8.233    91.8194 2.0988e-04 -0.5978752    24.7088  0.000e+00
      4.879      4.920    15.1305  41.281525    33.3984    221.359     1.0912      8.233    91.8194 7.6046e-04 -0.5978752    24.7092  0.000e+00
      4.613      4.651    15.1301  41.281001    33.3984    222.529     1.0985      8.233    91.8194 1.0000e-12 -0.5978752    24.7093  0.000e+00
      4.671      4.710    15.1309  41.281524    33.3982    222.712     1.1351      8.233    91.7936 1.0000e-12 -0.5978752    24.7090  0.000e+00
      4.825      4.864    15.1306  41.281394    33.3983    222.165     1.2084      8.233    91.8968 1.0000e-12 -0.5316359    24.7091  0.000e+00
      4.654      4.693    15.1293  41.280217    33.3984    222.166     1.2084      8.233    91.9485 1.0000e-12 -0.4985162    24.7094  0.000e+00
      4.348      4.384    15.1293  41.279889    33.3982    222.819     1.1132      8.233    91.9227 1.0000e-12 -0.5978752    24.7092  0.000e+00
      4.371      4.407    15.1300  41.280608    33.3983    222.155     1.1205      8.233    91.9227 1.0000e-12 -0.5978752    24.7091  0.000e+00
      4.485      4.522    15.1302  41.280608    33.3981    221.790     0.9959      8.233    91.9227 1.0000e-12 -0.5978752    24.7090  0.000e+00
      4.318      4.353    15.1300  41.280281    33.3980    222.485     1.0619      8.233    91.7936 1.0000e-12 -0.5978752    24.7090  0.000e+00
      3.974      4.007    15.1289  41.279299    33.3982    222.810     1.1058      8.233    91.2513 1.0000e-12 -0.4653966    24.7093  0.000e+00
      3.884      3.916    15.1288  41.278775    33.3979    221.964     1.0033      8.233    90.8123 1.0000e-12 -0.4653966    24.7091  0.000e+00
      4.048      4.082    15.1289  41.279495    33.3983    221.783     1.1278      8.233    89.0823 1.0000e-12 -0.4985162    24.7094  0.000e+00
      4.264      4.299    15.1301  41.280607    33.3983    222.152     1.2230      8.233    87.7395 1.0000e-12 -0.4985162    24.7091  0.000e+00
      4.297      4.332    15.1292  41.279823    33.3982    222.487     1.2817      8.238    89.2888 1.0000e-12 -0.5978752    24.7093  0.000e+00
      4.206      4.241    15.1285  41.279365    33.3985    222.818     1.2084      8.233    89.9344 1.0000e-12 -0.5978752    24.7097  0.000e+00
      4.214      4.248    15.1276  41.278515    33.3985    222.308     1.1205      8.233    91.6386 1.0000e-12 -0.5316359    24.7098  0.000e+00
      4.402      4.439    15.1265  41.277928    33.3988    222.464     1.1058      8.233    92.0259 1.0000e-12 -0.4985162    24.7104  0.000e+00
      4.576      4.614    15.1277  41.279236    33.3989    222.317     1.0619      8.238    92.0259 1.0000e-12 -0.4653966    24.7101  0.000e+00
      4.674      4.713    15.1271  41.278713    33.3989    221.147     1.0472      8.238    91.9743 1.0000e-12 -0.4985162    24.7103  0.000e+00
      4.735      4.774    15.1280  41.279563    33.3989    221.990     1.0839      8.238    91.9743 1.0000e-12 -0.4653966    24.7101  0.000e+00
      4.824      4.864    15.1280  41.279564    33.3988    222.213     1.0619      8.238    91.8710 1.0000e-12 -0.4653966    24.7100  0.000e+00
      4.803      4.843    15.1280  41.279694    33.3990    222.836     1.0839      8.238    91.8194 1.0000e-12 -0.4653966    24.7101  0.000e+00
      4.700      4.739    15.1289  41.280348    33.3988    222.353     0.9813      8.238    91.7161 1.0000e-12 -0.4985162    24.7098  0.000e+00
      4.682      4.720    15.1282  41.279629    33.3988    222.795     0.9813      8.233    91.7677 1.0000e-12 -0.4985162    24.7100  0.000e+00
      4.720      4.759    15.1277  41.279106    33.3987    222.175     0.9520      8.238    91.9227 1.0000e-12 -0.4653966    24.7100  0.000e+00
      4.704      4.743    15.1285  41.279956    33.3988    221.619     0.9447      8.238    91.8968 1.0000e-12 -0.4653966    24.7099  0.000e+00
      4.614      4.652    15.1287  41.280151    33.3989    222.498     0.9373      8.233    88.9015 1.0000e-12 -0.4653966    24.7099  0.000e+00
      4.654      4.692    15.1290  41.280413    33.3988    222.167     0.9740      8.233    88.1269 1.0000e-12 -0.4985162    24.7098  0.000e+00
      4.969      5.011    15.1303  41.281264    33.3983    221.987     1.0252      8.238    88.7982 1.0000e-12 -0.4653966    24.7091  0.000e+00
      4.906      4.947    15.1302  41.281002    33.3982    222.500     0.9813      8.238    89.0048 1.0000e-12 -0.4653966    24.7091  0.000e+00
      4.854      4.894    15.1304  41.281002    33.3981    222.167     0.9593      8.238    90.2959 1.0000e-12 -0.5978752    24.7089  0.000e+00
      5.075      5.117    15.1311  41.281656    33.3980    220.995     1.0252      8.238    91.2771 1.0000e-12 -0.4985162    24.7087  0.000e+00
      5.099      5.141    15.1311  41.281722    33.3981    221.180     1.0106      8.238    91.4579 1.0000e-12 -0.4985162    24.7088  0.000e+00
      4.788      4.827    15.1308  41.281394    33.3981    222.054     0.9373      8.238    91.6903 1.0000e-12 -0.4653966    24.7089  0.000e+00
      4.445      4.482    15.1307  41.281066    33.3980    223.037     0.9666      8.238    91.4320 1.0000e-12 -0.4985162    24.7088  0.000e+00
      4.643      4.681    15.1303  41.280936    33.3982    222.199     0.9813      8.238    91.3804 1.0000e-12 -0.4653966    24.7090  0.000e+00
      4.712      4.751    15.1304  41.280871    33.3980    221.649     0.9666      8.238    91.3029 1.0000e-12 -0.4985162    24.7089  0.000e+00
      4.560      4.597    15.1300  41.280543    33.3981    223.006     0.9373      8.238    91.0705 1.0000e-12 -0.4985162    24.7090  0.000e+00
      4.319      4.354    15.1298  41.280346    33.3982    222.008     0.9520      8.238    89.9086 1.0000e-12 -0.4653966    24.7092  0.000e+00
      4.212      4.246    15.1298  41.279561    33.3976    221.785     0.9959      8.238    90.4766 1.0000e-12 -0.4653966    24.7086  0.000e+00
      4.172      4.207    15.1298  41.280280    33.3982    222.665     1.0179      8.238    90.5283 1.0000e-12 -0.4985162    24.7092  0.000e+00
      3.923      3.955    15.1299  41.279952    33.3979    222.144     1.0252      8.238    90.1151 1.0000e-12 -0.4985162    24.7089  0.000e+00
      3.695      3.725    15.1300  41.280017    33.3980    222.283     1.1351      8.233    89.5987 1.0000e-12 -0.4653966    24.7089  0.000e+00
      3.800      3.832    15.1299  41.280148    33.3981    221.479     1.1425      8.238    89.7020 1.0000e-12 -0.4653966    24.7090  0.000e+00
      3.947      3.980    15.1301  41.280475    33.3982    221.959     1.1791      8.238    90.5025 1.0000e-12 -0.4985162    24.7091  0.000e+00
      3.837      3.869    15.1303  41.280344    33.3979    222.177     0.9959      8.233    91.3546 1.0000e-12 -0.4653966    24.7088  0.000e+00
      3.606      3.636    15.1303  41.280212    33.3980    221.803     0.9373      8.238    91.2513 1.0000e-12 -0.4985162    24.7088  0.000e+00
      3.750      3.781    15.1304  41.280474    33.3981    221.329     1.1132      8.238    92.0001 1.0000e-12 -0.5316359    24.7089  0.000e+00
      3.998      4.031    15.1303  41.280475    33.3980    221.667     1.0839      8.238    92.1034 1.0000e-12 -0.5647556    24.7089  0.000e+00
      3.999      4.032    15.1304  41.280475    33.3980    222.034     0.9740      8.238    92.1034 1.0000e-12 -0.5647556    24.7088  0.000e+00
      3.892      3.924    15.1299  41.280148    33.3981    221.519     0.8934      8.238    91.9227 1.0000e-12 -0.5316359    24.7091  0.000e+00
      3.851      3.883    15.1299  41.280213    33.3982    221.848     0.9007      8.238    91.8194 1.0000e-12 -0.5978752    24.7091  0.000e+00
      4.057      4.091    15.1298  41.280149    33.3982    222.038     0.9666      8.238    92.0518 1.0000e-12 -0.5647556    24.7091  0.000e+00
      4.331      4.366    15.1298  41.280281    33.3982    222.193     1.0179      8.238    92.1292 1.0000e-12 -0.5978752    24.7091  0.000e+00
      4.527      4.564    15.1301  41.280608    33.3982    221.866     0.9666      8.238    92.2067 1.0000e-12 -0.5978752    24.7090  0.000e+00
      4.586      4.624    15.1299  41.280674    33.3983    221.685     0.8714      8.238    92.1809 1.0000e-12 -0.5978752    24.7092  0.000e+00
      4.525      4.563    15.1306  41.281458    33.3984    222.524     0.8787      8.238    92.1551 1.0000e-12 -0.5647556    24.7091  0.000e+00
      4.470      4.507    15.1311  41.281850    33.3984    222.190     0.8934      8.238    92.1034 1.0000e-12 -0.4985162    24.7090  0.000e+00
      4.570      4.608    15.1309  41.281720    33.3984    222.487     0.9227      8.238    92.1292 1.0000e-12 -0.5978752    24.7090  0.000e+00
      4.866      4.907    15.1308  41.281721    33.3984    222.680     0.9520      8.238    92.0776 1.0000e-12 -0.5978752    24.7091  0.000e+00
      5.144      5.187    15.1308  41.281591    33.3982    221.990     0.9593      8.238    91.9485 1.0000e-12 -0.5978752    24.7090  0.000e+00
      5.144      5.187    15.1308  41.281788    33.3984    221.659     0.9227      8.238    92.1292 1.0000e-12 -0.5978752    24.7091  0.000e+00
      4.998      5.039    15.1302  41.281068    33.3983    222.172     0.9373      8.238    92.0776 1.0000e-12 -0.5978752    24.7091  0.000e+00
      5.010      5.052    15.1300  41.281003    33.3984    222.357     0.9666      8.238    92.1551 1.0000e-12 -0.5647556    24.7093  0.000e+00
      5.202      5.245    15.1304  41.281592    33.3985    221.846     0.9740      8.238    92.1292 1.0000e-12 -0.4653966    24.7092  0.000e+00
      5.311      5.355    15.1295  41.280808    33.3985    221.522     0.9740      8.238    92.1551 1.0000e-12 -0.4985162    24.7094  0.000e+00
      5.263      5.306    15.1296  41.280742    33.3983    222.035     0.9300      8.238    92.1551 1.0000e-12 -0.4653966    24.7093  0.000e+00
      5.297      5.340    15.1295  41.280677    33.3984    222.221     0.9740      8.238    92.1292 1.0000e-12 -0.4985162    24.7094  0.000e+00
      5.438      5.483    15.1289  41.280285    33.3985    222.043     0.9740      8.238    92.1551 1.0000e-12 -0.4985162    24.7096  0.000e+00
      5.501      5.547    15.1309  41.282181    33.3985    222.036     0.9520      8.238    92.2583 1.0000e-12 -0.4985162    24.7091  0.000e+00
      5.394      5.439    15.1326  41.283619    33.3983    222.026     0.9520      8.238    92.1809 1.0000e-12 -0.4985162    24.7087  0.000e+00
      5.176      5.218    15.1333  41.283814    33.3980    222.017     0.9813      8.238    92.1809 1.0000e-12 -0.4985162    24.7083  0.000e+00
      5.169      5.211    15.1334  41.284010    33.3981    223.338     0.9959      8.238    92.2583 1.0000e-12 -0.4985162    24.7083  0.000e+00
      5.362      5.406    15.1336  41.284338    33.3981    222.351     1.0765      8.238    92.2067 1.0000e-12 -0.4985162    24.7083  0.000e+00
      5.552      5.598    15.1343  41.284861    33.3980    221.618     1.0472      8.238    92.2583 1.0000e-12 -0.4653966    24.7080  0.000e+00
      5.653      5.700    15.1342  41.284927    33.3981    222.173     0.9520      8.238    92.1809 1.0000e-12 -0.4653966    24.7081  0.000e+00
      5.386      5.430    15.1340  41.284534    33.3980    221.836     0.9154      8.238    92.2067 1.0000e-12 -0.4985162    24.7081  0.000e+00
      4.919      4.960    15.1331  41.283486    33.3980    221.827     0.9227      8.238    92.1809 1.0000e-12 -0.4653966    24.7083  0.000e+00
      4.763      4.802    15.1326  41.283093    33.3981    222.008     0.9813      8.238    92.1292 1.0000e-12 -0.4985162    24.7085  0.000e+00
      5.266      5.310    15.1311  41.282115    33.3983    221.698     1.0252      8.238    92.2583 1.0000e-12 -0.4985162    24.7090  0.000e+00
      5.627      5.673    15.1234  41.277149    33.4003    222.070     0.9007      8.238    92.2325 1.0000e-12 -0.4985162    24.7122  0.000e+00
      5.401      5.446    15.1286  41.280285    33.3988    222.227     0.9886      8.238    92.1034 1.0000e-12 -0.4653966    24.7099  0.000e+00
      4.993      5.034    15.1295  41.280676    33.3985    222.358     1.0106      8.238    92.0776 1.0000e-12 -0.4985162    24.7095  0.000e+00
      4.848      4.888    15.1262  41.278387    33.3993    222.698     1.0839      8.238    92.1034 1.0000e-12 -0.4985162    24.7108  0.000e+00
      5.091      5.134    15.1238  41.276950    33.4000    221.870     1.1351      8.238    92.0518 1.0000e-12 -0.5978752    24.7119  0.000e+00
      5.397      5.442    15.1234  41.276886    33.4001    222.026     1.0839      8.238    92.1034 1.0000e-12 -0.5978752    24.7121  0.000e+00
      5.523      5.568    15.1253  41.278063    33.3996    222.391     1.0106      8.238    92.0776 1.0000e-12 -0.4985162    24.7112  0.000e+00
      5.348      5.392    15.1256  41.278259    33.3995    222.861     0.9593      8.238    92.0259 1.0000e-12 -0.5978752    24.7111  0.000e+00
      4.949      4.990    15.1263  41.278388    33.3992    222.187     0.9740      8.238    92.0259 1.0000e-12 -0.5978752    24.7107  0.000e+00
      4.746      4.785    15.1258  41.277733    33.3991    222.146     1.0619      8.238    92.1034 1.0000e-12 -0.5978752    24.7107  0.000e+00
      4.843      4.883    15.1261  41.278126    33.3992    222.185     1.1718      8.238    92.0776 1.0000e-12 -0.5978752    24.7107  0.000e+00
      4.915      4.956    15.1275  41.279237    33.3990    221.666     1.0839      8.238    92.1292 1.0000e-12 -0.5978752    24.7103  0.000e+00
      4.795      4.835    15.1274  41.279106    33.3990    222.178     0.9373      8.238    92.1034 1.0000e-12 -0.5647556    24.7103  0.000e+00
      4.605      4.643    15.1279  41.279498    33.3989    222.023     0.9007      8.238    92.1034 1.0000e-12 -0.6309949    24.7101  0.000e+00
      4.518      4.555    15.1279  41.279432    33.3989    221.837     0.9227      8.238    92.1551 1.0000e-12 -0.6309949    24.7101  0.000e+00
      4.472      4.509    15.1282  41.279693    33.3989    221.688     0.9373      8.238    92.0776 1.0000e-12 -0.6309949    24.7100  0.000e+00
      4.405      4.442    15.1280  41.279366    33.3989    222.018     0.9300      8.238    92.0776 1.0000e-12 -0.6309949    24.7100  0.000e+00
      4.229      4.264    15.1280  41.279365    33.3989    222.197     0.9154      8.238    92.1551 1.0000e-12 -0.6309949    24.7101  0.000e+00
      4.023      4.057    15.1279  41.279103    33.3989    222.669     0.9007      8.238    91.9227 1.0000e-12 -0.6309949    24.7101  0.000e+00
      3.932      3.964    15.1275  41.278710    33.3989    222.337     0.9007      8.238    91.5870 1.0000e-12 -0.6309949    24.7101  0.000e+00
