Arg_L1_tst_NV.cnv
* Sea-Bird SBE 9 Data File:
* FileName = S:\CTD_Data\CTD\Data\Argentina 2014\Data\Arg_L1_tst.hex
* Software Version Seasave V 7.21g
* Temperature SN = 5769
* Conductivity SN = 4244
* Number of Bytes Per Scan = 31
* Number of Voltage Words = 4
* Number of Scans Averaged by the Deck Unit = 24
* NMEA Latitude = 39 57.64 S
* NMEA Longitude = 055 42.24 W
* NMEA UTC (Time) = Jan 31 2014 21:41:35
* NMEA baud rate = 9600
** R/V Coriolis II
** MARES project, ARGENTINA 2014
** Chief scientist : Dr. Gustavo Ferreyra
** Co-Chief scientist : Dr. José Luis Esteves
** Cast 001
# nquan = 13
# nvalues = 1505                                  
# units = specified
# name 0 = depSM: Depth [salt water, m]
# name 1 = prDM: Pressure, Digiquartz [db]
# name 2 = t090C: Temperature [ITS-90, deg C]
# name 3 = c0mS/cm: Conductivity [mS/cm]
# name 4 = sal00: Salinity, Practical [PSU]
# name 5 = sbeox0Mm/Kg: Oxygen, SBE 43 [umol/Kg]
# name 6 = flECO-AFL: Fluorescence, WET Labs ECO-AFL/FL [mg/m^3]
# name 7 = ph: pH
# name 8 = CStarTr0: Beam Transmission, WET Labs C-Star [%]
# name 9 = par: PAR/Irradiance, Biospherical/Licor
# name 10 = upoly0: Upoly 0, Nitrate
# name 11 = sigma-é00: Density [sigma-theta, Kg/m^3]
# name 12 = flag:  0.000e+00
# span 0 =     -0.244,    300.969                 
# span 1 =     -0.246,    303.514                 
# span 2 =     3.9784,    14.4428                 
# span 3 =   3.730820,  39.305579                 
# span 4 =     2.6528,    34.1174                 
# span 5 =    173.648,    291.908                 
# span 6 =    -0.2788,    19.4502                 
# span 7 =      8.008,      8.191                 
# span 8 =     6.4785,    99.7208                 
# span 9 = 3.4694e-04, 4.3746e+02                 
# span 10 = -4.4038905,  23.220735                
# span 11 =     1.5190,    27.0849                
# span 12 = 0.0000e+00, 0.0000e+00                
# interval = seconds: 1
# start_time = Jan 31 2014 21:41:35 [NMEA time, header]
# bad_flag = -9.990e-29
*END*
[from data line 889]
    129.548    130.589     4.4640  32.271649    34.1084    226.529    -0.1030      8.040    99.3593 1.4581e-02  18.550385    27.0291  0.000e+00
    128.949    129.985     4.4693  32.275798    34.1080    227.068    -0.1103      8.040    99.3593 1.5115e-02  18.152908    27.0282  0.000e+00
    128.337    129.368     4.4767  32.282082    34.1081    227.006    -0.1103      8.040    99.3593 1.2318e-02  17.821678    27.0275  0.000e+00
    127.712    128.738     4.4821  32.286112    34.1076    226.559    -0.1030      8.040    99.3335 1.3526e-02  18.119785    27.0264  0.000e+00
    126.972    127.992     4.4918  32.293642    34.1068    227.068    -0.1030      8.040    99.2819 1.4758e-02  18.152908    27.0247  0.000e+00
    126.286    127.300     4.4946  32.295716    34.1067    227.032    -0.1030      8.040    99.3335 1.3700e-02  18.119785    27.0244  0.000e+00
    125.776    126.785     4.4969  32.297553    34.1067    226.606    -0.1030      8.040    99.3335 1.4936e-02  18.252277    27.0241  0.000e+00
    125.158    126.163     4.4985  32.299271    34.1074    227.162    -0.1030      8.040    99.3335 1.4936e-02  18.716000    27.0245  0.000e+00
    124.267    125.264     4.5089  32.306683    34.1058    227.078    -0.1030      8.040    99.3335 1.3700e-02  17.324832    27.0221  0.000e+00
    123.335    124.324     4.5133  32.309824    34.1055    227.213    -0.1030      8.040    99.3335 1.4051e-02  18.152908    27.0214  0.000e+00
    122.780    123.765     4.5163  32.311839    34.1050    227.180    -0.1030      8.040    99.3335 1.5115e-02  18.384770    27.0206  0.000e+00
    122.579    123.562     4.5065  32.303830    34.1059    226.834    -0.1030      8.040    99.3077 1.3875e-02  17.357955    27.0224  0.000e+00
    122.222    123.202     4.5195  32.314685    34.1054    227.332    -0.0956      8.040    99.2560 1.4227e-02  18.119785    27.0206  0.000e+00
    121.378    122.351     4.5265  32.320022    34.1049    227.267    -0.0956      8.040    99.2560 1.6561e-02  18.119785    27.0194  0.000e+00
    120.379    121.343     4.5463  32.335446    34.1030    226.730    -0.0956      8.040    99.3335 1.4758e-02  17.821678    27.0158  0.000e+00
    119.679    120.638     4.5502  32.338529    34.1029    227.270    -0.0883      8.040    99.3077 1.5294e-02  17.490447    27.0153  0.000e+00
    119.187    120.142     4.5571  32.344522    34.1032    227.797    -0.0883      8.040    99.3077 1.6744e-02  18.186031    27.0147  0.000e+00
    118.431    119.379     4.5645  32.350157    34.1025    227.338    -0.0883      8.040    99.3077 1.6928e-02  17.722309    27.0134  0.000e+00
    117.539    118.480     4.5738  32.357396    34.1018    226.864    -0.0883      8.040    99.2819 1.6561e-02  17.689186    27.0118  0.000e+00
    116.959    117.895     4.5731  32.356088    34.1014    227.434    -0.0737      8.040    99.2819 1.7297e-02  17.954170    27.0115  0.000e+00
    116.927    117.863     4.5755  32.358521    34.1017    227.418    -0.0737      8.040    99.2819 1.6196e-02  18.782246    27.0115  0.000e+00
    116.963    117.899     4.5797  32.362320    34.1018    227.582    -0.0737      8.040    99.2819 1.7112e-02  18.152908    27.0111  0.000e+00
    116.677    117.611     4.5835  32.365169    34.1013    227.552    -0.0663      8.040    99.2819 1.5834e-02  17.689186    27.0103  0.000e+00
    115.809    116.736     4.5834  32.365166    34.1019    227.714    -0.0590      8.040    99.2560 1.6744e-02  17.556693    27.0108  0.000e+00
    114.611    115.528     4.5895  32.369436    34.1013    227.644    -0.0737      8.040    99.2560 1.7297e-02  18.020416    27.0096  0.000e+00
    114.000    114.912     4.5894  32.369019    34.1012    227.814    -0.0663      8.040    99.2560 1.6196e-02  18.417893    27.0096  0.000e+00
    114.064    114.977     4.5873  32.367654    34.1017    227.827    -0.0737      8.040    99.2560 1.6744e-02  17.722309    27.0102  0.000e+00
    113.975    114.886     4.5860  32.366644    34.1020    227.439    -0.0810      8.040    99.2560 1.7482e-02  17.258586    27.0105  0.000e+00
    113.019    113.923     4.6047  32.381840    34.1010    227.303    -0.0590      8.040    99.2560 1.7854e-02  17.291709    27.0077  0.000e+00
    111.583    112.475     4.6155  32.390148    34.1002    227.199    -0.0590      8.045    99.2044 1.8793e-02  17.921047    27.0059  0.000e+00
    110.639    111.523     4.6194  32.392757    34.0998    227.149    -0.0517      8.045    99.1527 1.8040e-02  18.219154    27.0051  0.000e+00
    110.555    111.439     4.6169  32.391035    34.1004    227.739    -0.0517      8.045    99.1527 1.6015e-02  18.152908    27.0059  0.000e+00
    110.547    111.430     4.6160  32.389491    34.0995    227.746    -0.0590      8.045    99.2044 1.4227e-02  18.020416    27.0053  0.000e+00
    109.839    110.717     4.6203  32.393883    34.1006    227.307    -0.0517      8.045    99.1527 1.6196e-02  18.815369    27.0057  0.000e+00
    108.737    109.606     4.6270  32.398690    34.0999    227.814    -0.0444      8.045    99.2044 1.6015e-02  17.954170    27.0043  0.000e+00
    107.890    108.752     4.6303  32.400884    34.0995    227.771    -0.0517      8.045    99.1786 1.8415e-02  18.252277    27.0037  0.000e+00
    107.445    108.302     4.6288  32.399161    34.0993    227.954    -0.0444      8.045    99.2044 1.7482e-02  18.716000    27.0037  0.000e+00
    107.075    107.929     4.6470  32.416086    34.1005    227.834    -0.0444      8.044    99.2044 1.8604e-02  18.616631    27.0027  0.000e+00
    106.456    107.305     4.6716  32.435628    34.0983    227.863    -0.0370      8.044    99.1527 1.8228e-02  17.523570    26.9982  0.000e+00
    105.459    106.301     4.6891  32.450241    34.0979    227.732    -0.0370      8.044    99.1786 1.9553e-02  17.324832    26.9959  0.000e+00
    104.496    105.329     4.7039  32.461351    34.0961    227.232    -0.0370      8.044    99.1527 2.1888e-02  17.324832    26.9928  0.000e+00
    104.142    104.972     4.6937  32.453089    34.0971    227.854    -0.0224      8.044    99.1269 2.2284e-02  17.490447    26.9947  0.000e+00
    104.315    105.147     4.6867  32.447623    34.0979    227.899    -0.0297      8.044    99.1011 2.3894e-02  17.490447    26.9962  0.000e+00
    104.076    104.906     4.6987  32.458973    34.0988    227.431    -0.0224      8.044    99.1269 2.3691e-02  17.523570    26.9956  0.000e+00
    103.482    104.307     4.7243  32.479119    34.0963    227.270    -0.0004      8.044    99.1011 2.2284e-02  17.821678    26.9907  0.000e+00
    103.017    103.838     4.7229  32.478048    34.0967    227.838     0.0216      8.044    99.1011 2.2284e-02  18.285400    26.9912  0.000e+00
    102.990    103.811     4.7370  32.489937    34.0961    227.756     0.0289      8.044    99.1011 2.2884e-02  18.020416    26.9891  0.000e+00
    103.320    104.144     4.7457  32.497310    34.0955    227.329     0.0362      8.044    99.1011 2.1690e-02  18.053539    26.9877  0.000e+00
    103.478    104.303     4.7492  32.500461    34.0955    227.313     0.0216      8.044    99.0495 2.1690e-02  17.954170    26.9873  0.000e+00
    103.046    103.867     4.7456  32.497487    34.0960    227.894     0.0362      8.044    98.9978 2.1297e-02  17.788555    26.9881  0.000e+00
    102.328    103.143     4.7472  32.498555    34.0960    227.864     0.0143      8.044    99.0236 2.3085e-02  17.788555    26.9880  0.000e+00
    102.023    102.836     4.7462  32.497543    34.0960    227.474     0.0289      8.044    99.0236 2.2484e-02  17.788555    26.9881  0.000e+00
    102.382    103.198     4.7476  32.499328    34.0964    227.475     0.0069      8.044    99.0753 2.3488e-02  17.689186    26.9882  0.000e+00
    102.861    103.681     4.7556  32.506108    34.0959    227.444     0.0069      8.044    99.0236 2.2683e-02  17.556693    26.9869  0.000e+00
    102.818    103.638     4.7540  32.504443    34.0956    227.453     0.0362      8.044    98.9978 2.4507e-02  17.457324    26.9869  0.000e+00
    102.255    103.070     4.7517  32.502717    34.0962    227.448     0.0289      8.044    99.0236 2.5540e-02  16.894232    26.9876  0.000e+00
    101.616    102.426     4.7552  32.505391    34.0961    227.983     0.0216      8.044    98.9978 2.5332e-02  16.827986    26.9871  0.000e+00
    101.335    102.142     4.7530  32.503368    34.0961    227.987     0.0362      8.044    99.0495 2.1888e-02  16.927355    26.9874  0.000e+00
    101.493    102.301     4.7557  32.505688    34.0959    227.589     0.0362      8.044    99.0495 2.3488e-02  17.092971    26.9869  0.000e+00
    101.748    102.558     4.7526  32.503369    34.0964    227.615     0.0216      8.044    99.0495 2.2884e-02  17.357955    26.9876  0.000e+00
    101.796    102.607     4.7592  32.508840    34.0959    227.579     0.0289      8.044    99.0495 2.3691e-02  17.192340    26.9865  0.000e+00
    101.639    102.448     4.7596  32.509137    34.0960    227.572     0.0362      8.044    99.0236 2.3488e-02  17.192340    26.9865  0.000e+00
    101.531    102.340     4.7607  32.510088    34.0959    228.135     0.0582      8.044    98.9978 2.4098e-02  17.424201    26.9864  0.000e+00
    101.589    102.399     4.7619  32.511218    34.0960    227.557     0.0289      8.044    99.0236 2.2484e-02  18.119785    26.9863  0.000e+00
    101.521    102.330     4.7607  32.510266    34.0962    227.175     0.0655      8.044    99.0495 2.2884e-02  18.053539    26.9865  0.000e+00
    101.217    102.023     4.7601  32.509492    34.0960    228.129     0.0509      8.044    98.9978 2.2284e-02  18.086662    26.9865  0.000e+00
    100.910    101.713     4.7592  32.508659    34.0962    227.552     0.0582      8.044    99.0236 2.3894e-02  18.053539    26.9867  0.000e+00
    100.876    101.679     4.7602  32.509670    34.0963    227.731     0.0509      8.044    99.0236 2.3085e-02  17.490447    26.9867  0.000e+00
    101.139    101.945     4.7631  32.512287    34.0962    228.109     0.0362      8.044    99.0495 2.4507e-02  17.490447    26.9863  0.000e+00
    101.363    102.170     4.7646  32.513596    34.0961    227.720     0.0362      8.044    98.9720 2.3488e-02  17.424201    26.9860  0.000e+00
    101.296    102.103     4.7617  32.511336    34.0965    227.735     0.0509      8.049    98.7654 2.4507e-02  17.324832    26.9867  0.000e+00
    101.040    101.845     4.7662  32.514725    34.0959    227.702     0.0655      8.044    99.0236 2.5540e-02  17.324832    26.9857  0.000e+00
    101.020    101.825     4.7698  32.517698    34.0957    228.254     0.0655      8.044    99.0495 2.4918e-02  17.523570    26.9852  0.000e+00
    101.326    102.134     4.7724  32.520494    34.0961    228.247     0.0509      8.044    98.9462 2.5125e-02  17.490447    26.9852  0.000e+00
    101.640    102.449     4.7741  32.521982    34.0960    227.861     0.0289      8.049    98.9978 2.3894e-02  17.324832    26.9849  0.000e+00
    101.572    102.381     4.7748  32.522398    34.0958    227.855     0.0802      8.044    98.9720 2.3488e-02  17.126094    26.9847  0.000e+00
    101.182    101.988     4.7750  32.522397    34.0957    227.842     0.0582      8.044    98.9203 2.3286e-02  17.954170    26.9846  0.000e+00
    100.962    101.766     4.7748  32.522218    34.0958    227.836     0.0802      8.049    98.9978 2.2284e-02  18.152908    26.9847  0.000e+00
    101.097    101.902     4.7760  32.523289    34.0958    227.834     0.0582      8.049    98.9462 2.3894e-02  18.053539    26.9846  0.000e+00
    101.393    102.201     4.7744  32.522041    34.0959    227.852     0.0362      8.049    98.9720 2.2284e-02  17.755432    26.9848  0.000e+00
    101.497    102.306     4.7730  32.521327    34.0963    227.862     0.0655      8.049    98.9462 2.5125e-02  17.854801    26.9853  0.000e+00
    101.344    102.151     4.7735  32.521446    34.0961    227.855     0.0875      8.049    99.0236 2.2884e-02  17.556693    26.9851  0.000e+00
    101.241    102.048     4.7745  32.522219    34.0961    228.419     0.0655      8.049    99.0236 2.3085e-02  17.457324    26.9849  0.000e+00
    101.392    102.200     4.7732  32.521030    34.0959    228.431     0.0655      8.049    98.9720 2.1888e-02  17.523570    26.9850  0.000e+00
    101.624    102.434     4.7700  32.518711    34.0964    228.070     0.0729      8.049    99.0236 2.3085e-02  17.954170    26.9857  0.000e+00
    101.669    102.479     4.7746  32.522160    34.0956    228.046     0.0729      8.049    99.0236 2.4507e-02  17.954170    26.9846  0.000e+00
    101.452    102.261     4.7783  32.525074    34.0953    228.018     0.0729      8.049    98.9720 2.3286e-02  17.689186    26.9839  0.000e+00
    101.255    102.061     4.7792  32.526144    34.0958    228.007     0.0582      8.049    98.9720 2.6588e-02  17.656062    26.9842  0.000e+00
    101.300    102.107     4.7829  32.529177    34.0955    227.987     0.0655      8.049    99.0236 2.3894e-02  18.020416    26.9835  0.000e+00
    101.507    102.316     4.7832  32.529654    34.0956    227.991     0.0655      8.049    98.9978 2.5332e-02  17.755432    26.9836  0.000e+00
    101.730    102.541     4.7796  32.526740    34.0958    228.018     0.0802      8.049    99.0236 2.5540e-02  17.291709    26.9842  0.000e+00
    101.797    102.608     4.7779  32.525789    34.0964    228.029     0.0875      8.049    98.9720 2.3488e-02  17.126094    26.9848  0.000e+00
    101.682    102.492     4.7785  32.526205    34.0964    228.022     0.0875      8.049    99.0236 2.3894e-02  17.258586    26.9847  0.000e+00
    101.571    102.381     4.7804  32.527453    34.0959    228.009     0.0729      8.049    98.9978 2.5125e-02  17.921047    26.9841  0.000e+00
    101.579    102.388     4.7822  32.528643    34.0954    227.999     0.0582      8.049    98.9720 2.2683e-02  17.556693    26.9835  0.000e+00
    101.602    102.411     4.7846  32.531200    34.0959    228.557     0.0655      8.049    98.9720 2.1690e-02  17.788555    26.9837  0.000e+00
    101.532    102.341     4.7860  32.531795    34.0952    228.548     0.0582      8.049    98.9978 2.1297e-02  18.285400    26.9830  0.000e+00
    101.665    102.475     4.7849  32.531320    34.0956    228.172     0.0729      8.049    98.9720 2.1493e-02  17.622939    26.9834  0.000e+00
    101.923    102.735     4.7780  32.525611    34.0961    228.220     0.0729      8.049    98.9462 2.2086e-02  17.689186    26.9845  0.000e+00
    101.815    102.626     4.7854  32.532272    34.0962    228.173     0.0729      8.049    98.9978 2.2284e-02  17.689186    26.9838  0.000e+00
    101.337    102.144     4.7912  32.536493    34.0954    228.126     0.0655      8.049    98.9978 2.4098e-02  17.821678    26.9826  0.000e+00
    100.998    101.803     4.7889  32.534054    34.0951    228.130     0.0655      8.049    98.9978 2.5540e-02  18.252277    26.9825  0.000e+00
    101.033    101.837     4.7910  32.536255    34.0956    228.118     0.0509      8.049    98.9462 2.5125e-02  17.357955    26.9827  0.000e+00
    101.330    102.137     4.7905  32.536018    34.0956    228.130     0.0362      8.049    98.8945 2.3894e-02  17.622939    26.9828  0.000e+00
    101.530    102.338     4.7910  32.536494    34.0955    228.133     0.0436      8.049    98.9978 2.3085e-02  17.788555    26.9827  0.000e+00
    101.497    102.306     4.7959  32.540598    34.0953    228.104     0.0655      8.049    98.9720 2.3894e-02  17.656062    26.9820  0.000e+00
    101.487    102.296     4.7958  32.540479    34.0952    228.104     0.0729      8.049    98.9720 2.6167e-02  18.252277    26.9819  0.000e+00
    101.530    102.339     4.7977  32.542383    34.0955    228.094     0.0802      8.049    98.9462 2.6167e-02  17.258586    26.9819  0.000e+00
    101.454    102.262     4.7999  32.543870    34.0950    228.080     0.1022      8.049    98.9720 2.5125e-02  16.861109    26.9813  0.000e+00
    101.220    102.027     4.8001  32.544107    34.0952    228.072     0.0802      8.049    98.9203 2.5540e-02  17.126094    26.9814  0.000e+00
    100.953    101.757     4.7954  32.539704    34.0951    228.091     0.0802      8.049    98.9462 2.5748e-02  17.424201    26.9818  0.000e+00
