Arg_Leg3_G11_NV.cnv
* Sea-Bird SBE 9 Data File:
* FileName = S:\CTD_Data\CTD\Data\Argentina 2014\Data\Leg3\Arg_Leg3_G11.hex
* Software Version Seasave V 7.21g
* Temperature SN = 5769
* Conductivity SN = 4244
* Number of Bytes Per Scan = 31
* Number of Voltage Words = 4
* Number of Scans Averaged by the Deck Unit = 24
* NMEA Latitude = 47 01.07 S
* NMEA Longitude = 065 25.59 W
* NMEA UTC (Time) = Feb 12 2014 00:36:28
* NMEA baud rate = 9600
** R/V Coriolis II
** MARES project, ARGENTINA 2014
** Chief scientist : Dr. Gustavo Ferreyra
** Co-Chief scientist : Dr. José Luis Esteves
# nquan = 13
# nvalues = 472                                   
# units = specified
# name 0 = depSM: Depth [salt water, m]
# name 1 = prDM: Pressure, Digiquartz [db]
# name 2 = t090C: Temperature [ITS-90, deg C]
# name 3 = c0mS/cm: Conductivity [mS/cm]
# name 4 = sal00: Salinity, Practical [PSU]
# name 5 = sbeox0Mm/Kg: Oxygen, SBE 43 [umol/Kg]
# name 6 = flECO-AFL: Fluorescence, WET Labs ECO-AFL/FL [mg/m^3]
# name 7 = ph: pH
# name 8 = CStarTr0: Beam Transmission, WET Labs C-Star [%]
# name 9 = par: PAR/Irradiance, Biospherical/Licor
# name 10 = upoly0: Upoly 0, Nitrate
# name 11 = sigma-é00: Density [sigma-theta, Kg/m^3]
# name 12 = flag:  0.000e+00
# span 0 =     -0.160,     70.148                 
# span 1 =     -0.161,     70.747                 
# span 2 =    11.8024,    13.0234                 
# span 3 =   3.025236,  38.891305                 
# span 4 =     2.0916,    33.4591                 
# span 5 =    191.653,    274.011                 
# span 6 =    -0.1249,     1.6040                 
# span 7 =      7.767,      8.107                 
# span 8 =    68.6831,    87.8170                 
# span 9 = 1.0000e-12, 7.7976e-01                 
# span 10 = -0.7634735, -0.4653966                
# span 11 =     1.0092,    25.3253                
# span 12 = 0.0000e+00, 0.0000e+00                
# interval = seconds: 1
# start_time = Feb 12 2014 00:36:28 [NMEA time, header]
# bad_flag = -9.990e-29
*END*
      1.631      1.645    13.0004  38.868848    33.0070    220.928     1.3476      8.056    86.7067 1.0000e-12 -0.5978752    24.8492  0.000e+00
      1.708      1.722    13.0003  38.868785    33.0070    220.565     1.3696      8.056    86.7841 6.2223e-04 -0.6309949    24.8492  0.000e+00
      1.892      1.908    12.9994  38.867956    33.0069    220.940     1.4355      8.056    86.7841 2.1493e-02 -0.6309949    24.8494  0.000e+00
      1.940      1.956    13.0000  38.868658    33.0070    224.445     1.3989      8.056    86.8100 1.7482e-02 -0.5978752    24.8493  0.000e+00
      1.943      1.959    12.9998  38.868403    33.0070    222.038     1.3403      8.056    86.7841 2.9821e-02 -0.5978752    24.8493  0.000e+00
      1.733      1.747    13.0000  38.868402    33.0069    219.752     1.3549      8.056    86.8100 2.4302e-02 -0.5978752    24.8492  0.000e+00
      1.591      1.604    13.0004  38.868721    33.0069    221.754     1.3915      8.056    86.8616 1.4227e-02 -0.5978752    24.8491  0.000e+00
      1.808      1.823    13.0000  38.868466    33.0069    220.510     1.3622      8.056    86.8100 3.1377e-02 -0.5978752    24.8492  0.000e+00
      2.434      2.455    13.0003  38.869043    33.0069    221.199     1.1718      8.061    86.7583 1.3526e-02 -0.5978752    24.8492  0.000e+00
      3.216      3.243    13.0001  38.869237    33.0069    220.974     1.1351      8.061    86.7067 2.4712e-02 -0.6309949    24.8492  0.000e+00
      3.938      3.971    13.0010  38.870325    33.0069    222.549     1.1718      8.061    86.7067 1.1638e-02 -0.6309949    24.8491  0.000e+00
      4.601      4.640    13.0008  38.870391    33.0069    221.376     1.2524      8.061    86.7325 7.4005e-03 -0.6309949    24.8491  0.000e+00
      5.177      5.221    13.0007  38.870584    33.0069    221.215     1.2450      8.061    86.7583 2.7370e-03 -0.6309949    24.8492  0.000e+00
      5.673      5.721    12.9996  38.870012    33.0071    221.931     1.2450      8.065    86.7583 1.0000e-12 -0.6309949    24.8496  0.000e+00
      6.246      6.298    13.0010  38.871546    33.0071    221.302     1.2084      8.065    86.7841 1.0000e-12 -0.6309949    24.8493  0.000e+00
      7.111      7.171    12.9964  38.867785    33.0072    220.095     1.1644      8.065    86.8358 1.0000e-12 -0.6309949    24.8503  0.000e+00
      8.128      8.197    12.9961  38.868171    33.0074    221.224     1.1351      8.065    86.8100 1.0000e-12 -0.6972342    24.8506  0.000e+00
      8.846      8.920    12.9987  38.870407    33.0070    220.985     1.2011      8.070    86.7841 1.0000e-12 -0.7634735    24.8498  0.000e+00
      9.201      9.278    12.9970  38.869196    33.0072    221.097     1.3989      8.070    86.7325 1.0000e-12 -0.7634735    24.8502  0.000e+00
      9.565      9.645    12.9973  38.869708    33.0073    222.111     1.5527      8.070    86.8100 1.0000e-12 -0.7634735    24.8503  0.000e+00
     10.287     10.373    12.9960  38.868881    33.0073    222.078     1.3915      8.075    86.8358 1.0000e-12 -0.7634735    24.8505  0.000e+00
     11.254     11.348    12.9970  38.870161    33.0072    222.621     1.1571      8.075    86.7841 1.0000e-12 -0.7634735    24.8503  0.000e+00
     12.125     12.227    12.9991  38.872206    33.0070    220.956     1.1498      8.075    86.7583 1.0000e-12 -0.7634735    24.8497  0.000e+00
     12.781     12.888    12.9993  38.872783    33.0071    219.812     1.2157      8.075    86.7583 1.0000e-12 -0.7634735    24.8498  0.000e+00
     13.297     13.409    12.9991  38.872848    33.0071    222.149     1.2304      8.079    86.8100 1.0000e-12 -0.7634735    24.8498  0.000e+00
     13.764     13.879    12.9984  38.872340    33.0071    223.694     1.2890      8.079    86.7841 1.0000e-12 -0.7634735    24.8500  0.000e+00
     14.398     14.519    12.9975  38.871959    33.0072    220.659     1.2743      8.079    86.8358 1.0000e-12 -0.7634735    24.8502  0.000e+00
     15.266     15.394    12.9957  38.870687    33.0072    221.153     1.2011      8.079    86.8616 1.0000e-12 -0.7634735    24.8507  0.000e+00
     16.151     16.287    12.9909  38.866671    33.0073    222.482     1.1718      8.079    86.8358 1.0000e-12 -0.7634735    24.8517  0.000e+00
     16.793     16.935    12.9757  38.854234    33.0085    223.031     1.2157      8.084    86.8616 1.0000e-12 -0.7634735    24.8556  0.000e+00
     17.331     17.477    12.9629  38.843776    33.0095    222.000     1.2817      8.084    86.8358 1.0000e-12 -0.7634735    24.8589  0.000e+00
     17.956     18.107    12.9531  38.835806    33.0102    222.156     1.2890      8.084    86.8616 1.0000e-12 -0.7634735    24.8614  0.000e+00
     18.677     18.834    12.9354  38.822162    33.0125    222.530     1.2450      8.084    86.8616 1.0000e-12 -0.7634735    24.8667  0.000e+00
     19.398     19.561    12.9593  38.841552    33.0097    221.646     1.2230      8.084    86.8616 1.0000e-12 -0.7634735    24.8598  0.000e+00
     20.042     20.211    12.9640  38.844998    33.0085    222.227     1.2157      8.084    86.7841 1.0000e-12 -0.7634735    24.8581  0.000e+00
     20.618     20.792    12.9210  38.808971    33.0117    221.916     1.2817      8.084    86.8358 1.0000e-12 -0.7634735    24.8690  0.000e+00
     21.287     21.466    12.8357  38.738421    33.0190    222.845     1.2597      8.085    86.8616 1.0000e-12 -0.7634735    24.8914  0.000e+00
     22.034     22.219    12.8635  38.763083    33.0179    222.059     1.2011      8.084    86.8874 1.0000e-12 -0.7634735    24.8851  0.000e+00
     22.711     22.903    12.8369  38.738426    33.0174    221.770     1.2011      8.084    86.9391 1.0000e-12 -0.7634735    24.8899  0.000e+00
     23.362     23.559    12.8112  38.718235    33.0204    223.295     1.2230      8.089    86.9649 1.0000e-12 -0.7634735    24.8973  0.000e+00
     24.065     24.268    12.8057  38.713715    33.0206    221.112     1.2011      8.089    87.0682 1.0000e-12 -0.7634735    24.8986  0.000e+00
     24.752     24.961    12.8033  38.711743    33.0205    220.337     1.2011      8.089    87.1198 1.0000e-12 -0.7634735    24.8990  0.000e+00
     25.376     25.590    12.8082  38.715950    33.0200    221.263     1.2304      8.089    87.1198 1.0000e-12 -0.7634735    24.8976  0.000e+00
     25.942     26.161    12.8057  38.713913    33.0200    221.136     1.2670      8.089    87.1715 1.0000e-12 -0.7634735    24.8981  0.000e+00
     26.503     26.727    12.8019  38.710667    33.0200    221.386     1.3403      8.089    87.1198 1.0000e-12 -0.7634735    24.8989  0.000e+00
     27.147     27.376    12.8117  38.719714    33.0198    221.576     1.3549      8.089    87.1715 1.0000e-12 -0.7634735    24.8968  0.000e+00
     27.895     28.131    12.8241  38.730292    33.0187    221.913     1.2304      8.089    87.0940 1.0000e-12 -0.7634735    24.8936  0.000e+00
     28.679     28.921    12.8222  38.729020    33.0188    222.315     1.2157      8.089    87.0165 1.0000e-12 -0.7634735    24.8940  0.000e+00
     29.426     29.675    12.8181  38.725774    33.0190    221.767     1.2450      8.089    87.0424 1.0000e-12 -0.7634735    24.8950  0.000e+00
     30.117     30.371    12.8272  38.733995    33.0186    221.156     1.2524      8.089    87.0424 1.0000e-12 -0.7303538    24.8929  0.000e+00
     30.676     30.935    12.8340  38.739540    33.0177    222.101     1.3329      8.094    87.0940 1.0000e-12 -0.7303538    24.8909  0.000e+00
     31.108     31.371    12.7651  38.683110    33.0241    221.898     1.4428      8.089    87.1456 1.0000e-12 -0.7303538    24.9093  0.000e+00
     31.594     31.861    12.7194  38.644343    33.0270    222.058     1.4941      8.090    87.2489 1.0000e-12 -0.7303538    24.9205  0.000e+00
     32.306     32.579    12.7058  38.632380    33.0273    222.579     1.3842      8.090    87.1715 1.0000e-12 -0.7303538    24.9234  0.000e+00
     33.116     33.396    12.6936  38.622265    33.0280    220.942     1.2377      8.090    87.0682 1.0000e-12 -0.7303538    24.9263  0.000e+00
     33.795     34.081    12.6880  38.617368    33.0280    220.612     1.2597      8.090    87.1973 1.0000e-12 -0.7303538    24.9274  0.000e+00
     34.349     34.640    12.6844  38.614761    33.0283    221.146     1.2963      8.090    87.2489 1.0000e-12 -0.7303538    24.9284  0.000e+00
     34.946     35.241    12.6747  38.606683    33.0289    220.677     1.3403      8.090    87.3522 1.0000e-12 -0.7303538    24.9308  0.000e+00
     35.655     35.957    12.6679  38.601660    33.0298    220.947     1.2670      8.090    87.3006 1.0000e-12 -0.6972342    24.9328  0.000e+00
     36.335     36.642    12.6665  38.600645    33.0298    221.037     1.2230      8.090    87.2231 1.0000e-12 -0.6972342    24.9331  0.000e+00
     36.824     37.136    12.6682  38.602110    33.0295    220.294     1.3549      8.090    87.2747 1.0000e-12 -0.6972342    24.9325  0.000e+00
     37.230     37.545    12.6683  38.602366    33.0295    220.149     1.3769      8.090    87.4297 1.0000e-12 -0.6972342    24.9325  0.000e+00
     37.798     38.118    12.6663  38.600714    33.0294    220.239     1.3549      8.090    87.3780 1.0000e-12 -0.6972342    24.9328  0.000e+00
     38.568     38.895    12.6510  38.587866    33.0303    220.550     1.2670      8.090    87.2489 1.0000e-12 -0.6972342    24.9365  0.000e+00
     39.364     39.697    12.6232  38.564781    33.0323    220.543     1.2084      8.090    87.3006 1.0000e-12 -0.6972342    24.9435  0.000e+00
     40.000     40.339    12.5843  38.532419    33.0353    220.737     1.1718      8.090    87.4297 1.0000e-12 -0.6972342    24.9533  0.000e+00
     40.528     40.871    12.5808  38.530260    33.0360    220.234     1.1571      8.090    87.5846 1.0000e-12 -0.6972342    24.9546  0.000e+00
     41.028     41.376    12.5826  38.532551    33.0365    219.485     1.2011      8.090    87.7654 1.0000e-12 -0.6972342    24.9546  0.000e+00
     41.459     41.811    12.5829  38.533188    33.0366    218.807     1.1718      8.090    87.7395 1.0000e-12 -0.6972342    24.9546  0.000e+00
     41.831     42.186    12.5823  38.532999    33.0368    218.509     1.0765      8.090    87.8170 1.0000e-12 -0.6641145    24.9549  0.000e+00
     42.329     42.688    12.5803  38.530903    33.0364    219.197     1.0472      8.090    87.7912 1.0000e-12 -0.6641145    24.9550  0.000e+00
     42.970     43.334    12.5736  38.526455    33.0377    218.932     1.0912      8.090    87.6363 1.0000e-12 -0.6641145    24.9573  0.000e+00
     43.633     44.003    12.5595  38.514761    33.0387    218.637     1.0252      8.090    87.4555 1.0000e-12 -0.6641145    24.9608  0.000e+00
     44.129     44.504    12.5421  38.501480    33.0411    219.171     0.9520      8.090    87.5846 1.0000e-12 -0.6641145    24.9660  0.000e+00
     44.466     44.843    12.5496  38.507710    33.0402    218.613     0.9740      8.090    87.5071 1.0000e-12 -0.6641145    24.9639  0.000e+00
     44.795     45.175    12.5502  38.507456    33.0394    218.243     1.0252      8.090    87.6363 1.0000e-12 -0.6641145    24.9631  0.000e+00
     45.170     45.553    12.5506  38.507966    33.0393    218.318     1.0033      8.090    87.7654 1.0000e-12 -0.6641145    24.9630  0.000e+00
     45.597     45.984    12.5341  38.493923    33.0402    218.249     0.9740      8.090    87.6879 1.0000e-12 -0.6641145    24.9670  0.000e+00
     46.086     46.477    12.5238  38.485409    33.0410    218.531     0.9886      8.090    87.5330 1.0000e-12 -0.6641145    24.9695  0.000e+00
     46.542     46.937    12.5008  38.465079    33.0415    218.114     0.9813      8.090    87.4297 1.0000e-12 -0.6641145    24.9744  0.000e+00
     46.872     47.270    12.4864  38.454599    33.0440    217.806     0.9520      8.090    87.4813 1.0000e-12 -0.6641145    24.9790  0.000e+00
     47.216     47.617    12.4766  38.445707    33.0440    217.169     0.8055      8.091    87.4039 1.0000e-12 -0.6641145    24.9809  0.000e+00
     47.691     48.096    12.4485  38.422148    33.0459    217.151     0.8201      8.086    87.3522 1.0000e-12 -0.6641145    24.9878  0.000e+00
     48.203     48.613    12.4330  38.409196    33.0469    217.527     0.7688      8.086    87.1456 1.0000e-12 -0.6309949    24.9916  0.000e+00
     48.646     49.059    12.4098  38.389962    33.0487    217.105     0.8274      8.086    86.8616 1.0000e-12 -0.6309949    24.9974  0.000e+00
     49.003     49.419    12.3863  38.370794    33.0508    216.300     0.7688      8.086    86.5517 1.0000e-12 -0.6309949    25.0036  0.000e+00
     49.350     49.769    12.3578  38.347062    33.0530    216.505     0.7542      8.086    86.4226 1.0000e-12 -0.6309949    25.0108  0.000e+00
     49.798     50.221    12.3372  38.329679    33.0543    216.522     0.7322      8.086    86.3710 1.0000e-12 -0.6309949    25.0157  0.000e+00
     50.308     50.735    12.3220  38.316677    33.0550    216.447     0.6882      8.086    86.0869 1.0000e-12 -0.6309949    25.0191  0.000e+00
     50.762     51.193    12.3058  38.303359    33.0563    215.836     0.6736      8.087    85.7771 1.0000e-12 -0.6309949    25.0232  0.000e+00
     51.056     51.490    12.3047  38.303804    33.0576    215.690     0.6882      8.087    85.5189 1.0000e-12 -0.6309949    25.0245  0.000e+00
     51.155     51.590    12.3044  38.302663    33.0567    215.991     0.6736      8.087    85.3639 1.0000e-12 -0.6309949    25.0238  0.000e+00
     51.366     51.803    12.2962  38.294990    33.0565    215.878     0.6370      8.087    85.2348 1.0000e-12 -0.6309949    25.0252  0.000e+00
     51.845     52.285    12.2932  38.292645    33.0567    216.131     0.6736      8.087    85.1832 1.0000e-12 -0.6309949    25.0259  0.000e+00
     52.404     52.849    12.2890  38.289159    33.0568    216.009     0.6882      8.087    84.7442 1.0000e-12 -0.6309949    25.0268  0.000e+00
     52.816     53.265    12.2868  38.287449    33.0569    215.647     0.6663      8.087    84.5893 1.0000e-12 -0.6309949    25.0274  0.000e+00
     53.015     53.466    12.2864  38.287576    33.0573    215.881     0.6809      8.087    84.6151 1.0000e-12 -0.6309949    25.0278  0.000e+00
     53.076     53.527    12.2865  38.287196    33.0568    216.109     0.6882      8.087    84.6926 1.0000e-12 -0.6309949    25.0274  0.000e+00
     53.124     53.576    12.2836  38.284343    33.0567    216.124     0.6882      8.087    84.8475 1.0000e-12 -0.6309949    25.0278  0.000e+00
     53.267     53.720    12.2735  38.276100    33.0576    216.173     0.6589      8.087    84.6926 1.0000e-12 -0.6309949    25.0305  0.000e+00
     53.543     53.999    12.2631  38.267479    33.0583    215.843     0.6443      8.087    84.6409 1.0000e-12 -0.6309949    25.0330  0.000e+00
     53.926     54.384    12.2690  38.272489    33.0577    215.828     0.6223      8.087    84.5118 1.0000e-12 -0.6309949    25.0314  0.000e+00
     54.193     54.654    12.2567  38.261966    33.0584    216.118     0.5857      8.087    84.3052 1.0000e-12 -0.6309949    25.0343  0.000e+00
     54.144     54.604    12.2475  38.254676    33.0595    216.157     0.5710      8.087    84.3052 1.0000e-12 -0.6309949    25.0369  0.000e+00
     54.033     54.493    12.2678  38.270968    33.0573    216.064     0.5930      8.087    84.3569 1.0000e-12 -0.6309949    25.0313  0.000e+00
     54.066     54.526    12.2763  38.277752    33.0564    216.028     0.6516      8.087    84.2278 1.0000e-12 -0.6309949    25.0290  0.000e+00
     54.264     54.726    12.2576  38.262156    33.0577    216.117     0.6809      8.087    84.2020 1.0000e-12 -0.6309949    25.0336  0.000e+00
     54.631     55.095    12.2429  38.250430    33.0593    216.577     0.5930      8.087    84.3311 1.0000e-12 -0.6309949    25.0376  0.000e+00
     54.972     55.440    12.2363  38.245044    33.0598    216.231     0.5857      8.087    84.2794 1.0000e-12 -0.6309949    25.0393  0.000e+00
     54.949     55.417    12.2367  38.245170    33.0596    216.002     0.5491      8.087    84.1245 1.0000e-12 -0.6309949    25.0390  0.000e+00
     54.685     55.150    12.2506  38.256769    33.0586    216.160     0.5491      8.087    83.7630 1.0000e-12 -0.6309949    25.0356  0.000e+00
