Arg_Leg3_G04_NV.cnv
* Sea-Bird SBE 9 Data File:
* FileName = S:\CTD_Data\CTD\Data\Argentina 2014\Data\Leg3\Arg_Leg3_G04.hex
* Software Version Seasave V 7.21g
* Temperature SN = 5769
* Conductivity SN = 4244
* Number of Bytes Per Scan = 31
* Number of Voltage Words = 4
* Number of Scans Averaged by the Deck Unit = 24
* NMEA Latitude = 45 30.04 S
* NMEA Longitude = 066 52.29 W
* NMEA UTC (Time) = Feb 15 2014 08:58:02
* NMEA baud rate = 9600
** R/V Coriolis II
** MARES project, ARGENTINA 2014
** Chief scientist : Dr. Gustavo Ferreyra
** Co-Chief scientist : Dr. José Luis Esteves
# nquan = 13
# nvalues = 579                                   
# units = specified
# name 0 = depSM: Depth [salt water, m]
# name 1 = prDM: Pressure, Digiquartz [db]
# name 2 = t090C: Temperature [ITS-90, deg C]
# name 3 = c0mS/cm: Conductivity [mS/cm]
# name 4 = sal00: Salinity, Practical [PSU]
# name 5 = sbeox0Mm/Kg: Oxygen, SBE 43 [umol/Kg]
# name 6 = flECO-AFL: Fluorescence, WET Labs ECO-AFL/FL [mg/m^3]
# name 7 = ph: pH
# name 8 = CStarTr0: Beam Transmission, WET Labs C-Star [%]
# name 9 = par: PAR/Irradiance, Biospherical/Licor
# name 10 = upoly0: Upoly 0, Nitrate
# name 11 = sigma-é00: Density [sigma-theta, Kg/m^3]
# name 12 = flag:  0.000e+00
# span 0 =     -0.097,     81.416                 
# span 1 =     -0.098,     82.102                 
# span 2 =     8.7861,    14.9495                 
# span 3 =   4.071783,  41.075316                 
# span 4 =     2.7359,    33.4598                 
# span 5 =    127.116,    269.036                 
# span 6 =    -0.1249,     0.9593                 
# span 7 =      7.736,      8.230                 
# span 8 =    38.7299,    97.8875                 
# span 9 = 1.0000e-12, 1.0033e+00                 
# span 10 = -0.7634735,  4.0719966                
# span 11 =     1.2471,    25.9167                
# span 12 = 0.0000e+00, 0.0000e+00                
# interval = seconds: 1
# start_time = Feb 15 2014 08:58:02 [NMEA time, header]
# bad_flag = -9.990e-29
*END*
[from data line 223]
     80.892     81.574     8.7940  35.485498    33.4189    127.388     0.0289      7.740    49.1360 1.0000e-12  2.2835350    25.9136  0.000e+00
     80.953     81.636     8.7974  35.488759    33.4191    127.839     0.0362      7.740    49.5750 1.0000e-12  0.8593897    25.9133  0.000e+00
     81.133     81.817     8.7894  35.481992    33.4194    127.865     0.0362      7.741    48.8778 1.0000e-12 -0.1673197    25.9148  0.000e+00
     81.145     81.829     8.7944  35.486483    33.4194    128.020     0.0069      7.740    52.3379 1.0000e-12 -0.6309949    25.9139  0.000e+00
     81.128     81.812     8.7981  35.489437    33.4190    128.009     0.0069      7.740    54.8168 1.0000e-12 -0.6309949    25.9131  0.000e+00
     81.278     81.964     8.7970  35.488822    33.4193    127.725     0.0143      7.740    53.4225 1.0000e-12 -0.6309949    25.9135  0.000e+00
     81.256     81.941     8.7966  35.488576    33.4195    127.726     0.0143      7.740    53.6290 1.0000e-12 -0.6309949    25.9137  0.000e+00
     81.041     81.724     8.7967  35.488513    33.4194    127.722    -0.0004      7.740    53.6807 1.0000e-12 -0.6309949    25.9136  0.000e+00
     81.004     81.687     8.7966  35.488513    33.4195    128.181    -0.0004      7.740    52.4671 1.0000e-12 -0.1342000    25.9137  0.000e+00
     81.186     81.870     8.7958  35.487776    33.4194    128.187    -0.0004      7.740    51.9506 7.3199e-05  1.8860991    25.9138  0.000e+00
     81.229     81.913     8.7954  35.487530    33.4195    127.898     0.0069      7.740    52.1314 1.0000e-12 -0.2335590    25.9139  0.000e+00
     81.163     81.848     8.7956  35.487591    33.4194    127.897     0.0143      7.740    52.5445 7.3199e-05  0.3294752    25.9138  0.000e+00
     81.237     81.922     8.7960  35.487899    33.4193    127.897     0.0143      7.740    52.0023 1.0000e-12  0.7600308    25.9137  0.000e+00
     81.240     81.925     8.7955  35.487530    33.4194    127.899     0.0069      7.740    51.6666 1.0000e-12 -0.4322769    25.9138  0.000e+00
     80.811     81.492     8.7960  35.487774    33.4194    127.890     0.0069      7.740    53.1901 1.0000e-12 -0.5978752    25.9137  0.000e+00
     80.272     80.948     8.7964  35.488019    33.4195    127.880     0.0143      7.740    52.1055 2.0988e-04 -0.3660376    25.9137  0.000e+00
     79.948     80.622     8.7963  35.487771    33.4195    127.875     0.0143      7.740    51.5375 1.0000e-12 -0.2666786    25.9137  0.000e+00
     79.548     80.218     8.7951  35.486293    33.4193    127.872     0.0143      7.740    50.9694 1.0000e-12 -0.6309949    25.9138  0.000e+00
     78.821     79.485     8.7961  35.486967    33.4194    127.858     0.0216      7.740    51.0469 1.0000e-12 -0.6309949    25.9137  0.000e+00
     78.042     78.699     8.7968  35.487272    33.4193    127.843     0.0362      7.740    51.0727 1.0000e-12  3.7076803    25.9135  0.000e+00
     77.337     77.988     8.7974  35.487455    33.4193    127.829     0.0216      7.740    51.4858 1.0000e-12  3.9395179    25.9134  0.000e+00
     76.588     77.232     8.7961  35.485852    33.4193    128.280     0.0143      7.740    51.2793 1.0000e-12  1.1243470    25.9135  0.000e+00
     75.921     76.560     8.7968  35.486465    33.4195    127.808     0.0216      7.740    51.0985 1.0000e-12  1.9523385    25.9136  0.000e+00
     75.377     76.012     8.7993  35.488248    33.4193    127.961     0.0216      7.740    51.4858 1.0000e-12  0.0976376    25.9130  0.000e+00
     74.709     75.338     8.8005  35.489291    33.4196    128.236     0.0069      7.740    53.6807 1.0000e-12  0.0313983    25.9131  0.000e+00
     73.949     74.571     8.8053  35.493288    33.4196    127.920     0.0069      7.745    55.6173 1.0000e-12  0.7269111    25.9124  0.000e+00
     73.339     73.956     8.8090  35.496178    33.4194    128.357     0.0143      7.745    55.9013 7.3199e-05 -0.6309949    25.9116  0.000e+00
     72.892     73.505     8.8099  35.496792    33.4194    128.806     0.0069      7.745    57.4765 1.0000e-12  1.6542615    25.9115  0.000e+00
     72.388     72.997     8.8103  35.496913    33.4194    129.424     0.0143      7.745    59.7746 1.0000e-12  1.1243470    25.9113  0.000e+00
     71.681     72.283     8.8275  35.512727    33.4200    129.528     0.0069      7.750    63.4671 1.0000e-12 -0.4653966    25.9092  0.000e+00
     70.882     71.478     8.8691  35.548244    33.4184    129.729    -0.0150      7.750    61.9694 1.0000e-12 -0.4322769    25.9014  0.000e+00
     70.204     70.794     8.8793  35.556492    33.4177    130.313    -0.0150      7.759    59.8779 1.0000e-12 -0.4322769    25.8993  0.000e+00
     69.609     70.194     8.8840  35.560431    33.4177    131.539    -0.0004      7.759    63.9061 1.0000e-12 -0.4322769    25.8985  0.000e+00
     68.820     69.399     8.9004  35.575824    33.4186    132.722    -0.0077      7.764    68.6315 2.0988e-04 -0.4985162    25.8967  0.000e+00
     68.031     68.602     8.9391  35.608655    33.4169    132.809    -0.0150      7.768    69.7676 8.9907e-04 -0.6309949    25.8893  0.000e+00
     67.597     68.164     8.9358  35.604833    33.4162    133.033    -0.0150      7.768    69.2254 1.0000e-12  0.4950735    25.8893  0.000e+00
     67.190     67.754     8.9422  35.611609    33.4174    133.510    -0.0150      7.764    69.6127 3.4694e-04 -0.1342000    25.8892  0.000e+00
     66.361     66.918     9.0353  35.693713    33.4159    133.258    -0.0224      7.763    71.8334 1.0000e-12 -0.6309949    25.8734  0.000e+00
     65.393     65.941     9.0625  35.713878    33.4118    133.665    -0.0224      7.773    71.5751 1.0000e-12 -0.6309949    25.8658  0.000e+00
     64.787     65.331     9.0304  35.684087    33.4112    134.544    -0.0150      7.787    71.7301 4.8439e-04 -0.6309949    25.8704  0.000e+00
     64.305     64.845     9.0385  35.695556    33.4158    135.463    -0.0150      7.792    74.3381 6.2223e-04 -0.6309949    25.8727  0.000e+00
     63.517     64.050     9.1406  35.786935    33.4154    135.628    -0.0150      7.787    76.6620 3.4694e-04 -0.6309949    25.8562  0.000e+00
     62.632     63.157     9.2335  35.863451    33.4080    135.546    -0.0224      7.796    78.7536 2.0988e-04 -0.6309949    25.8357  0.000e+00
     62.013     62.532     9.2226  35.854058    33.4088    137.413    -0.0224      7.796    77.2559 7.6046e-04 -0.6309949    25.8380  0.000e+00
     61.497     62.012     9.2333  35.867402    33.4129    139.209    -0.0224      7.801    77.7982 2.0988e-04 -0.6309949    25.8395  0.000e+00
     60.739     61.248     9.3069  35.930321    33.4095    139.066    -0.0150      7.805    79.7864 1.0000e-12 -0.6309949    25.8250  0.000e+00
     59.836     60.338     9.3753  35.988581    33.4062    139.386    -0.0150      7.815    79.7864 2.0988e-04 -0.6309949    25.8115  0.000e+00
     59.131     59.626     9.4249  36.034993    33.4081    140.318    -0.0150      7.819    80.1738 4.8439e-04 -0.6641145    25.8049  0.000e+00
     58.556     59.046     9.3931  36.003488    33.4056    141.249    -0.0224      7.824    84.0470 7.6046e-04 -0.6641145    25.8080  0.000e+00
     57.908     58.393     9.4610  36.061053    33.4019    142.289    -0.0150      7.828    85.7771 4.8439e-04 -0.6641145    25.7942  0.000e+00
     57.196     57.675     9.5841  36.164575    33.3940    142.701    -0.0077      7.833    86.0353 8.9907e-04 -0.6641145    25.7679  0.000e+00
     56.618     57.092     9.5905  36.169595    33.3935    144.103    -0.0004      7.842    85.5189 1.7390e-03 -0.6641145    25.7665  0.000e+00
     55.909     56.376     9.6030  36.183976    33.3969    146.187    -0.0150      7.847    85.6996 4.8439e-04 -0.6641145    25.7671  0.000e+00
     55.070     55.531     9.6897  36.255055    33.3896    147.036    -0.0224      7.856    86.0611 7.3199e-05 -0.6641145    25.7472  0.000e+00
     54.442     54.897     9.6776  36.247235    33.3932    147.951    -0.0224      7.861    85.9062 6.2223e-04 -0.6641145    25.7519  0.000e+00
     54.003     54.454     9.6651  36.232592    33.3899    148.277    -0.0224      7.866    86.2935 2.0988e-04 -0.6641145    25.7514  0.000e+00
     53.409     53.856     9.6896  36.256105    33.3915    147.594    -0.0077      7.865    86.6292 1.0381e-03 -0.6641145    25.7487  0.000e+00
     52.860     53.302     9.7923  36.338605    33.3809    147.203    -0.0004      7.865    86.8100 1.1775e-03 -0.6972342    25.7234  0.000e+00
     52.407     52.845     9.8126  36.352951    33.3770    147.625    -0.0004      7.870    86.4485 7.3199e-05 -0.6972342    25.7170  0.000e+00
     51.878     52.311     9.7541  36.308237    33.3857    148.734     0.0069      7.870    86.6808 6.2223e-04 -0.6972342    25.7335  0.000e+00
     51.320     51.749     9.8043  36.348103    33.3802    148.620    -0.0004      7.870    86.8100 6.2223e-04 -0.6972342    25.7208  0.000e+00
     51.116     51.543     9.8384  36.374441    33.3756    148.732    -0.0077      7.874    86.6808 1.1775e-03 -0.6972342    25.7116  0.000e+00
     51.232     51.660     9.8957  36.423477    33.3725    149.304    -0.0077      7.870    86.5001 3.4694e-04 -0.6972342    25.6996  0.000e+00
     51.143     51.570     9.9109  36.436656    33.3719    149.745    -0.0224      7.870    86.8100 2.0988e-04 -0.6972342    25.6967  0.000e+00
     50.691     51.115     9.9171  36.441380    33.3712    150.210    -0.0077      7.874    87.3522 1.0000e-12 -0.6972342    25.6951  0.000e+00
     50.199     50.618     9.9154  36.441130    33.3727    151.129    -0.0077      7.884    87.0424 7.3199e-05 -0.6972342    25.6965  0.000e+00
     50.026     50.444     9.9521  36.470045    33.3684    151.496    -0.0077      7.884    86.9132 6.2223e-04 -0.6972342    25.6870  0.000e+00
     50.251     50.671     9.9767  36.490697    33.3666    151.217    -0.0004      7.883    87.0940 3.4694e-04 -0.6972342    25.6815  0.000e+00
     50.342     50.762     9.9775  36.492066    33.3671    151.280     0.0069      7.883    87.1198 2.0988e-04 -0.6972342    25.6818  0.000e+00
     50.169     50.588     9.9793  36.492563    33.3660    151.600    -0.0004      7.888    87.4039 3.4694e-04 -0.6972342    25.6806  0.000e+00
     50.062     50.480     9.9837  36.497042    33.3666    151.911     0.0143      7.888    87.5330 7.6046e-04 -0.6972342    25.6803  0.000e+00
     50.203     50.623     9.9851  36.499158    33.3674    151.808     0.0143      7.888    87.5330 4.8439e-04 -0.6972342    25.6807  0.000e+00
     50.302     50.722     9.9835  36.498039    33.3677    152.145     0.0069      7.893    87.4813 3.4694e-04 -0.6309949    25.6812  0.000e+00
     50.268     50.688     9.9831  36.497914    33.3680    152.310     0.0069      7.893    87.4813 6.2223e-04 -0.6309949    25.6815  0.000e+00
     50.306     50.727     9.9834  36.498350    33.3681    152.209     0.0216      7.893    87.5071 1.1775e-03 -0.6972342    25.6815  0.000e+00
     50.373     50.794     9.9819  36.497293    33.3684    151.951    -0.0004      7.893    87.4813 1.8804e-03 -0.6972342    25.6821  0.000e+00
     50.356     50.777     9.9821  36.497666    33.3686    152.114     0.0069      7.893    87.4039 1.1775e-03 -0.6972342    25.6821  0.000e+00
     50.353     50.774     9.9832  36.498724    33.3686    152.110     0.0069      7.893    87.3780 8.9907e-04 -0.6972342    25.6820  0.000e+00
     50.384     50.805     9.9827  36.498226    33.3686    151.848    -0.0004      7.893    87.3780 1.0381e-03 -0.6972342    25.6820  0.000e+00
     50.390     50.811     9.9813  36.497417    33.3690    151.852     0.0143      7.893    87.3006 2.7370e-03 -0.6972342    25.6826  0.000e+00
     50.370     50.791     9.9818  36.497728    33.3690    151.851     0.0143      7.893    87.3006 1.4574e-03 -0.6972342    25.6825  0.000e+00
     50.348     50.768     9.9827  36.498475    33.3688    152.276     0.0143      7.893    87.3006 1.8804e-03 -0.6972342    25.6822  0.000e+00
     50.536     50.958     9.9797  36.496111    33.3691    152.290     0.0069      7.893    87.3006 2.0221e-03 -0.6972342    25.6830  0.000e+00
     50.843     51.268     9.9756  36.493002    33.3696    152.044    -0.0004      7.893    87.3006 1.1775e-03 -0.6972342    25.6840  0.000e+00
     50.683     51.107     9.9759  36.493250    33.3697    152.040    -0.0077      7.893    87.2231 3.1707e-03 -0.6972342    25.6840  0.000e+00
     50.213     50.633     9.9783  36.495177    33.3696    152.023    -0.0077      7.893    87.4297 4.0493e-03 -0.5647556    25.6836  0.000e+00
     50.154     50.573     9.9846  36.500278    33.3690    152.001    -0.0004      7.893    87.5588 2.1643e-03 -0.6309949    25.6821  0.000e+00
     50.508     50.930     9.9812  36.497666    33.3693    152.019    -0.0004      7.893    87.4039 1.8804e-03 -0.6972342    25.6829  0.000e+00
     50.594     51.017     9.9788  36.495800    33.3696    152.029    -0.0004      7.893    87.4039 3.9018e-03 -0.6972342    25.6835  0.000e+00
     50.444     50.865     9.9808  36.497480    33.3696    152.019     0.0069      7.893    87.4297 7.6046e-04 -0.6972342    25.6831  0.000e+00
     50.537     50.959     9.9807  36.497356    33.3695    152.022    -0.0004      7.893    87.5330 1.4574e-03 -0.6972342    25.6831  0.000e+00
     50.672     51.095     9.9780  36.495241    33.3697    152.033    -0.0077      7.893    87.4039 2.0988e-04 -0.6972342    25.6837  0.000e+00
     50.568     50.991     9.9781  36.495489    33.3699    152.460    -0.0077      7.893    87.2489 2.4498e-03 -0.6972342    25.6839  0.000e+00
     50.489     50.911     9.9798  36.496795    33.3697    152.453    -0.0004      7.893    87.3006 2.4498e-03 -0.6972342    25.6834  0.000e+00
     50.560     50.982     9.9792  36.496360    33.3698    152.191    -0.0004      7.893    87.3264 1.7390e-03 -0.6972342    25.6836  0.000e+00
     50.567     50.990     9.9784  36.495551    33.3698    152.195     0.0069      7.893    87.3522 2.5932e-03 -0.6972342    25.6837  0.000e+00
     50.551     50.974     9.9784  36.495738    33.3700    152.194     0.0069      7.893    87.2231 1.5980e-03 -0.6972342    25.6838  0.000e+00
     50.641     51.064     9.9780  36.495490    33.3700    152.197     0.0069      7.893    87.2747 2.1643e-03 -0.6972342    25.6840  0.000e+00
     50.666     51.089     9.9770  36.494619    33.3701    152.201     0.0143      7.893    87.2747 1.8804e-03 -0.6972342    25.6842  0.000e+00
     50.516     50.938     9.9788  36.496111    33.3700    152.192     0.0216      7.893    87.1973 1.4574e-03 -0.6972342    25.6838  0.000e+00
     50.424     50.845     9.9820  36.498537    33.3695    152.180     0.0143      7.893    87.3006 1.1775e-03 -0.6972342    25.6829  0.000e+00
     50.540     50.962     9.9815  36.498351    33.3697    152.184     0.0069      7.893    87.3006 1.1775e-03 -0.6972342    25.6832  0.000e+00
     50.719     51.142     9.9777  36.495365    33.3701    152.629    -0.0077      7.893    87.3006 3.0257e-03 -0.6972342    25.6841  0.000e+00
     50.720     51.144     9.9770  36.494806    33.3702    152.202    -0.0004      7.893    87.3006 4.0493e-03 -0.6972342    25.6843  0.000e+00
     50.587     51.010     9.9787  36.496236    33.3701    151.929    -0.0004      7.893    87.2747 2.8812e-03 -0.6972342    25.6839  0.000e+00
     50.401     50.823     9.9804  36.497604    33.3700    152.184     0.0143      7.893    87.3522 1.8804e-03 -0.6972342    25.6835  0.000e+00
     49.954     50.371     9.9843  36.500838    33.3699    152.592    -0.0004      7.893    87.4555 2.5932e-03 -0.6972342    25.6828  0.000e+00
     49.341     49.753     9.9895  36.505129    33.3698    152.562    -0.0004      7.893    87.7654 2.3069e-03 -0.6972342    25.6819  0.000e+00
     48.754     49.161     9.9920  36.507180    33.3699    151.849     0.0069      7.898    87.7912 3.1707e-03 -0.6972342    25.6815  0.000e+00
     48.334     48.737     9.9989  36.513152    33.3697    152.246    -0.0004      7.898    87.7912 2.1643e-03 -0.6972342    25.6802  0.000e+00
