Arg_Leg3_G11_NV.cnv
* Sea-Bird SBE 9 Data File:
* FileName = S:\CTD_Data\CTD\Data\Argentina 2014\Data\Leg3\Arg_Leg3_G11.hex
* Software Version Seasave V 7.21g
* Temperature SN = 5769
* Conductivity SN = 4244
* Number of Bytes Per Scan = 31
* Number of Voltage Words = 4
* Number of Scans Averaged by the Deck Unit = 24
* NMEA Latitude = 47 01.07 S
* NMEA Longitude = 065 25.59 W
* NMEA UTC (Time) = Feb 12 2014 00:36:28
* NMEA baud rate = 9600
** R/V Coriolis II
** MARES project, ARGENTINA 2014
** Chief scientist : Dr. Gustavo Ferreyra
** Co-Chief scientist : Dr. José Luis Esteves
# nquan = 13
# nvalues = 472                                   
# units = specified
# name 0 = depSM: Depth [salt water, m]
# name 1 = prDM: Pressure, Digiquartz [db]
# name 2 = t090C: Temperature [ITS-90, deg C]
# name 3 = c0mS/cm: Conductivity [mS/cm]
# name 4 = sal00: Salinity, Practical [PSU]
# name 5 = sbeox0Mm/Kg: Oxygen, SBE 43 [umol/Kg]
# name 6 = flECO-AFL: Fluorescence, WET Labs ECO-AFL/FL [mg/m^3]
# name 7 = ph: pH
# name 8 = CStarTr0: Beam Transmission, WET Labs C-Star [%]
# name 9 = par: PAR/Irradiance, Biospherical/Licor
# name 10 = upoly0: Upoly 0, Nitrate
# name 11 = sigma-é00: Density [sigma-theta, Kg/m^3]
# name 12 = flag:  0.000e+00
# span 0 =     -0.160,     70.148                 
# span 1 =     -0.161,     70.747                 
# span 2 =    11.8024,    13.0234                 
# span 3 =   3.025236,  38.891305                 
# span 4 =     2.0916,    33.4591                 
# span 5 =    191.653,    274.011                 
# span 6 =    -0.1249,     1.6040                 
# span 7 =      7.767,      8.107                 
# span 8 =    68.6831,    87.8170                 
# span 9 = 1.0000e-12, 7.7976e-01                 
# span 10 = -0.7634735, -0.4653966                
# span 11 =     1.0092,    25.3253                
# span 12 = 0.0000e+00, 0.0000e+00                
# interval = seconds: 1
# start_time = Feb 12 2014 00:36:28 [NMEA time, header]
# bad_flag = -9.990e-29
*END*
[from data line 334]
     20.145     20.315    12.9244  38.811264    33.0111    222.980     1.2084      8.103    86.9907 1.0000e-12 -0.7634735    24.8678  0.000e+00
     20.162     20.332    12.9330  38.819554    33.0115    222.357     1.1718      8.103    87.0165 1.0000e-12 -0.7634735    24.8665  0.000e+00
     20.159     20.329    12.9732  38.852206    33.0073    222.237     1.1718      8.103    86.9391 1.0000e-12 -0.7634735    24.8553  0.000e+00
     20.231     20.401    12.9738  38.853290    33.0078    222.450     1.2011      8.103    86.8616 1.0000e-12 -0.7634735    24.8556  0.000e+00
     20.317     20.488    12.9786  38.857182    33.0073    223.381     1.2084      8.103    86.8874 1.0000e-12 -0.7634735    24.8542  0.000e+00
     20.312     20.483    12.9807  38.858968    33.0072    223.004     1.1864      8.103    86.8874 1.0000e-12 -0.7634735    24.8537  0.000e+00
     20.261     20.431    12.9745  38.854056    33.0079    223.338     1.1864      8.103    86.8616 1.0000e-12 -0.7634735    24.8555  0.000e+00
     20.170     20.340    12.9736  38.853099    33.0079    223.186     1.1937      8.103    86.8100 1.0000e-12 -0.7634735    24.8557  0.000e+00
     20.032     20.201    12.9706  38.850356    33.0079    223.503     1.1937      8.103    86.8358 1.0000e-12 -0.7634735    24.8562  0.000e+00
     19.977     20.145    12.9468  38.830138    33.0095    223.457     1.2084      8.103    86.8616 1.0000e-12 -0.7634735    24.8622  0.000e+00
     20.093     20.262    12.9332  38.819298    33.0111    222.723     1.2597      8.103    86.9649 1.0000e-12 -0.7634735    24.8661  0.000e+00
     20.338     20.510    12.9321  38.818343    33.0110    222.213     1.2524      8.103    86.9649 1.0000e-12 -0.7634735    24.8663  0.000e+00
     20.337     20.508    12.9236  38.810755    33.0112    223.204     1.2304      8.103    86.9391 1.0000e-12 -0.7634735    24.8681  0.000e+00
     19.852     20.019    12.9419  38.826885    33.0108    222.429     1.1498      8.103    86.9391 1.0000e-12 -0.7634735    24.8642  0.000e+00
     19.130     19.292    12.9478  38.830773    33.0096    222.323     1.2157      8.103    86.8874 1.0000e-12 -0.7634735    24.8620  0.000e+00
     18.404     18.559    12.9480  38.830578    33.0095    222.576     1.3915      8.103    86.8616 1.0000e-12 -0.7634735    24.8619  0.000e+00
     17.773     17.923    12.9450  38.827834    33.0098    223.831     1.5381      8.103    86.8100 1.0000e-12 -0.7634735    24.8627  0.000e+00
     17.302     17.448    12.9601  38.841033    33.0093    222.857     1.5527      8.103    86.8358 1.0000e-12 -0.7634735    24.8593  0.000e+00
     16.884     17.027    12.9715  38.850088    33.0081    222.306     1.4208      8.103    86.8100 1.0000e-12 -0.7634735    24.8562  0.000e+00
     16.313     16.450    12.9754  38.852893    33.0077    223.650     1.2743      8.103    86.7841 1.0000e-12 -0.7634735    24.8550  0.000e+00
     15.551     15.682    12.9740  38.851359    33.0077    223.788     1.2450      8.103    86.7841 1.0000e-12 -0.7634735    24.8553  0.000e+00
     14.836     14.961    12.9829  38.858883    33.0074    222.564     1.3842      8.103    86.7841 1.0000e-12 -0.7634735    24.8533  0.000e+00
     14.292     14.412    12.9880  38.862709    33.0068    222.680     1.5820      8.103    86.7583 1.0000e-12 -0.7634735    24.8518  0.000e+00
     13.818     13.934    12.9878  38.862324    33.0068    223.462     1.5234      8.103    86.7325 1.0000e-12 -0.7634735    24.8519  0.000e+00
     13.275     13.387    12.9862  38.860791    33.0070    223.240     1.4502      8.103    86.7583 1.0000e-12 -0.7634735    24.8523  0.000e+00
     12.621     12.727    12.9853  38.859959    33.0072    223.012     1.3036      8.103    86.8358 1.0000e-12 -0.7634735    24.8527  0.000e+00
     11.955     12.056    12.9853  38.859638    33.0072    222.626     1.2670      8.107    86.8100 1.0000e-12 -0.7634735    24.8526  0.000e+00
     11.448     11.544    12.9847  38.858743    33.0071    222.982     1.4135      8.107    86.7583 1.0000e-12 -0.7634735    24.8526  0.000e+00
     11.095     11.189    12.9844  38.858550    33.0073    223.920     1.4868      8.107    86.8616 1.0000e-12 -0.7634735    24.8528  0.000e+00
     10.647     10.737    12.9838  38.857719    33.0072    223.330     1.2890      8.103    86.8358 1.0000e-12 -0.7634735    24.8528  0.000e+00
      9.928     10.012    12.9825  38.856441    33.0074    222.889     1.1864      8.107    86.8358 1.0000e-12 -0.7634735    24.8533  0.000e+00
      9.198      9.275    12.9820  38.855545    33.0074    223.084     1.3036      8.107    86.8100 1.0000e-12 -0.7634735    24.8533  0.000e+00
      8.727      8.800    12.9828  38.856117    33.0074    223.067     1.5161      8.107    86.7841 1.0000e-12 -0.7634735    24.8532  0.000e+00
      8.492      8.563    12.9850  38.857902    33.0073    222.317     1.5967      8.107    86.7841 1.0000e-12 -0.7634735    24.8526  0.000e+00
      8.279      8.349    12.9861  38.858475    33.0069    223.773     1.4282      8.107    86.8616 1.0000e-12 -0.7634735    24.8522  0.000e+00
      7.806      7.871    12.9838  38.856369    33.0072    223.096     1.1937      8.107    86.8358 1.0000e-12 -0.7634735    24.8528  0.000e+00
      7.057      7.116    12.9831  38.855600    33.0073    223.692     1.1498      8.107    86.8100 1.0000e-12 -0.7634735    24.8530  0.000e+00
      6.437      6.491    12.9806  38.853110    33.0074    223.225     1.3403      8.107    86.8358 1.0000e-12 -0.7303538    24.8535  0.000e+00
      6.136      6.187    12.9807  38.853109    33.0074    222.731     1.3915      8.103    86.8616 1.0000e-12 -0.7303538    24.8536  0.000e+00
      5.984      6.034    12.9794  38.852024    33.0076    223.005     1.5674      8.107    86.8616 1.0000e-12 -0.7303538    24.8539  0.000e+00
      5.803      5.852    12.9805  38.852917    33.0075    223.515     1.3476      8.107    86.8616 1.0000e-12 -0.7303538    24.8536  0.000e+00
      5.569      5.616    12.9811  38.853235    33.0075    222.985     1.2084      8.107    86.8874 1.0000e-12 -0.7303538    24.8535  0.000e+00
      5.377      5.422    12.9797  38.851639    33.0072    223.294     1.1864      8.107    86.8616 1.0000e-12 -0.7303538    24.8535  0.000e+00
      5.129      5.172    12.9727  38.845898    33.0079    223.745     1.1864      8.107    86.8616 1.0000e-12 -0.7303538    24.8555  0.000e+00
      4.796      4.836    12.9745  38.847491    33.0081    222.567     1.1718      8.107    86.8874 1.0000e-12 -0.7303538    24.8552  0.000e+00
      4.453      4.490    12.9783  38.850551    33.0078    222.907     1.2157      8.107    86.8874 1.0000e-12 -0.7303538    24.8543  0.000e+00
      4.209      4.244    12.9792  38.850997    33.0075    224.422     1.3036      8.107    86.7841 1.0000e-12 -0.7303538    24.8538  0.000e+00
      4.050      4.084    12.9762  38.848062    33.0074    223.852     1.3183      8.107    86.8358 1.0000e-12 -0.7303538    24.8544  0.000e+00
      3.837      3.869    12.9707  38.843533    33.0080    223.965     1.2157      8.107    86.8616 1.0000e-12 -0.7303538    24.8559  0.000e+00
      3.651      3.682    12.9667  38.840152    33.0084    223.458     1.1864      8.107    86.8874 1.0000e-12 -0.7303538    24.8570  0.000e+00
      3.533      3.563    12.9675  38.840853    33.0084    222.657     1.2817      8.107    86.8874 1.0000e-12 -0.7303538    24.8568  0.000e+00
      3.230      3.257    12.9711  38.844424    33.0088    223.791     1.2963      8.107    86.8616 8.9907e-04 -0.7303538    24.8564  0.000e+00
      2.779      2.803    12.9831  38.853670    33.0073    223.571     1.2304      8.107    86.8874 1.0000e-12 -0.7303538    24.8528  0.000e+00
      2.526      2.547    12.9795  38.849906    33.0069    223.155     1.3769      8.107    86.8874 1.0000e-12 -0.6972342    24.8533  0.000e+00
      2.381      2.401    12.9774  38.848311    33.0073    223.740     1.4941      8.107    86.8358 2.0988e-04 -0.7303538    24.8540  0.000e+00
      2.255      2.274    12.9825  38.852201    33.0066    224.080     1.4868      8.107    86.8358 3.8160e-02 -0.7303538    24.8525  0.000e+00
      2.291      2.310    12.9803  38.850734    33.0071    224.243     1.4062      8.107    86.8100 3.0262e-02 -0.7303538    24.8532  0.000e+00
      2.074      2.091    12.9820  38.852201    33.0071    224.017     1.3110      8.107    86.7583 3.5051e-02 -0.7303538    24.8529  0.000e+00
      1.895      1.911    12.9801  38.850542    33.0073    222.708     1.2597      8.107    86.7841 4.7658e-02 -0.7303538    24.8534  0.000e+00
      2.151      2.169    12.9803  38.850925    33.0073    223.081     1.3549      8.107    86.7841 4.1638e-02 -0.7303538    24.8534  0.000e+00
      2.321      2.340    12.9816  38.852138    33.0073    223.718     1.3256      8.107    86.7841 1.9937e-02 -0.7303538    24.8531  0.000e+00
      2.283      2.302    12.9818  38.852074    33.0071    224.236     1.3329      8.107    86.7841 3.7917e-02 -0.6972342    24.8530  0.000e+00
      2.269      2.288    12.9804  38.850926    33.0072    223.510     1.5527      8.107    86.8100 3.7674e-02 -0.6972342    24.8533  0.000e+00
      2.173      2.191    12.9860  38.856156    33.0073    223.787     1.3842      8.107    86.7841 4.0630e-02 -0.6972342    24.8523  0.000e+00
      2.124      2.141    12.9912  38.860366    33.0068    224.188     1.4355      8.107    86.8100 4.4469e-02 -0.6972342    24.8509  0.000e+00
      2.136      2.154    12.9893  38.858899    33.0070    223.405     1.4941      8.107    86.7841 3.4583e-02 -0.7303538    24.8514  0.000e+00
      1.958      1.974    12.9911  38.860493    33.0071    223.758     1.3696      8.107    86.8358 2.8728e-02 -0.7303538    24.8511  0.000e+00
      2.031      2.048    12.9888  38.857622    33.0064    224.717     1.3403      8.107    86.8358 3.7548e-03 -0.7303538    24.8510  0.000e+00
      2.276      2.295    12.9838  38.854179    33.0073    223.068     1.3549      8.107    86.8874 2.4507e-02 -0.7303538    24.8527  0.000e+00
      2.351      2.370    12.9849  38.855008    33.0071    223.372     1.3549      8.107    86.8358 3.2053e-02 -0.6972342    24.8524  0.000e+00
      2.251      2.270    12.9847  38.854689    33.0070    224.222     1.4868      8.107    86.8358 3.7191e-02 -0.7303538    24.8523  0.000e+00
      2.063      2.081    12.9848  38.854624    33.0069    223.790     1.3549      8.107    86.8100 4.5520e-02 -0.7303538    24.8522  0.000e+00
      2.159      2.177    12.9845  38.854689    33.0072    223.794     1.3989      8.107    86.7841 2.9382e-02 -0.7303538    24.8525  0.000e+00
      2.313      2.332    12.9845  38.854689    33.0072    223.432     1.2450      8.107    86.7583 2.7865e-02 -0.7303538    24.8525  0.000e+00
      2.179      2.197    12.9844  38.854561    33.0072    224.528     1.4135      8.107    86.8100 5.0121e-02 -0.7303538    24.8525  0.000e+00
      1.892      1.907    12.9833  38.853476    33.0072    224.371     1.2890      8.107    86.7841 3.7917e-02 -0.6972342    24.8528  0.000e+00
      1.895      1.910    12.9815  38.852072    33.0074    223.741     1.3769      8.107    86.8358 4.7388e-02 -0.6972342    24.8533  0.000e+00
      2.196      2.214    12.9821  38.852648    33.0074    223.960     1.3696      8.107    86.8100 2.5748e-02 -0.6972342    24.8531  0.000e+00
      2.381      2.400    12.9831  38.853541    33.0073    223.960     1.3403      8.107    86.8100 3.1827e-02 -0.6309949    24.8529  0.000e+00
      2.350      2.369    12.9822  38.852712    33.0073    222.865     1.4355      8.107    86.7841 4.0630e-02 -0.6972342    24.8531  0.000e+00
      2.107      2.125    12.9814  38.851946    33.0073    223.594     1.4575      8.107    86.8100 4.9019e-02 -0.7303538    24.8532  0.000e+00
      1.995      2.012    12.9813  38.851818    33.0074    224.230     1.4062      8.107    86.8616 3.9140e-02 -0.6972342    24.8533  0.000e+00
      1.951      1.967    12.9813  38.851626    33.0073    223.071     1.5381      8.107    86.8358 4.3947e-02 -0.7303538    24.8532  0.000e+00
      2.046      2.063    12.9806  38.851180    33.0073    222.710     1.4868      8.107    86.8100 2.5332e-02 -0.6972342    24.8534  0.000e+00
      2.288      2.307    12.9794  38.850416    33.0076    223.880     1.4575      8.107    86.8358 2.8080e-02 -0.6972342    24.8538  0.000e+00
      2.381      2.401    12.9799  38.850799    33.0075    224.094     1.3842      8.107    86.8100 3.9387e-02 -0.7303538    24.8537  0.000e+00
      2.254      2.273    12.9798  38.850671    33.0075    223.665     1.4868      8.107    86.8358 3.7433e-02 -0.7303538    24.8537  0.000e+00
      2.019      2.036    12.9800  38.850797    33.0075    223.291     1.3696      8.107    86.8616 1.4404e-02 -0.7303538    24.8536  0.000e+00
      1.851      1.867    12.9803  38.850924    33.0075    224.750     1.3036      8.107    86.7841 1.8793e-02 -0.6972342    24.8535  0.000e+00
      1.968      1.985    12.9798  38.850478    33.0074    223.870     1.3915      8.107    86.8100 2.4098e-02 -0.6972342    24.8536  0.000e+00
      2.119      2.137    12.9795  38.850415    33.0075    223.024     1.5454      8.107    86.8616 2.3286e-02 -0.6972342    24.8538  0.000e+00
      2.249      2.268    12.9790  38.850160    33.0077    224.401     1.6040      8.107    86.8616 2.4918e-02 -0.6972342    24.8539  0.000e+00
      2.280      2.299    12.9795  38.850479    33.0075    223.667     1.5454      8.107    86.8874 2.7011e-02 -0.7303538    24.8538  0.000e+00
      2.154      2.172    12.9799  38.850670    33.0074    223.969     1.4868      8.107    86.9132 3.0041e-02 -0.7303538    24.8536  0.000e+00
      2.028      2.045    12.9795  38.850159    33.0074    224.026     1.4721      8.107    86.9132 3.5522e-02 -0.7303538    24.8536  0.000e+00
      1.935      1.951    12.9790  38.849904    33.0076    223.966     1.3769      8.107    86.8616 3.7917e-02 -0.6972342    24.8539  0.000e+00
      2.132      2.150    12.9779  38.849075    33.0077    223.457     1.4062      8.107    86.8874 2.6167e-02 -0.6972342    24.8542  0.000e+00
      2.325      2.344    12.9779  38.849204    33.0077    223.616     1.5820      8.107    86.8874 4.0131e-02 -0.7303538    24.8542  0.000e+00
      2.219      2.238    12.9781  38.849140    33.0076    224.404     1.3403      8.107    86.8100 5.2648e-02 -0.7303538    24.8540  0.000e+00
      1.968      1.985    12.9781  38.849139    33.0077    224.184     1.2963      8.107    86.8100 4.4469e-02 -0.7303538    24.8541  0.000e+00
      1.912      1.928    12.9794  38.850287    33.0076    223.964     1.5088      8.107    86.7325 2.5332e-02 -0.7303538    24.8538  0.000e+00
      2.049      2.066    12.9799  38.850861    33.0077    224.331     1.5161      8.107    86.7841 3.9634e-02 -0.7303538    24.8538  0.000e+00
      2.228      2.246    12.9797  38.850670    33.0076    223.971     1.4208      8.107    86.8100 4.4469e-02 -0.6972342    24.8538  0.000e+00
      2.230      2.249    12.9799  38.850926    33.0077    223.025     1.3036      8.107    86.7841 2.5957e-02 -0.6972342    24.8538  0.000e+00
      2.139      2.157    12.9816  38.852520    33.0077    223.227     1.2963      8.107    86.8100 1.3700e-02 -0.6972342    24.8535  0.000e+00
      2.147      2.165    12.9883  38.858644    33.0077    223.988     1.3549      8.107    86.7841 2.7011e-02 -0.7303538    24.8521  0.000e+00
      2.177      2.195    12.9926  38.862663    33.0077    224.335     1.2817      8.107    86.8100 2.2284e-02 -0.6972342    24.8513  0.000e+00
      1.816      1.831    12.9994  38.868403    33.0074    224.446     1.2524      8.107    86.7583 3.0262e-02 -0.6972342    24.8497  0.000e+00
      1.525      1.537    12.9902  38.859407    33.0070    224.635     1.2524      8.107    86.5517 2.7437e-02 -0.6972342    24.8512  0.000e+00
      1.209      1.219    12.9921  38.861447    33.0074    224.404     1.3769      8.107    86.7583 5.9403e-02 -0.6972342    24.8511  0.000e+00
