Arg_L2_SF04_NV.cnv
* Sea-Bird SBE 9 Data File:
* FileName = S:\CTD_Data\CTD\Data\Argentina 2014\Data\Arg_L2_SF04.hex
* Software Version Seasave V 7.21g
* Temperature SN = 5769
* Conductivity SN = 4244
* Number of Bytes Per Scan = 31
* Number of Voltage Words = 4
* Number of Scans Averaged by the Deck Unit = 24
* NMEA Latitude = 45 56.66 S
* NMEA Longitude = 065 33.73 W
* NMEA UTC (Time) = Feb 07 2014 01:01:23
* NMEA baud rate = 9600
** R/V Coriolis II
** MARES project, ARGENTINA 2014
** Chief scientist : Dr. Gustavo Ferreyra
** Co-Chief scientist : Dr. José Luis Esteves
# nquan = 13
# nvalues = 705                                   
# units = specified
# name 0 = depSM: Depth [salt water, m]
# name 1 = prDM: Pressure, Digiquartz [db]
# name 2 = t090C: Temperature [ITS-90, deg C]
# name 3 = c0mS/cm: Conductivity [mS/cm]
# name 4 = sal00: Salinity, Practical [PSU]
# name 5 = sbeox0Mm/Kg: Oxygen, SBE 43 [umol/Kg]
# name 6 = flECO-AFL: Fluorescence, WET Labs ECO-AFL/FL [mg/m^3]
# name 7 = ph: pH
# name 8 = CStarTr0: Beam Transmission, WET Labs C-Star [%]
# name 9 = par: PAR/Irradiance, Biospherical/Licor
# name 10 = upoly0: Upoly 0, Nitrate
# name 11 = sigma-é00: Density [sigma-theta, Kg/m^3]
# name 12 = flag:  0.000e+00
# span 0 =     -0.411,     84.733                 
# span 1 =     -0.415,     85.452                 
# span 2 =    10.1097,    14.3702                 
# span 3 =   0.454511,  39.846282                 
# span 4 =     0.2812,    33.2258                 
# span 5 =    170.974,    275.404                 
# span 6 =    -0.1396,     1.2524                 
# span 7 =      7.879,      8.225                 
# span 8 =    50.9177,    97.4743                 
# span 9 = 1.0000e-12, 3.9954e+00                 
# span 10 = -0.7303538,  4.3700735                
# span 11 =    -0.5278,    25.5155                
# span 12 = 0.0000e+00, 0.0000e+00                
# interval = seconds: 1
# start_time = Feb 07 2014 01:01:23 [NMEA time, header]
# bad_flag = -9.990e-29
*END*
[from data line 556]
      2.073      2.091    13.7728  39.816197    33.2243    222.747     1.1351      8.225    94.5048 1.0000e-12 -0.6309949    24.8620  0.000e+00
      2.114      2.132    13.7726  39.816391    33.2247    223.555     1.2084      8.225    94.6598 1.0000e-12 -0.5978752    24.8623  0.000e+00
      2.361      2.380    13.7718  39.815941    33.2248    223.162     1.1864      8.225    94.6081 3.3161e-03 -0.5978752    24.8625  0.000e+00
      2.531      2.552    13.7716  39.815813    33.2248    223.520     1.1058      8.225    94.6081 5.5469e-03 -0.6309949    24.8626  0.000e+00
      2.360      2.379    13.7730  39.817036    33.2248    222.804     1.0985      8.225    94.3757 2.3069e-03 -0.5978752    24.8623  0.000e+00
      2.117      2.135    13.7753  39.818645    33.2244    222.586     1.0326      8.225    94.2208 1.0000e-12 -0.5978752    24.8616  0.000e+00
      2.005      2.021    13.7763  39.819805    33.2247    223.685     1.1718      8.225    94.4790 1.0000e-12 -0.5978752    24.8616  0.000e+00
      2.319      2.338    13.7746  39.818517    33.2248    223.702     1.1351      8.225    94.5823 1.8804e-03 -0.5978752    24.8620  0.000e+00
      2.454      2.474    13.7758  39.819742    33.2249    223.297     1.0326      8.225    94.6598 4.7929e-03 -0.6309949    24.8618  0.000e+00
      2.003      2.020    13.7917  39.834622    33.2251    224.267     1.0179      8.225    94.6081 1.0000e-12 -0.5978752    24.8587  0.000e+00
      1.853      1.868    13.8007  39.842160    33.2243    223.518     1.0839      8.225    94.5307 1.0000e-12 -0.5978752    24.8563  0.000e+00
      2.320      2.339    13.7961  39.838296    33.2245    222.949     0.9886      8.220    94.6598 1.0000e-12 -0.6309949    24.8574  0.000e+00
      2.494      2.514    13.7927  39.835269    33.2246    225.131     1.0252      8.225    94.5565 1.0000e-12 -0.6309949    24.8581  0.000e+00
      2.244      2.263    13.7929  39.835525    33.2248    223.363     1.0765      8.225    94.4015 1.0000e-12 -0.5978752    24.8582  0.000e+00
      1.919      1.935    13.7928  39.834944    33.2244    222.701     1.0326      8.225    94.4274 1.0000e-12 -0.5978752    24.8580  0.000e+00
      2.051      2.068    13.7913  39.833656    33.2245    221.958     1.0326      8.225    94.5048 1.0000e-12 -0.5978752    24.8583  0.000e+00
      2.454      2.475    13.7889  39.831725    33.2247    222.835     1.0179      8.225    94.5307 1.7390e-03 -0.6309949    24.8590  0.000e+00
      2.412      2.432    13.7839  39.826828    33.2245    224.568     1.0839      8.225    94.4015 2.8812e-03 -0.6309949    24.8598  0.000e+00
      2.106      2.124    13.7874  39.830564    33.2250    223.585     1.0985      8.225    94.4015 1.0000e-12 -0.6309949    24.8595  0.000e+00
      1.981      1.998    13.7924  39.834816    33.2247    222.805     1.1278      8.225    94.4532 1.0000e-12 -0.6309949    24.8582  0.000e+00
      2.115      2.133    13.7925  39.835396    33.2251    222.657     1.1425      8.225    94.4790 1.0000e-12 -0.6309949    24.8586  0.000e+00
      2.274      2.293    13.7966  39.838747    33.2246    223.900     1.0619      8.225    94.4532 8.9907e-04 -0.6309949    24.8573  0.000e+00
      2.314      2.333    13.7910  39.833657    33.2246    223.776     1.1351      8.225    94.5048 3.1707e-03 -0.6309949    24.8585  0.000e+00
      2.425      2.445    13.7905  39.832949    33.2244    223.179     1.1864      8.225    94.4532 7.5579e-03 -0.6309949    24.8584  0.000e+00
      2.328      2.347    13.7831  39.826441    33.2248    224.467     1.1498      8.225    94.4274 4.4942e-03 -0.6309949    24.8603  0.000e+00
      2.028      2.045    13.7800  39.823606    33.2250    222.359     1.0765      8.225    94.4015 1.0000e-12 -0.5978752    24.8610  0.000e+00
      1.984      2.001    13.7799  39.822768    33.2243    223.869     1.0545      8.225    94.3499 7.3199e-05 -0.5978752    24.8605  0.000e+00
      2.345      2.364    13.7785  39.822383    33.2250    223.684     1.0692      8.225    94.4790 1.0632e-02 -0.6309949    24.8613  0.000e+00
      2.465      2.485    13.7797  39.822899    33.2244    223.179     1.0399      8.225    94.5565 1.9362e-02 -0.5978752    24.8607  0.000e+00
      2.052      2.069    13.7762  39.820191    33.2251    223.283     1.0912      8.225    94.5048 1.0000e-12 -0.5978752    24.8619  0.000e+00
      1.587      1.600    13.7823  39.825472    33.2249    222.840     0.9813      8.225    94.4790 1.0000e-12 -0.5978752    24.8605  0.000e+00
      1.951      1.967    13.7814  39.824894    33.2249    223.608     1.0472      8.225    94.4532 3.6082e-03 -0.5978752    24.8607  0.000e+00
      2.645      2.667    13.7802  39.824059    33.2250    223.282     0.9740      8.225    94.5823 2.9821e-02 -0.5978752    24.8610  0.000e+00
      2.531      2.552    13.7789  39.822963    33.2251    223.083     0.9447      8.225    94.5823 7.6046e-04 -0.5978752    24.8614  0.000e+00
      1.993      2.009    13.7823  39.825731    33.2249    223.253     1.0545      8.225    94.5565 1.0000e-12 -0.6309949    24.8605  0.000e+00
      1.893      1.908    13.7816  39.824829    33.2247    222.550     1.0619      8.225    94.5307 1.0000e-12 -0.5978752    24.8605  0.000e+00
      2.268      2.286    13.7819  39.825282    33.2248    222.911     1.0252      8.225    94.5307 1.0000e-12 -0.5978752    24.8605  0.000e+00
      2.597      2.619    13.7786  39.822448    33.2249    222.986     1.0472      8.225    94.6081 1.2833e-02 -0.6309949    24.8613  0.000e+00
      2.231      2.249    13.7804  39.823864    33.2248    224.175     1.0692      8.225    94.5307 1.1301e-02 -0.6309949    24.8608  0.000e+00
      1.406      1.417    13.7977  39.840741    33.2258    223.919     1.0619      8.225    94.6081 1.0000e-12 -0.6309949    24.8580  0.000e+00
      0.979      0.987    13.8042  39.843510    33.2229    222.726     1.0692      8.220    94.6081 1.0000e-12 -0.6309949    24.8545  0.000e+00
      1.208      1.218    13.8051  39.846282    33.2246    223.278     0.9740      8.225    94.5307 1.2147e-02 -0.6309949    24.8556  0.000e+00
      1.259      1.269    13.8013  39.842480    33.2244    223.146     0.9886      8.225    94.5307 3.7917e-02 -0.5978752    24.8562  0.000e+00
      0.982      0.990    13.7859  39.827209    33.2236    223.009     1.1278      8.225    94.5565 7.3608e-02 -0.5978752    24.8587  0.000e+00
      0.673      0.679    13.7989  39.840609    33.2249    223.492     1.1791      8.225    94.5048 7.9585e-02 -0.6309949    24.8571  0.000e+00
      0.739      0.745    13.7960  39.837710    33.2247    224.211     1.1058      8.225    94.4790 1.4841e-01 -0.6309949    24.8575  0.000e+00
      0.201      0.203    13.8000  39.841639    33.2252    224.327     1.0399      8.220    94.5565 2.7356e-01 -0.6309949    24.8570  0.000e+00
     -0.379     -0.382    13.7822  14.614185    11.0628    262.984     1.0545      8.220    64.1127 3.0091e-01 -0.5978752     7.8011  0.000e+00
     -0.385     -0.388    13.7762   6.721403     4.7919    265.486     0.4831      8.220    53.0351 3.0486e-01 -0.4653966     2.9802  0.000e+00
     -0.386     -0.389    13.7836  11.517271     8.5496    247.616    -0.0517      8.216    61.7887 3.1802e-01 -0.4985162     5.8697  0.000e+00
     -0.389     -0.392    13.7940  20.003613    15.5590    226.643     0.0289      8.216    67.8052 4.4249e-01 -0.4653966    11.2532  0.000e+00
     -0.389     -0.392    13.8034  20.696664    16.1442    217.651     0.4685      8.211    62.7699 1.9149e+00 -0.4653966    11.7013  0.000e+00
     -0.392     -0.395    13.8159  22.533953    17.7108    210.938     0.7249      8.202    59.1032 3.9954e+00 -0.4653966    12.9028  0.000e+00
     -0.392     -0.395    13.8266  21.806730    17.0821    208.844    -0.1176      8.197    58.0445 1.2576e+00 -0.4985162    12.4179  0.000e+00
     -0.400     -0.403    13.8426  21.923986    17.1753    205.390    -0.1249      8.192    58.7417 3.3813e-01 -0.4653966    12.4867  0.000e+00
     -0.400     -0.403    13.8495  20.791972    16.2060    204.153    -0.1249      8.188    58.7159 1.4350e-01 -0.4653966    11.7408  0.000e+00
     -0.403     -0.406    13.8535   6.118319     4.3245    219.926    -0.1249      8.188    58.0962 1.5289e-01 -0.4653966     2.6089  0.000e+00
     -0.411     -0.415    13.8634   5.835949     4.1104    220.449    -0.1249      8.188    58.0445 1.5064e-01 -0.4653966     2.4425  0.000e+00
     -0.401     -0.405    13.8686   6.597633     4.6862    225.463    -0.1249      8.187    56.7018 2.3290e-01 -0.4985162     2.8852  0.000e+00
     -0.389     -0.392    13.8568   9.074062     6.5995    228.809    -0.1249      8.188    56.0304 4.8720e-01 -0.4653966     4.3592  0.000e+00
     -0.392     -0.395    13.8192  11.723674     8.7072    232.874    -0.1249      8.188    57.5023 8.7314e-01 -0.4653966     5.9853  0.000e+00
     -0.394     -0.398    13.8339   9.639921     7.0477    244.942    -0.1249      8.188    57.7347 9.2098e-01 -0.4653966     4.7074  0.000e+00
     -0.396     -0.399    13.8530   8.851149     6.4259    242.150    -0.1249      8.183    57.1408 9.2371e-01 -0.4653966     4.2263  0.000e+00
     -0.394     -0.398    13.8663  14.037335    10.5673    223.552    -0.1249      8.187    55.7206 8.2766e-01 -0.4653966     7.4070  0.000e+00
     -0.389     -0.392    13.8714  21.352624    16.6744    209.466    -0.1249      8.183    55.4882 6.3949e-01 -0.4653966    12.0969  0.000e+00
     -0.396     -0.399    13.8770  22.049916    17.2679    209.135    -0.1176      8.183    55.6173 6.0371e-01 -0.4653966    12.5518  0.000e+00
     -0.392     -0.395    13.8863  23.100432    18.1653    209.846    -0.1249      8.183    55.6431 6.4727e-01 -0.4653966    13.2397  0.000e+00
     -0.400     -0.403    13.8983  21.218763    16.5487    214.688    -0.1176      8.187    55.5398 5.9460e-01 -0.4653966    11.9956  0.000e+00
     -0.400     -0.403    13.9141  20.920647    16.2883    216.408    -0.1249      8.183    55.3591 5.8030e-01 -0.4653966    11.7929  0.000e+00
     -0.387     -0.391    13.9198  24.831329    19.6445    210.352    -0.1249      8.178    57.2441 5.8207e-01 -0.4653966    14.3705  0.000e+00
     -0.380     -0.383    13.9158  29.478527    23.7234    200.861    -0.1249      8.183    58.0187 6.4143e-01 -0.4653966    17.5081  0.000e+00
     -0.390     -0.393    13.8321  34.832839    28.5910    201.240    -0.1249      8.178    57.2182 5.9823e-01 -0.4653966    21.2735  0.000e+00
     -0.401     -0.405    13.8072  10.920608     8.0676    251.741    -0.1249      8.169    54.6361 5.9280e-01 -0.4653966     5.4955  0.000e+00
     -0.407     -0.410    13.8005   3.410118     2.3234    271.069    -0.1249      8.169    53.6032 5.9641e-01 -0.4653966     1.0733  0.000e+00
     -0.401     -0.405    13.8012   3.102293     2.1016    270.608    -0.1249      8.169    53.6290 6.6310e-01 -0.4653966     0.9020  0.000e+00
     -0.390     -0.393    13.8068   4.277442     2.9554    268.226    -0.1249      8.169    53.6548 7.1063e-01 -0.4653966     1.5603  0.000e+00
     -0.386     -0.389    13.8102   5.758111     4.0574    267.203    -0.1249      8.164    53.7581 7.0003e-01 -0.4653966     2.4095  0.000e+00
     -0.397     -0.400    13.8115   4.786170     3.3307    269.351    -0.1249      8.164    54.3262 7.0425e-01 -0.4653966     1.8491  0.000e+00
     -0.406     -0.409    13.8180   3.592625     2.4545    270.708    -0.1176      8.160    54.9976 7.0425e-01 -0.4653966     1.1721  0.000e+00
     -0.404     -0.408    13.8317   2.793590     1.8794    271.583    -0.1176      8.155    55.0750 6.9584e-01 -0.4653966     0.7259  0.000e+00
     -0.396     -0.399    13.8398   2.904514     1.9581    271.573    -0.1323      8.150    55.1009 6.9793e-01 -0.4653966     0.7856  0.000e+00
     -0.387     -0.390    13.8339   3.954823     2.7170    269.995    -0.1249      8.150    55.1009 6.9793e-01 -0.4653966     1.3725  0.000e+00
     -0.389     -0.392    13.8364   5.471303     3.8393    267.944    -0.1249      8.150    55.1267 7.0214e-01 -0.4653966     2.2376  0.000e+00
     -0.399     -0.402    13.8491   4.932883     3.4364    268.744    -0.1176      8.146    55.1525 7.0637e-01 -0.4653966     1.9252  0.000e+00
     -0.407     -0.410    13.8686   5.266786     3.6832    268.290    -0.1249      8.146    55.2558 6.9584e-01 -0.4653966     2.1126  0.000e+00
     -0.404     -0.408    13.8845   4.365037     3.0138    269.816    -0.1249      8.146    55.3074 6.9166e-01 -0.4653966     1.5942  0.000e+00
     -0.400     -0.403    13.8902   3.191424     2.1607    271.324    -0.1176      8.146    55.3333 6.9584e-01 -0.4985162     0.9350  0.000e+00
     -0.400     -0.403    13.8885   3.537531     2.4102    270.804    -0.1249      8.146    55.3591 6.9166e-01 -0.4653966     1.1278  0.000e+00
     -0.397     -0.400    13.8851   3.814161     2.6110    270.633    -0.1249      8.141    55.3074 6.9166e-01 -0.4653966     1.2833  0.000e+00
     -0.396     -0.399    13.8851   2.764507     1.8562    272.243    -0.1176      8.141    55.4107 6.9375e-01 -0.4653966     0.7004  0.000e+00
     -0.399     -0.402    13.8891   2.104403     1.3915    273.286    -0.1249      8.141    55.5140 6.9375e-01 -0.4653966     0.3406  0.000e+00
     -0.400     -0.403    13.8956   1.334285     0.8620    274.004    -0.1176      8.136    55.5657 6.9166e-01 -0.4653966    -0.0703  0.000e+00
     -0.400     -0.403    13.9044   0.827873     0.5236    274.784    -0.1249      8.136    55.5915 6.9584e-01 -0.4653966    -0.3338  0.000e+00
     -0.399     -0.402    13.9118   0.638308     0.3997    274.976    -0.1249      8.136    55.6431 6.8751e-01 -0.4653966    -0.4311  0.000e+00
     -0.399     -0.402    13.9160   0.585971     0.3657    275.204    -0.1249      8.136    55.6689 6.7724e-01 -0.4653966    -0.4580  0.000e+00
     -0.403     -0.406    13.9213   0.498582     0.3095    275.279    -0.1249      8.132    55.7206 6.8545e-01 -0.4653966    -0.5024  0.000e+00
     -0.403     -0.406    13.9306   0.463019     0.2867    275.015    -0.1323      8.131    55.7206 6.8751e-01 -0.4653966    -0.5214  0.000e+00
     -0.401     -0.405    13.9405   0.454511     0.2812    275.404    -0.1323      8.131    55.7981 6.8339e-01 -0.4653966    -0.5270  0.000e+00
     -0.397     -0.400    13.9479   0.455157     0.2816    275.358    -0.1249      8.131    55.8497 6.8545e-01 -0.4653966    -0.5278  0.000e+00
     -0.400     -0.403    13.9534   0.460701     0.2851    275.068    -0.1249      8.127    55.9013 6.7928e-01 -0.4653966    -0.5258  0.000e+00
     -0.401     -0.405    13.9627   0.492616     0.3054    274.972    -0.1249      8.127    55.9272 6.9375e-01 -0.4653966    -0.5114  0.000e+00
     -0.398     -0.402    13.9693   0.782483     0.4930    275.011    -0.1249      8.127    56.2370 6.7928e-01 -0.4653966    -0.3666  0.000e+00
     -0.394     -0.398    13.9620   1.018165     0.6486    274.759    -0.1323      8.122    56.3661 6.8751e-01 -0.4653966    -0.2449  0.000e+00
     -0.396     -0.399    13.9541   1.028528     0.6557    274.544    -0.1249      8.117    56.4178 6.9166e-01 -0.4653966    -0.2384  0.000e+00
     -0.403     -0.406    13.9644   0.839280     0.5303    274.720    -0.1323      8.117    56.4952 6.8959e-01 -0.4653966    -0.3370  0.000e+00
     -0.405     -0.409    13.9950   0.905904     0.5738    274.451    -0.1323      8.117    56.6243 6.8545e-01 -0.4653966    -0.3076  0.000e+00
     -0.405     -0.409    14.0037   8.968515     6.4923    263.772    -0.1396      8.117    56.7535 5.9823e-01 -0.4653966     4.2544  0.000e+00
     -0.396     -0.399    13.9933  20.286611    15.7180    247.072    -0.1323      8.131    56.1337 6.2230e-01 -0.4653966    11.3412  0.000e+00
     -0.397     -0.400    14.0219  21.691985    16.8982    245.073    -0.1323      8.140    50.9694 6.2042e-01 -0.4653966    12.2425  0.000e+00
     -0.401     -0.404    14.0340  21.458650    16.6945    245.579    -0.1396      8.136    51.4858 6.2419e-01 -0.4653966    12.0840  0.000e+00
