Arg_L2_SF11_NV.cnv
* Sea-Bird SBE 9 Data File:
* FileName = S:\CTD_Data\CTD\Data\Argentina 2014\Data\Arg_L2_SF11.hex
* Software Version Seasave V 7.21g
* Temperature SN = 5769
* Conductivity SN = 4244
* Number of Bytes Per Scan = 31
* Number of Voltage Words = 4
* Number of Scans Averaged by the Deck Unit = 24
* NMEA Latitude = 45 56.86 S
* NMEA Longitude = 065 33.77 W
* NMEA UTC (Time) = Feb 08 2014 22:02:30
* NMEA baud rate = 9600
** R/V Coriolis II
** MARES project, ARGENTINA 2014
** Chief scientist : Dr. Gustavo Ferreyra
** Co-Chief scientist : Dr. José Luis Esteves
# nquan = 13
# nvalues = 312                                   
# units = specified
# name 0 = depSM: Depth [salt water, m]
# name 1 = prDM: Pressure, Digiquartz [db]
# name 2 = t090C: Temperature [ITS-90, deg C]
# name 3 = c0mS/cm: Conductivity [mS/cm]
# name 4 = sal00: Salinity, Practical [PSU]
# name 5 = sbeox0Mm/Kg: Oxygen, SBE 43 [umol/Kg]
# name 6 = flECO-AFL: Fluorescence, WET Labs ECO-AFL/FL [mg/m^3]
# name 7 = ph: pH
# name 8 = CStarTr0: Beam Transmission, WET Labs C-Star [%]
# name 9 = par: PAR/Irradiance, Biospherical/Licor
# name 10 = upoly0: Upoly 0, Nitrate
# name 11 = sigma-é00: Density [sigma-theta, Kg/m^3]
# name 12 = flag:  0.000e+00
# span 0 =     -0.279,     80.636                 
# span 1 =     -0.281,     81.319                 
# span 2 =     9.1244,    14.0939                 
# span 3 =   7.074103,  40.133260                 
# span 4 =     5.0383,    33.3264                 
# span 5 =    132.859,    276.352                 
# span 6 =    -0.2715,    19.0179                 
# span 7 =      7.791,      8.221                 
# span 8 =    28.8402,    97.2678                 
# span 9 = 1.0000e-12, 5.0919e+02                 
# span 10 = -0.7634735,  4.1713556                
# span 11 =     3.1432,    25.7891                
# span 12 = 0.0000e+00, 0.0000e+00                
# interval = seconds: 1
# start_time = Feb 08 2014 22:02:30 [NMEA time, header]
# bad_flag = -9.990e-29
*END*
[from data line 112]
     66.893     67.457    10.0064  36.456539    33.2970    160.525    -0.0444      7.926    91.3029 3.9140e-02 -0.4322769    25.6225  0.000e+00
     67.410     67.979     9.9969  36.448208    33.2970    159.277    -0.0370      7.921    91.2513 3.8404e-02 -0.5647556    25.6241  0.000e+00
     68.001     68.575     9.9797  36.432168    33.2963    158.158    -0.0297      7.916    91.2255 3.3423e-02 -0.6309949    25.6264  0.000e+00
     68.743     69.323     9.9498  36.406001    33.2969    156.916    -0.0297      7.917    91.1997 3.1827e-02 -0.0017214    25.6319  0.000e+00
     69.504     70.091     9.8779  36.339399    33.2950    156.517    -0.0370      7.907    90.9414 2.6377e-02  2.5484923    25.6425  0.000e+00
     70.158     70.750     9.7785  36.252864    33.2983    155.164    -0.0370      7.898    90.5283 2.6377e-02  0.2963556    25.6615  0.000e+00
     70.623     71.219     9.7187  36.201503    33.3009    152.521    -0.0370      7.889    88.7208 2.1690e-02 -0.3660376    25.6734  0.000e+00
     71.081     71.681     9.6508  36.138767    33.2993    150.271    -0.0297      7.884    86.2161 2.0323e-02 -0.1342000    25.6833  0.000e+00
     71.749     72.355     9.5308  36.033601    33.3024    148.717    -0.0224      7.875    84.3569 1.7667e-02  1.3893043    25.7053  0.000e+00
     72.495     73.107     9.4700  35.979889    33.3032    146.806    -0.0224      7.861    81.9555 1.6196e-02  0.0645179    25.7158  0.000e+00
     73.209     73.828     9.4524  35.963066    33.3019    145.204    -0.0224      7.857    78.8827 1.2318e-02  1.1905863    25.7177  0.000e+00
     73.865     74.489     9.4367  35.949894    33.3026    143.424    -0.0224      7.852    77.8498 1.0632e-02  1.7867402    25.7208  0.000e+00
     74.397     75.026     9.4346  35.947855    33.3023    141.769    -0.0224      7.852    76.3263 9.1555e-03  1.2237060    25.7209  0.000e+00
     74.930     75.564     9.4308  35.944394    33.3020    141.284    -0.0224      7.847    75.6808 8.1915e-03  1.4555436    25.7212  0.000e+00
     75.564     76.203     9.3632  35.887892    33.3063    141.156    -0.0077      7.848    75.8099 5.5469e-03  1.6211419    25.7356  0.000e+00
     76.227     76.872     9.2938  35.833217    33.3142    140.922    -0.0004      7.838    75.0352 2.7370e-03  1.4555436    25.7529  0.000e+00
     76.847     77.497     9.2775  35.819570    33.3150    140.256    -0.0150      7.834    73.7442 2.7370e-03  0.7931504    25.7561  0.000e+00
     77.281     77.935     9.2689  35.811606    33.3147    138.387    -0.0150      7.829    72.6855 1.4574e-03  0.8262701    25.7572  0.000e+00
     77.634     78.291     9.2644  35.807408    33.3143    136.951    -0.0150      7.829    71.6784 6.2223e-04  1.9854581    25.7577  0.000e+00
     78.172     78.834     9.2489  35.794135    33.3148    136.560    -0.0150      7.824    70.9812 2.0988e-04  2.5153726    25.7606  0.000e+00
     78.768     79.435     9.2165  35.767903    33.3176    135.936    -0.0077      7.820    70.2840 1.0000e-12  2.5484923    25.7679  0.000e+00
     79.171     79.841     9.2030  35.757227    33.3190    135.423    -0.0004      7.820    69.5610 7.3199e-05  1.4224239    25.7711  0.000e+00
     79.463     80.136     9.1858  35.743220    33.3204    135.369    -0.0077      7.815    68.9671 1.0000e-12  1.3230650    25.7750  0.000e+00
     79.797     80.473     9.1618  35.724157    33.3228    135.053    -0.0077      7.815    68.2958 1.0000e-12  0.2963556    25.7807  0.000e+00
     80.213     80.892     9.1294  35.698191    33.3261    134.480    -0.0077      7.810    67.4953 1.0000e-12 -0.2004393    25.7884  0.000e+00
     80.462     81.144     9.1270  35.696527    33.3264    134.270    -0.0077      7.811    65.9976 1.0000e-12  1.6873812    25.7891  0.000e+00
     80.496     81.178     9.1244  35.693752    33.3260    134.057    -0.0004      7.806    65.5587 1.0000e-12  1.8198598    25.7891  0.000e+00
     80.396     81.077     9.1279  35.695971    33.3250    133.992    -0.0077      7.806    65.5587 1.0000e-12  1.9192188    25.7878  0.000e+00
     80.309     80.989     9.1302  35.697390    33.3244    133.931    -0.0150      7.806    66.0751 1.0000e-12  2.4491333    25.7870  0.000e+00
     80.288     80.968     9.1316  35.698561    33.3243    133.590    -0.0004      7.806    66.1009 1.0000e-12  4.1713556    25.7867  0.000e+00
     80.288     80.968     9.1306  35.697328    33.3240    133.709    -0.0077      7.806    65.9202 1.0000e-12  1.6873812    25.7866  0.000e+00
     80.347     81.028     9.1292  35.696033    33.3239    133.829    -0.0077      7.806    66.1784 1.0000e-12  1.4886632    25.7868  0.000e+00
     80.410     81.091     9.1292  35.696033    33.3239    133.662    -0.0150      7.806    66.4624 1.0000e-12  1.6211419    25.7868  0.000e+00
     80.390     81.071     9.1280  35.694923    33.3239    133.949    -0.0150      7.801    66.5399 1.0000e-12  1.9192188    25.7869  0.000e+00
     80.398     81.079     9.1326  35.698315    33.3230    133.767    -0.0004      7.801    66.9014 1.0000e-12  2.9128085    25.7855  0.000e+00
     80.458     81.139     9.1274  35.694121    33.3236    133.332    -0.0077      7.801    67.0305 1.0000e-12  2.0185778    25.7868  0.000e+00
     80.453     81.135     9.1329  35.698562    33.3230    133.599    -0.0077      7.801    67.0563 1.0000e-12  1.4224239    25.7855  0.000e+00
     80.401     81.082     9.1430  35.706394    33.3217    133.401    -0.0150      7.801    67.2113 1.0000e-12  1.2899453    25.7828  0.000e+00
     80.442     81.123     9.1504  35.712069    33.3207    133.380    -0.0224      7.801    67.5211 1.0000e-12  3.7408000    25.7809  0.000e+00
     80.494     81.176     9.1492  35.711144    33.3208    133.667    -0.0150      7.801    67.4437 1.0000e-12  0.8925094    25.7811  0.000e+00
     80.418     81.099     9.1510  35.712624    33.3207    133.661    -0.0150      7.801    67.2371 1.0000e-12  1.3561846    25.7808  0.000e+00
     80.212     80.891     9.1579  35.717805    33.3198    133.186    -0.0150      7.801    67.4695 1.0000e-12  2.7803299    25.7790  0.000e+00
     80.095     80.774     9.1695  35.726872    33.3184    133.151    -0.0224      7.801    67.9601 1.1775e-03  2.3828940    25.7760  0.000e+00
     80.263     80.943     9.1636  35.722123    33.3189    133.454    -0.0150      7.801    68.1925 1.0000e-12  1.9854581    25.7774  0.000e+00
     80.562     81.245     9.1510  35.712501    33.3205    133.496    -0.0004      7.801    67.8052 7.3199e-05  2.0516974    25.7806  0.000e+00
     80.612     81.295     9.1475  35.709726    33.3209    133.507    -0.0004      7.801    67.2887 2.0988e-04  2.1510564    25.7815  0.000e+00
     80.551     81.233     9.1491  35.710712    33.3204    133.501    -0.0077      7.796    67.2113 7.3199e-05  2.1510564    25.7809  0.000e+00
     80.616     81.299     9.1453  35.707690    33.3208    133.062    -0.0150      7.796    66.9014 7.3199e-05  2.3497744    25.7818  0.000e+00
     80.572     81.254     9.1434  35.706148    33.3210    133.067    -0.0077      7.796    66.9272 3.4694e-04  1.4886632    25.7823  0.000e+00
     80.463     81.144     9.1483  35.710033    33.3205    133.334    -0.0077      7.796    67.1596 7.3199e-05  0.9587487    25.7811  0.000e+00
     80.322     81.002     9.1529  35.713549    33.3199    133.318    -0.0150      7.796    67.5469 2.4498e-03  0.8593897    25.7799  0.000e+00
     80.064     80.742     9.1607  35.719716    33.3192    133.291    -0.0150      7.796    67.6502 1.1775e-03  2.7140906    25.7780  0.000e+00
     80.044     80.722     9.1706  35.727119    33.3176    133.262    -0.0077      7.796    67.9084 1.7390e-03  2.5816120    25.7752  0.000e+00
     80.380     81.061     9.1571  35.716571    33.3191    133.308     0.0069      7.796    67.9343 4.8439e-04  2.4491333    25.7786  0.000e+00
     80.636     81.319     9.1433  35.706025    33.3209    133.352    -0.0150      7.796    67.4437 3.4694e-04  2.4491333    25.7822  0.000e+00
     80.592     81.274     9.1417  35.704915    33.3213    133.356    -0.0150      7.796    67.0563 1.0000e-12  3.6083214    25.7827  0.000e+00
     80.387     81.068     9.1509  35.712007    33.3202    133.326    -0.0004      7.796    67.2887 7.6046e-04  3.0452872    25.7804  0.000e+00
     80.266     80.946     9.1575  35.716879    33.3191    133.305    -0.0004      7.796    67.7535 3.4694e-04  2.3497744    25.7785  0.000e+00
     80.296     80.976     9.1558  35.715522    33.3193    132.859    -0.0077      7.796    67.6761 1.4574e-03  1.7536205    25.7789  0.000e+00
     80.315     80.995     9.1514  35.712068    33.3198    132.872    -0.0077      7.796    67.2629 2.0988e-04  3.4427231    25.7800  0.000e+00
     80.368     81.049     9.1472  35.708738    33.3202    133.169    -0.0077      7.792    67.0563 1.0000e-12  3.4096034    25.7810  0.000e+00
     80.377     81.058     9.1420  35.704482    33.3207    133.184    -0.0150      7.792    67.0563 1.0000e-12  2.0185778    25.7822  0.000e+00
     80.312     80.992     9.1418  35.704173    33.3206    133.184    -0.0150      7.792    66.9530 1.1775e-03  0.9587487    25.7822  0.000e+00
     80.233     80.913     9.1349  35.699178    33.3219    133.202    -0.0150      7.792    66.8756 1.4574e-03  1.0581077    25.7842  0.000e+00
     79.698     80.373     9.1692  35.726871    33.3188    133.092    -0.0150      7.791    66.9789 7.6046e-04  3.2108855    25.7764  0.000e+00
     78.879     79.547     9.2281  35.773272    33.3123    132.906    -0.0077      7.796    68.1667 8.9907e-04  1.9854581    25.7619  0.000e+00
     78.049     78.710     9.2572  35.795307    33.3083    133.256     0.0069      7.796    68.7347 2.8812e-03  1.3893043    25.7541  0.000e+00
     77.369     78.024     9.2643  35.801417    33.3083    133.671    -0.0077      7.801    68.9155 4.3455e-03  2.2172957    25.7530  0.000e+00
     76.829     77.479     9.2723  35.808084    33.3080    134.253     0.0143      7.801    69.0188 4.6433e-03  1.5549026    25.7515  0.000e+00
     76.292     76.938     9.2947  35.827225    33.3072    134.343     0.0069      7.805    69.3028 6.6206e-03  2.5153726    25.7472  0.000e+00
     75.556     76.195     9.3397  35.864039    33.3036    134.530    -0.0077      7.805    70.3099 7.0872e-03  2.9790479    25.7372  0.000e+00
     74.702     75.333     9.4050  35.917311    33.2982    135.375    -0.0150      7.810    71.5493 1.0799e-02  2.8134496    25.7225  0.000e+00
     73.970     74.595     9.4407  35.944266    33.2931    136.478    -0.0004      7.819    72.5822 1.4051e-02  1.7867402    25.7127  0.000e+00
     73.327     73.947     9.4534  35.955519    33.2932    137.814     0.0143      7.819    73.7700 1.5653e-02  2.2835350    25.7107  0.000e+00
     72.601     73.214     9.4740  35.973269    33.2927    139.289     0.0069      7.824    74.4413 1.7482e-02  2.5484923    25.7070  0.000e+00
     71.816     72.423     9.4888  35.986629    33.2930    140.502    -0.0077      7.824    75.0611 2.2683e-02  2.5153726    25.7048  0.000e+00
     71.177     71.778     9.5413  36.035950    33.2952    140.871    -0.0150      7.828    75.7066 2.5332e-02  2.2835350    25.6980  0.000e+00
     70.747     71.345     9.6096  36.095704    33.2934    140.757    -0.0077      7.833    76.7911 2.6588e-02  1.7536205    25.6855  0.000e+00
     70.286     70.880     9.7268  36.201749    33.2938    141.630    -0.0004      7.842    79.2700 2.7437e-02  1.5549026    25.6665  0.000e+00
     69.513     70.100     9.7997  36.261920    33.2882    143.349    -0.0224      7.851    80.6902 3.1377e-02  1.6542615    25.6501  0.000e+00
     68.443     69.020     9.8964  36.352314    33.2916    145.290    -0.0150      7.860    81.8780 3.2735e-02  2.5484923    25.6367  0.000e+00
     67.460     68.029     9.9459  36.394995    33.2899    147.121    -0.0150      7.874    84.4860 3.9882e-02  1.1905863    25.6271  0.000e+00
     66.970     67.535     9.9326  36.383932    33.2911    149.506    -0.0224      7.879    84.7959 4.2401e-02  1.2237060    25.6302  0.000e+00
     66.642     67.204     9.9896  36.436577    33.2923    152.070    -0.0224      7.883    85.0541 4.3429e-02  1.4224239    25.6216  0.000e+00
     65.991     66.548    10.0206  36.463438    33.2913    153.326    -0.0224      7.883    87.6363 4.5784e-02  1.5549026    25.6156  0.000e+00
     65.176     65.726    10.0290  36.467726    33.2882    154.398    -0.0370      7.888    89.6245 5.0677e-02  0.6937915    25.6118  0.000e+00
     64.493     65.037    10.0312  36.463867    33.2826    155.599    -0.0297      7.893    89.2888 5.5531e-02  1.1574667    25.6070  0.000e+00
     63.888     64.426    10.0282  36.457272    33.2789    156.818    -0.0150      7.897    89.8827 5.8196e-02  1.5880222    25.6047  0.000e+00
     63.208     63.740     9.9978  36.416419    33.2657    157.985    -0.0150      7.898    89.8827 6.2791e-02  1.7867402    25.5995  0.000e+00
     62.508     63.034     9.9718  36.387578    33.2607    158.696    -0.0224      7.902    90.7607 6.9227e-02  1.7867402    25.5999  0.000e+00
     61.822     62.342     9.9638  36.377198    33.2577    158.310    -0.0224      7.902    91.0705 7.8152e-02  0.9918684    25.5989  0.000e+00
     61.225     61.741     9.9430  36.348742    33.2483    157.383    -0.0224      7.902    90.9414 8.3607e-02  1.3230650    25.5949  0.000e+00
     60.621     61.132     9.9211  36.320233    33.2396    156.823    -0.0004      7.902    91.2513 9.2034e-02  2.3497744    25.5919  0.000e+00
     59.929     60.433     9.9056  36.298250    33.2319    157.204    -0.0150      7.903    91.1480 9.9328e-02  3.0121675    25.5884  0.000e+00
     59.220     59.719     9.9084  36.296074    33.2274    157.349    -0.0150      7.903    90.7349 1.0964e-01  0.5944325    25.5844  0.000e+00
     58.390     58.882     9.9276  36.309729    33.2240    157.598    -0.0150      7.902    90.0893 1.2164e-01  0.1969966    25.5785  0.000e+00
     57.482     57.966     9.9581  36.329720    33.2167    158.506    -0.0150      7.902    89.4696 1.3870e-01  0.3625949    25.5677  0.000e+00
     56.787     57.264     9.9732  36.333442    33.2069    158.778    -0.0077      7.907    88.9790 1.5289e-01 -0.6641145    25.5575  0.000e+00
     56.338     56.812     9.9652  36.317915    33.1986    159.732    -0.0004      7.912    89.0306 1.6157e-01  0.9918684    25.5524  0.000e+00
     55.992     56.463     9.9596  36.304998    33.1909    161.376    -0.0077      7.916    90.0377 1.6514e-01  1.0581077    25.5473  0.000e+00
     55.263     55.727     9.9664  36.307230    33.1872    163.290    -0.0297      7.921    90.3734 1.7877e-01  0.8593897    25.5432  0.000e+00
     54.467     54.925     9.9681  36.308096    33.1868    165.382    -0.0297      7.926    90.1926 1.9738e-01  0.8593897    25.5427  0.000e+00
     53.809     54.261     9.9751  36.312502    33.1852    166.495    -0.0224      7.926    90.5283 2.1603e-01  1.1574667    25.5403  0.000e+00
     53.186     53.632     9.9923  36.322186    33.1795    166.450    -0.0077      7.931    90.4766 2.3211e-01  1.1905863    25.5329  0.000e+00
     52.451     52.891    10.0075  36.329696    33.1735    167.105    -0.0224      7.930    90.4766 2.4918e-01  1.1243470    25.5257  0.000e+00
     51.668     52.102    10.0226  36.340934    33.1714    168.284    -0.0224      7.935    90.6574 2.7628e-01  0.9587487    25.5215  0.000e+00
     51.048     51.476    10.0434  36.357268    33.1692    170.463    -0.0150      7.940    90.6316 3.0091e-01  1.2237060    25.5162  0.000e+00
     50.503     50.927    10.0611  36.370623    33.1667    172.225    -0.0150      7.944    90.3992 3.1699e-01  1.7205009    25.5114  0.000e+00
     49.768     50.186    10.0714  36.376211    33.1633    172.795    -0.0150      7.944    90.0893 3.4031e-01  1.2899453    25.5069  0.000e+00
     48.946     49.357    10.0918  36.392178    33.1612    173.583    -0.0224      7.949    90.1410 3.7930e-01  0.1638769    25.5018  0.000e+00
