Arg_L2_F7_NV.cnv
* Sea-Bird SBE 9 Data File:
* FileName = S:\CTD_Data\CTD\Data\Argentina 2014\Data\Arg_L2_F7.hex
* Software Version Seasave V 7.21g
* Temperature SN = 5769
* Conductivity SN = 4244
* Number of Bytes Per Scan = 31
* Number of Voltage Words = 4
* Number of Scans Averaged by the Deck Unit = 24
* NMEA Latitude = 46 31.05 S
* NMEA Longitude = 065 57.51 W
* NMEA UTC (Time) = Feb 08 2014 17:39:40
* NMEA baud rate = 9600
** R/V Coriolis II
** MARES project, ARGENTINA 2014
** Chief scientist : Dr. Gustavo Ferreyra
** Co-Chief scientist : Dr. José Luis Esteves
# nquan = 13
# nvalues = 495                                   
# units = specified
# name 0 = depSM: Depth [salt water, m]
# name 1 = prDM: Pressure, Digiquartz [db]
# name 2 = t090C: Temperature [ITS-90, deg C]
# name 3 = c0mS/cm: Conductivity [mS/cm]
# name 4 = sal00: Salinity, Practical [PSU]
# name 5 = sbeox0Mm/Kg: Oxygen, SBE 43 [umol/Kg]
# name 6 = flECO-AFL: Fluorescence, WET Labs ECO-AFL/FL [mg/m^3]
# name 7 = ph: pH
# name 8 = CStarTr0: Beam Transmission, WET Labs C-Star [%]
# name 9 = par: PAR/Irradiance, Biospherical/Licor
# name 10 = upoly0: Upoly 0, Nitrate
# name 11 = sigma-é00: Density [sigma-theta, Kg/m^3]
# name 12 = flag:  0.000e+00
# span 0 =     -0.255,     84.335                 
# span 1 =     -0.257,     85.055                 
# span 2 =     9.6385,    14.8983                 
# span 3 =   4.971444,  41.094997                 
# span 4 =     3.3795,    33.4300                 
# span 5 =    155.483,    270.152                 
# span 6 =    -0.0224,    16.8348                 
# span 7 =      7.913,      8.273                 
# span 8 =    69.1995,    97.0354                 
# span 9 = 1.0000e-12, 1.9523e+03                 
# span 10 = -0.7634735,  2.2835350                
# span 11 =     1.7342,    25.6812                
# span 12 = 0.0000e+00, 0.0000e+00                
# interval = seconds: 1
# start_time = Feb 08 2014 17:39:40 [NMEA time, header]
# bad_flag = -9.990e-29
*END*
[from data line 112]
     68.691     69.275    10.0803  36.476130    33.2481    166.631     0.0216      7.977    80.3803 7.1904e-02 -0.3329179    25.5720  0.000e+00
     69.213     69.801    10.0788  36.474888    33.2479    166.683    -0.0224      7.977    80.1479 6.0011e-02 -0.2997983    25.5721  0.000e+00
     69.899     70.493    10.0770  36.473646    33.2480    166.739    -0.0077      7.977    79.9672 5.1517e-02 -0.6309949    25.5724  0.000e+00
     70.753     71.354    10.0626  36.462952    33.2500    166.313    -0.0077      7.973    79.8123 4.1133e-02  1.1243470    25.5765  0.000e+00
     71.452     72.059    10.0257  36.434973    33.2552    165.961    -0.0004      7.973    79.6573 3.7191e-02  0.4950735    25.5867  0.000e+00
     71.815     72.426    10.0264  36.434788    33.2542    165.473    -0.0077      7.968    79.7348 3.5996e-02 -0.4322769    25.5859  0.000e+00
     72.318     72.933     9.9992  36.410918    33.2548    165.518    -0.0004      7.968    79.7090 3.1377e-02 -0.6309949    25.5909  0.000e+00
     73.117     73.739     9.9718  36.389045    33.2574    165.136    -0.0004      7.968    79.5024 2.4302e-02  0.0313983    25.5975  0.000e+00
     73.990     74.620     9.9657  36.383766    33.2572    164.414    -0.0150      7.964    79.6573 1.6744e-02  0.2632359    25.5984  0.000e+00
     74.741     75.377     9.9461  36.367863    33.2588    164.436    -0.0077      7.964    79.9156 1.4051e-02  0.1969966    25.6029  0.000e+00
     75.333     75.975     9.9088  36.339788    33.2643    164.081    -0.0077      7.959    79.7606 1.2147e-02 -0.6309949    25.6134  0.000e+00
     75.813     76.458     9.8961  36.331282    33.2672    163.369    -0.0077      7.959    79.5282 9.9713e-03  0.6275521    25.6178  0.000e+00
     76.268     76.918     9.8780  36.316194    33.2683    162.945    -0.0150      7.954    79.0893 8.0324e-03  0.9918684    25.6217  0.000e+00
     76.887     77.541     9.8595  36.301233    33.2698    162.091    -0.0150      7.955    78.6761 3.4620e-03  1.1905863    25.6260  0.000e+00
     77.725     78.387     9.8305  36.279138    33.2737    161.709     0.0069      7.950    78.3146 7.6046e-04  1.1905863    25.6338  0.000e+00
     78.508     79.177     9.8177  36.268714    33.2745    161.107    -0.0077      7.950    77.7465 3.4694e-04  1.5880222    25.6366  0.000e+00
     79.038     79.711     9.7976  36.253017    33.2768    160.688    -0.0150      7.945    77.4625 6.2223e-04  1.4555436    25.6417  0.000e+00
     79.521     80.199     9.7897  36.246255    33.2770    160.499    -0.0004      7.945    77.2817 7.3199e-05  0.9256291    25.6432  0.000e+00
     80.195     80.879     9.7847  36.242411    33.2773    160.032    -0.0077      7.945    76.8686 1.0000e-12 -0.0348410    25.6443  0.000e+00
     80.958     81.648     9.7754  36.235279    33.2783    160.018    -0.0150      7.941    76.5845 1.0000e-12 -0.6309949    25.6466  0.000e+00
     81.646     82.342     9.7651  36.227465    33.2795    160.007    -0.0150      7.941    76.3263 1.0000e-12  0.0976376    25.6492  0.000e+00
     82.303     83.005     9.7135  36.186536    33.2851    159.865    -0.0077      7.941    76.0681 1.0000e-12  0.2301162    25.6621  0.000e+00
     82.987     83.695     9.6564  36.144944    33.2950    159.297    -0.0004      7.932    74.0282 1.0000e-12 -0.1342000    25.6793  0.000e+00
     83.546     84.259     9.6652  36.151143    33.2930    158.507     0.0069      7.932    71.3686 1.0000e-12 -0.0017214    25.6762  0.000e+00
     83.646     84.359     9.6729  36.156412    33.2912    157.545    -0.0077      7.932    71.8334 1.0000e-12  1.1905863    25.6736  0.000e+00
     83.616     84.329     9.6683  36.152755    33.2917    157.060    -0.0004      7.932    71.6526 1.0000e-12  1.5549026    25.6748  0.000e+00
     83.628     84.342     9.6635  36.148850    33.2922    156.851    -0.0077      7.927    71.4718 1.0000e-12  1.3893043    25.6759  0.000e+00
     83.792     84.506     9.6594  36.145442    33.2925    156.809    -0.0077      7.927    70.7747 1.0000e-12  1.8529795    25.6768  0.000e+00
     84.148     84.866     9.6603  36.146249    33.2922    156.754    -0.0004      7.927    70.8263 1.0000e-12  1.8529795    25.6765  0.000e+00
     84.335     85.055     9.6586  36.144824    33.2923    156.871    -0.0004      7.927    70.8263 1.0000e-12  1.9192188    25.6768  0.000e+00
     84.037     84.754     9.6681  36.151703    33.2907    156.500    -0.0004      7.927    71.0587 1.0000e-12  1.4555436    25.6740  0.000e+00
     83.677     84.391     9.6770  36.158395    33.2895    156.737    -0.0004      7.927    71.2136 1.0000e-12 -0.6309949    25.6716  0.000e+00
     83.751     84.466     9.6756  36.156970    33.2893    156.851     0.0069      7.922    71.1362 1.0000e-12  1.2237060    25.6716  0.000e+00
     84.002     84.719     9.6773  36.158583    33.2893    156.850     0.0069      7.922    70.7747 1.0000e-12  0.7269111    25.6714  0.000e+00
     84.012     84.729     9.6787  36.159326    33.2887    157.119     0.0069      7.922    71.8592 1.0000e-12  0.1307573    25.6706  0.000e+00
     83.863     84.579     9.6783  36.159016    33.2888    157.117    -0.0077      7.922    71.9108 1.0000e-12  0.0645179    25.6708  0.000e+00
     83.762     84.477     9.6739  36.155730    33.2895    156.690    -0.0077      7.922    71.6010 1.0000e-12  2.2835350    25.6721  0.000e+00
     83.864     84.580     9.6513  36.137696    33.2920    157.210    -0.0004      7.922    71.6268 1.0000e-12  1.7536205    25.6777  0.000e+00
     84.137     84.855     9.6417  36.130880    33.2938    157.081     0.0069      7.918    69.9484 1.0000e-12  1.0249880    25.6807  0.000e+00
     84.205     84.924     9.6414  36.130694    33.2938    156.369     0.0069      7.918    70.0000 1.0000e-12  0.4288342    25.6808  0.000e+00
     83.928     84.644     9.6488  36.136147    33.2927    156.172    -0.0004      7.922    70.2324 1.0000e-12 -0.5647556    25.6787  0.000e+00
     83.687     84.401     9.6600  36.143892    33.2903    155.964    -0.0004      7.917    70.1033 1.0000e-12 -0.2666786    25.6750  0.000e+00
     83.839     84.554     9.6414  36.130135    33.2934    156.303     0.0069      7.918    70.2840 1.0000e-12 -0.0017214    25.6805  0.000e+00
     84.082     84.799     9.6385  36.127906    33.2937    156.151     0.0069      7.918    70.2324 1.0000e-12 -0.0017214    25.6812  0.000e+00
     83.906     84.621     9.6436  36.131809    33.2931    156.130    -0.0004      7.918    70.5164 1.0000e-12  0.2301162    25.6798  0.000e+00
     83.562     84.275     9.6526  36.138438    33.2916    155.927    -0.0004      7.917    70.0000 1.0000e-12  1.0912274    25.6772  0.000e+00
     83.742     84.457     9.6549  36.139988    33.2911    155.483     0.0143      7.917    69.7418 1.0000e-12  0.8593897    25.6764  0.000e+00
     84.219     84.938     9.6567  36.141601    33.2908    155.760    -0.0004      7.917    69.1995 1.0000e-12 -0.0679607    25.6760  0.000e+00
     84.194     84.912     9.6526  36.138564    33.2915    156.047     0.0069      7.917    70.6197 1.0000e-12  0.2963556    25.6772  0.000e+00
     83.748     84.462     9.6600  36.144388    33.2908    156.453    -0.0077      7.917    69.9742 1.0000e-12 -0.0679607    25.6754  0.000e+00
     83.477     84.189     9.6666  36.148973    33.2895    156.426    -0.0077      7.917    69.8451 1.0000e-12 -0.3660376    25.6733  0.000e+00
     83.640     84.354     9.6721  36.153003    33.2885    156.138    -0.0004      7.917    69.8967 1.0000e-12 -0.6309949    25.6716  0.000e+00
     84.025     84.742     9.6803  36.159822    33.2877    156.117    -0.0004      7.917    70.8779 1.0000e-12 -0.6309949    25.6696  0.000e+00
     84.087     84.805     9.6801  36.159450    33.2874    156.559    -0.0077      7.917    72.8662 1.0000e-12 -0.3991573    25.6695  0.000e+00
     83.667     84.381     9.6795  36.158643    33.2874    156.993    -0.0150      7.917    73.0212 1.0000e-12 -0.0679607    25.6695  0.000e+00
     83.379     84.090     9.6792  36.158766    33.2879    157.154    -0.0004      7.917    72.2207 1.0000e-12  0.2963556    25.6700  0.000e+00
     83.640     84.354     9.6731  36.153684    33.2883    156.908    -0.0004      7.917    72.2465 1.0000e-12 -0.1342000    25.6713  0.000e+00
     83.998     84.714     9.6553  36.140671    33.2913    156.701    -0.0004      7.917    72.2981 1.0000e-12 -0.1010803    25.6765  0.000e+00
     84.043     84.760     9.6559  36.141167    33.2912    156.700    -0.0004      7.917    72.4789 1.0000e-12  0.4619538    25.6763  0.000e+00
     83.813     84.528     9.6616  36.145318    33.2902    156.676    -0.0150      7.917    72.2207 1.0000e-12  1.1574667    25.6747  0.000e+00
     83.448     84.160     9.6742  36.154613    33.2883    156.187    -0.0077      7.917    72.3498 1.0000e-12  2.0516974    25.6711  0.000e+00
     83.305     84.015     9.6855  36.163415    33.2869    156.146    -0.0004      7.917    72.5305 1.0000e-12  0.5613128    25.6682  0.000e+00
     83.596     84.309     9.7000  36.174140    33.2843    156.377     0.0069      7.917    73.2019 1.0000e-12  0.1969966    25.6638  0.000e+00
     83.949     84.666     9.6762  36.156537    33.2882    156.904    -0.0004      7.917    74.0798 1.0000e-12  0.0976376    25.6707  0.000e+00
     83.995     84.711     9.6919  36.167756    33.2851    156.852    -0.0077      7.917    73.1244 1.0000e-12  0.4288342    25.6657  0.000e+00
     83.820     84.535     9.6876  36.164966    33.2863    157.029    -0.0150      7.917    73.4601 2.0988e-04 -0.5978752    25.6674  0.000e+00
     83.638     84.352     9.6883  36.165524    33.2863    157.023    -0.0150      7.917    73.5376 1.0000e-12  0.6937915    25.6672  0.000e+00
     83.677     84.391     9.7160  36.186726    33.2823    157.096    -0.0077      7.917    74.1315 1.0000e-12  0.8925094    25.6596  0.000e+00
     83.873     84.588     9.7299  36.197268    33.2802    157.053    -0.0150      7.917    75.3451 1.0000e-12 -0.6309949    25.6556  0.000e+00
     83.911     84.627     9.7310  36.198261    33.2802    157.216    -0.0150      7.922    75.9906 1.0000e-12  0.2301162    25.6554  0.000e+00
     83.684     84.397     9.7388  36.204275    33.2793    157.624    -0.0150      7.922    76.1714 1.0000e-12  0.5281932    25.6534  0.000e+00
     83.377     84.088     9.7339  36.200677    33.2802    158.238    -0.0224      7.922    75.2160 1.0000e-12  0.6606718    25.6550  0.000e+00
     83.346     84.057     9.7409  36.206010    33.2792    158.380    -0.0150      7.922    74.7254 7.3199e-05  0.5944325    25.6531  0.000e+00
     83.676     84.390     9.7310  36.197826    33.2799    158.316    -0.0004      7.922    75.5517 1.0000e-12 -0.0017214    25.6552  0.000e+00
     84.014     84.731     9.6536  36.140299    33.2924    158.313    -0.0150      7.917    74.1315 1.0000e-12 -0.3991573    25.6777  0.000e+00
     84.031     84.748     9.6693  36.151764    33.2896    157.547    -0.0004      7.917    71.4460 1.0000e-12  0.0976376    25.6729  0.000e+00
     83.821     84.536     9.6719  36.153375    33.2890    156.655    -0.0077      7.913    71.6784 1.0000e-12  0.8262701    25.6720  0.000e+00
     83.756     84.470     9.6691  36.150958    33.2891    156.497    -0.0077      7.913    71.9108 1.0000e-12  1.0912274    25.6726  0.000e+00
     84.008     84.725     9.6689  36.150835    33.2891    156.170    -0.0077      7.913    71.7042 1.0000e-12  0.3294752    25.6726  0.000e+00
     84.262     84.981     9.6838  36.162798    33.2874    156.398    -0.0004      7.913    71.8592 1.0000e-12  1.0581077    25.6688  0.000e+00
     84.129     84.847     9.7015  36.175010    33.2836    156.444    -0.0077      7.917    72.6596 7.3199e-05  1.6542615    25.6630  0.000e+00
     83.728     84.443     9.6837  36.162611    33.2875    156.494    -0.0150      7.917    71.6010 3.4694e-04  0.1969966    25.6689  0.000e+00
     83.545     84.258     9.6918  36.168561    33.2862    157.176    -0.0077      7.917    71.7042 1.0000e-12  0.8593897    25.6666  0.000e+00
     83.654     84.368     9.7125  36.184308    33.2831    157.108     0.0069      7.917    71.8850 7.3199e-05  1.2568256    25.6607  0.000e+00
     83.766     84.481     9.7519  36.214447    33.2774    156.705    -0.0077      7.917    73.7183 1.0000e-12  1.3893043    25.6498  0.000e+00
     83.878     84.594     9.7566  36.217920    33.2766    157.568    -0.0150      7.922    76.1198 1.0000e-12  0.7269111    25.6484  0.000e+00
     84.083     84.800     9.7420  36.206075    33.2779    158.061    -0.0150      7.922    76.4038 7.6046e-04  0.7269111    25.6519  0.000e+00
     84.078     84.796     9.6975  36.173274    33.2855    158.546    -0.0077      7.917    75.5775 2.0988e-04  2.2835350    25.6651  0.000e+00
     83.514     84.227     9.7193  36.189826    33.2825    158.186    -0.0150      7.917    74.2606 3.4694e-04  2.0848171    25.6592  0.000e+00
     82.735     83.441     9.7427  36.207621    33.2795    157.546    -0.0077      7.917    73.8474 7.6046e-04 -0.4322769    25.6529  0.000e+00
     82.073     82.773     9.7411  36.206006    33.2796    157.538    -0.0004      7.917    73.7183 1.0381e-03  1.9523385    25.6532  0.000e+00
     81.449     82.143     9.7513  36.214687    33.2793    157.490     0.0069      7.922    74.1315 2.0221e-03  0.4950735    25.6514  0.000e+00
     80.621     81.308     9.7899  36.242660    33.2726    157.781     0.0069      7.922    74.3122 3.6082e-03  0.3294752    25.6397  0.000e+00
     79.850     80.531     9.8006  36.250413    33.2710    158.166    -0.0004      7.922    75.3193 5.3953e-03  1.6542615    25.6367  0.000e+00
     79.277     79.952     9.8029  36.251589    33.2703    158.749     0.0069      7.922    75.9648 8.0324e-03 -0.6309949    25.6358  0.000e+00
     78.788     79.460     9.8055  36.254690    33.2713    159.767     0.0069      7.926    76.0939 7.8738e-03 -0.6309949    25.6361  0.000e+00
     78.267     78.934     9.8270  36.271195    33.2685    159.577    -0.0004      7.926    76.3005 7.7156e-03 -0.1342000    25.6304  0.000e+00
     77.640     78.301     9.8444  36.285282    33.2671    159.128    -0.0004      7.926    76.3263 1.0136e-02  0.7931504    25.6264  0.000e+00
     76.990     77.646     9.8715  36.306262    33.2638    159.622    -0.0004      7.926    76.7137 1.1977e-02 -0.5647556    25.6193  0.000e+00
     76.468     77.119     9.8911  36.322093    33.2621    160.142    -0.0077      7.931    77.2043 1.5834e-02 -0.3329179    25.6147  0.000e+00
     75.970     76.617     9.9054  36.332959    33.2602    160.846    -0.0077      7.931    77.6691 1.7297e-02 -0.2004393    25.6108  0.000e+00
     75.194     75.834     9.9119  36.336806    33.2585    161.139    -0.0077      7.931    78.0564 2.0711e-02 -0.0348410    25.6084  0.000e+00
     74.324     74.957     9.9177  36.341026    33.2578    161.163    -0.0077      7.935    77.9273 2.6799e-02  0.7600308    25.6069  0.000e+00
     73.816     74.444     9.9058  36.330963    33.2588    161.526    -0.0077      7.936    77.5916 2.9821e-02  1.4886632    25.6096  0.000e+00
     73.426     74.051     9.9157  36.340961    33.2600    161.810     0.0069      7.935    78.0564 3.3885e-02  0.6275521    25.6089  0.000e+00
     72.624     73.241     9.9718  36.383388    33.2519    161.495     0.0069      7.940    79.0376 3.7917e-02 -0.1342000    25.5932  0.000e+00
     71.717     72.327     9.9944  36.402214    33.2506    161.725    -0.0077      7.940    79.0893 4.7119e-02  0.4950735    25.5884  0.000e+00
     71.165     71.770     9.9880  36.395935    33.2503    162.766    -0.0077      7.940    78.9085 5.3504e-02  0.2301162    25.5892  0.000e+00
     70.875     71.477     9.9505  36.367973    33.2565    163.222    -0.0077      7.945    78.8569 5.4948e-02 -0.2335590    25.6003  0.000e+00
     70.330     70.928    10.0510  36.447217    33.2449    162.915    -0.0077      7.944    79.2700 6.1238e-02 -0.6309949    25.5744  0.000e+00
