Arg_L1_tst_NV.cnv
* Sea-Bird SBE 9 Data File:
* FileName = S:\CTD_Data\CTD\Data\Argentina 2014\Data\Arg_L1_tst.hex
* Software Version Seasave V 7.21g
* Temperature SN = 5769
* Conductivity SN = 4244
* Number of Bytes Per Scan = 31
* Number of Voltage Words = 4
* Number of Scans Averaged by the Deck Unit = 24
* NMEA Latitude = 39 57.64 S
* NMEA Longitude = 055 42.24 W
* NMEA UTC (Time) = Jan 31 2014 21:41:35
* NMEA baud rate = 9600
** R/V Coriolis II
** MARES project, ARGENTINA 2014
** Chief scientist : Dr. Gustavo Ferreyra
** Co-Chief scientist : Dr. José Luis Esteves
** Cast 001
# nquan = 13
# nvalues = 1505                                  
# units = specified
# name 0 = depSM: Depth [salt water, m]
# name 1 = prDM: Pressure, Digiquartz [db]
# name 2 = t090C: Temperature [ITS-90, deg C]
# name 3 = c0mS/cm: Conductivity [mS/cm]
# name 4 = sal00: Salinity, Practical [PSU]
# name 5 = sbeox0Mm/Kg: Oxygen, SBE 43 [umol/Kg]
# name 6 = flECO-AFL: Fluorescence, WET Labs ECO-AFL/FL [mg/m^3]
# name 7 = ph: pH
# name 8 = CStarTr0: Beam Transmission, WET Labs C-Star [%]
# name 9 = par: PAR/Irradiance, Biospherical/Licor
# name 10 = upoly0: Upoly 0, Nitrate
# name 11 = sigma-é00: Density [sigma-theta, Kg/m^3]
# name 12 = flag:  0.000e+00
# span 0 =     -0.244,    300.969                 
# span 1 =     -0.246,    303.514                 
# span 2 =     3.9784,    14.4428                 
# span 3 =   3.730820,  39.305579                 
# span 4 =     2.6528,    34.1174                 
# span 5 =    173.648,    291.908                 
# span 6 =    -0.2788,    19.4502                 
# span 7 =      8.008,      8.191                 
# span 8 =     6.4785,    99.7208                 
# span 9 = 3.4694e-04, 4.3746e+02                 
# span 10 = -4.4038905,  23.220735                
# span 11 =     1.5190,    27.0849                
# span 12 = 0.0000e+00, 0.0000e+00                
# interval = seconds: 1
# start_time = Jan 31 2014 21:41:35 [NMEA time, header]
# bad_flag = -9.990e-29
*END*
[from data line 112]
     65.927     66.447     5.8851  33.487155    34.0897    216.674     0.4245      8.073    97.6809 1.2649e-01  14.509372    26.8484  0.000e+00
     66.787     67.313     5.8655  33.470257    34.0900    216.974     0.4172      8.073    97.6293 1.1507e-01  14.840603    26.8511  0.000e+00
     67.666     68.200     5.8378  33.446209    34.0902    216.965     0.3659      8.073    97.6809 1.0526e-01  14.939972    26.8547  0.000e+00
     68.107     68.645     5.8201  33.430340    34.0899    216.892     0.3732      8.074    97.7584 1.1009e-01  14.641865    26.8567  0.000e+00
     68.429     68.969     5.7963  33.409365    34.0901    216.847     0.4318      8.069    97.7325 1.0832e-01  15.569310    26.8598  0.000e+00
     68.969     69.513     5.7663  33.383229    34.0904    216.841     0.4099      8.069    97.7325 1.0397e-01  15.701802    26.8637  0.000e+00
     69.664     70.213     5.7440  33.364009    34.0909    217.335     0.3732      8.069    97.7325 9.8086e-02  15.602433    26.8669  0.000e+00
     70.401     70.957     5.7239  33.346655    34.0911    217.283     0.3513      8.069    97.7842 9.1246e-02  15.238080    26.8695  0.000e+00
     71.189     71.751     5.7122  33.336810    34.0914    216.829     0.3439      8.064    97.8617 8.8139e-02  15.536187    26.8712  0.000e+00
     71.955     72.523     5.7045  33.330027    34.0912    216.711     0.3366      8.064    97.8358 8.3979e-02  15.668679    26.8719  0.000e+00
     72.527     73.100     5.7019  33.327868    34.0910    217.098     0.3439      8.064    97.8875 8.2130e-02  15.933664    26.8721  0.000e+00
     72.956     73.532     5.6963  33.322526    34.0903    216.960     0.3659      8.064    97.9133 7.8866e-02  16.264894    26.8723  0.000e+00
     73.475     74.055     5.6807  33.308541    34.0900    217.059     0.3806      8.060    97.9133 7.6385e-02  16.132402    26.8739  0.000e+00
     74.198     74.784     5.6589  33.289457    34.0901    217.556     0.3586      8.060    97.9133 7.1566e-02  16.231771    26.8767  0.000e+00
     74.977     75.569     5.6443  33.277518    34.0908    217.115     0.3293      8.060    97.9391 6.5964e-02  16.231771    26.8790  0.000e+00
     75.478     76.074     5.6387  33.272180    34.0902    217.160     0.3293      8.060    97.9391 6.8567e-02  16.198648    26.8792  0.000e+00
     75.772     76.371     5.6345  33.268401    34.0900    217.551     0.3879      8.060    97.7584 6.7910e-02  15.999910    26.8796  0.000e+00
     76.333     76.936     5.6283  33.262643    34.0894    217.602     0.3806      8.055    97.9391 6.4049e-02  15.867418    26.8799  0.000e+00
     77.299     77.911     5.5861  33.225159    34.0890    217.315     0.3366      8.055    97.9649 5.6707e-02  16.364263    26.8847  0.000e+00
     78.318     78.937     5.5309  33.177742    34.0905    217.640     0.3000      8.055    97.9391 5.2364e-02  16.629248    26.8925  0.000e+00
     78.925     79.550     5.5046  33.155872    34.0919    217.615     0.2926      8.056    97.9908 5.3791e-02  16.563002    26.8968  0.000e+00
     79.107     79.733     5.5013  33.152337    34.0912    217.640     0.3439      8.056    98.0424 5.4368e-02  15.801172    26.8967  0.000e+00
     79.441     80.070     5.4979  33.148563    34.0901    218.033     0.4099      8.056    97.9649 5.2364e-02  15.734925    26.8962  0.000e+00
     80.208     80.843     5.4891  33.141437    34.0905    218.102     0.3293      8.056    98.0424 5.0677e-02  15.900541    26.8976  0.000e+00
     81.186     81.829     5.4743  33.128441    34.0902    218.211     0.2853      8.051    98.0682 4.6850e-02  16.331140    26.8991  0.000e+00
     81.901     82.550     5.4719  33.126946    34.0905    217.696     0.2780      8.051    98.0682 4.4993e-02  16.463633    26.8997  0.000e+00
     82.172     82.823     5.4724  33.127006    34.0900    217.703     0.3146      8.051    98.0941 4.5520e-02  15.734925    26.8992  0.000e+00
     82.562     83.216     5.4604  33.115688    34.0890    218.145     0.4099      8.051    98.0682 4.4469e-02  15.668679    26.8998  0.000e+00
     83.326     83.986     5.4420  33.100599    34.0901    218.266     0.3219      8.051    97.9133 4.2146e-02  16.066156    26.9029  0.000e+00
     84.222     84.890     5.4295  33.089944    34.0901    218.360     0.2780      8.051    98.0682 4.1133e-02  16.066156    26.9045  0.000e+00
     84.940     85.613     5.4183  33.080368    34.0902    218.442     0.2853      8.051    98.0941 3.9387e-02  15.701802    26.9059  0.000e+00
     85.461     86.139     5.4066  33.069894    34.0898    218.521     0.2926      8.051    98.0941 3.6951e-02  15.900541    26.9070  0.000e+00
     85.994     86.676     5.4008  33.065107    34.0900    218.568     0.2853      8.051    98.1199 3.7917e-02  16.099279    26.9078  0.000e+00
     86.755     87.443     5.3827  33.049130    34.0897    218.138     0.2707      8.046    98.1199 3.6233e-02  15.999910    26.9097  0.000e+00
     87.660     88.355     5.3598  33.029806    34.0904    218.287     0.2633      8.047    98.1199 3.2053e-02  16.794863    26.9130  0.000e+00
     88.287     88.987     5.3493  33.021193    34.0909    218.731     0.2560      8.047    98.1457 3.2507e-02  16.728617    26.9146  0.000e+00
     88.460     89.162     5.3512  33.022509    34.0904    218.726     0.2926      8.047    98.1457 3.3423e-02  16.629248    26.9140  0.000e+00
     88.735     89.439     5.3460  33.017605    34.0900    218.763     0.3586      8.047    98.1715 3.2280e-02  16.529879    26.9143  0.000e+00
     89.518     90.229     5.3260  33.000201    34.0899    218.896     0.2926      8.047    98.1715 2.9382e-02  16.794863    26.9167  0.000e+00
     90.652     91.372     5.2760  32.956974    34.0907    218.647     0.2487      8.047    98.1457 2.6799e-02  16.033033    26.9231  0.000e+00
     91.646     92.374     5.1730  32.867596    34.0925    219.238     0.2194      8.047    98.2232 2.6377e-02  15.933664    26.9366  0.000e+00
     91.996     92.727     5.1303  32.833685    34.0969    219.292     0.2194      8.047    98.2490 2.8511e-02  16.529879    26.9451  0.000e+00
     92.054     92.786     5.1324  32.834402    34.0955    218.725     0.2926      8.047    98.3264 2.6588e-02  17.026724    26.9438  0.000e+00
     92.487     93.221     5.1228  32.825629    34.0950    219.166     0.2853      8.043    98.3006 2.5125e-02  17.026724    26.9445  0.000e+00
     93.493     94.236     5.0568  32.767100    34.0945    219.375     0.2121      8.043    98.3781 2.4098e-02  17.026724    26.9516  0.000e+00
     94.645     95.398     4.9556  32.681914    34.0990    218.830     0.1535      8.043    98.4556 2.0905e-02  17.059848    26.9668  0.000e+00
     95.375     96.133     4.9283  32.659575    34.1007    218.812     0.1168      8.043    98.5330 2.0905e-02  17.457324    26.9712  0.000e+00
     95.675     96.436     4.9256  32.656657    34.0999    219.033     0.1241      8.043    98.6363 2.1297e-02  17.854801    26.9710  0.000e+00
     95.989     96.753     4.9154  32.646770    34.0987    218.914     0.1535      8.043    98.6880 1.9553e-02  17.357955    26.9711  0.000e+00
     96.463     97.230     4.8792  32.615508    34.0994    218.941     0.1315      8.044    98.6880 1.8228e-02  17.126094    26.9758  0.000e+00
     97.181     97.955     4.8275  32.570214    34.0995    219.631     0.0948      8.044    98.7654 1.8228e-02  17.755432    26.9817  0.000e+00
     98.103     98.884     4.7844  32.536127    34.1037    219.133     0.0436      8.039    98.7912 1.7297e-02  17.258586    26.9898  0.000e+00
     98.921     99.709     4.7773  32.529765    34.1031    219.196     0.0289      8.039    98.8429 1.5473e-02  17.490447    26.9902  0.000e+00
     99.415    100.206     4.7754  32.527685    34.1024    219.994     0.0216      8.039    98.8429 1.7297e-02  17.656062    26.9899  0.000e+00
     99.843    100.638     4.7692  32.522155    34.1022    219.469     0.0289      8.039    98.8945 1.6561e-02  17.722309    26.9904  0.000e+00
    100.535    101.335     4.7610  32.515318    34.1022    219.534     0.0289      8.039    98.9203 1.3526e-02  17.291709    26.9913  0.000e+00
    101.470    102.278     4.7424  32.499267    34.1022    219.478     0.0143      8.039    98.9203 1.3005e-02  17.755432    26.9934  0.000e+00
    102.222    103.037     4.7218  32.482326    34.1033    219.039    -0.0004      8.035    98.9203 1.3178e-02  17.987293    26.9965  0.000e+00
    102.711    103.529     4.7072  32.469964    34.1036    219.521     0.0069      8.035    98.9720 1.3005e-02  18.086662    26.9984  0.000e+00
    103.115    103.937     4.6935  32.458257    34.1039    219.422    -0.0004      8.035    99.0236 1.5653e-02  18.649754    27.0002  0.000e+00
    103.584    104.410     4.6910  32.456476    34.1041    219.449    -0.0150      8.035    99.0236 1.3352e-02  17.689186    27.0006  0.000e+00
    104.356    105.188     4.6865  32.452497    34.1037    219.310    -0.0224      8.035    99.0236 1.2489e-02  17.589816    27.0008  0.000e+00
    105.361    106.201     4.6611  32.430575    34.1037    219.481    -0.0297      8.035    99.0495 1.2147e-02  17.722309    27.0036  0.000e+00
    106.175    107.022     4.6423  32.415846    34.1055    219.419    -0.0297      8.035    99.0753 9.9713e-03  17.689186    27.0071  0.000e+00
    106.594    107.444     4.6383  32.411987    34.1050    219.455    -0.0370      8.035    99.0753 1.2489e-02  16.960478    27.0071  0.000e+00
    106.944    107.798     4.6334  32.407949    34.1050    219.882    -0.0370      8.035    99.1269 1.0966e-02  17.026724    27.0077  0.000e+00
    107.482    108.340     4.6297  32.404922    34.1050    219.341    -0.0370      8.035    99.1269 1.0966e-02  17.391078    27.0081  0.000e+00
    108.300    109.164     4.6245  32.400886    34.1053    219.393    -0.0444      8.035    99.1269 1.1638e-02  18.219154    27.0089  0.000e+00
    109.161    110.033     4.6234  32.400057    34.1050    219.816    -0.0444      8.035    99.1269 9.6436e-03  18.020416    27.0088  0.000e+00
    109.843    110.721     4.6210  32.398219    34.1049    219.849    -0.0517      8.030    99.1011 9.6436e-03  17.987293    27.0090  0.000e+00
    110.396    111.278     4.6196  32.397092    34.1048    219.294    -0.0517      8.030    99.1011 8.1915e-03  18.053539    27.0091  0.000e+00
    111.004    111.891     4.6193  32.396975    34.1047    219.314    -0.0590      8.030    99.1527 1.1469e-02  18.152908    27.0090  0.000e+00
    111.655    112.548     4.6186  32.396680    34.1046    219.728    -0.0590      8.030    99.1527 9.3178e-03  18.152908    27.0091  0.000e+00
    112.141    113.037     4.6178  32.395850    34.1043    219.747    -0.0590      8.030    99.0753 1.0632e-02  17.556693    27.0089  0.000e+00
    112.630    113.530     4.6155  32.394130    34.1044    219.774    -0.0444      8.030    99.1011 9.4805e-03  17.722309    27.0092  0.000e+00
    113.426    114.333     4.6108  32.390451    34.1044    219.243    -0.0590      8.030    99.1527 7.0872e-03  18.252277    27.0098  0.000e+00
    114.341    115.255     4.6031  32.384219    34.1047    219.313    -0.0663      8.030    99.1786 8.3511e-03  18.252277    27.0108  0.000e+00
    115.020    115.941     4.5991  32.381134    34.1048    219.747    -0.0590      8.025    99.1527 8.9937e-03  18.285400    27.0114  0.000e+00
    115.469    116.393     4.5962  32.378760    34.1048    219.776    -0.0590      8.030    99.1527 9.1555e-03  17.755432    27.0117  0.000e+00
    115.941    116.869     4.5936  32.376684    34.1048    219.804    -0.0590      8.030    99.1786 8.3511e-03  17.424201    27.0120  0.000e+00
    116.626    117.560     4.5904  32.374430    34.1051    219.842    -0.0590      8.030    99.2044 9.3178e-03  18.086662    27.0126  0.000e+00
    117.571    118.513     4.5868  32.371643    34.1050    219.889    -0.0737      8.025    99.2044 7.5579e-03  17.622939    27.0129  0.000e+00
    118.385    119.333     4.5829  32.368736    34.1052    219.934    -0.0737      8.025    99.2044 5.8515e-03  17.490447    27.0135  0.000e+00
    118.680    119.631     4.5797  32.366066    34.1053    219.961    -0.0663      8.025    99.2044 6.9313e-03  17.424201    27.0139  0.000e+00
    118.921    119.874     4.5779  32.364702    34.1054    219.978    -0.0590      8.026    99.2044 7.7156e-03  17.523570    27.0142  0.000e+00
    119.615    120.574     4.5710  32.358946    34.1054    220.037    -0.0663      8.026    99.1786 7.0872e-03  17.987293    27.0150  0.000e+00
    120.682    121.649     4.5653  32.355091    34.1062    220.098    -0.0883      8.026    99.1786 5.5469e-03  17.987293    27.0162  0.000e+00
    121.590    122.565     4.5657  32.355391    34.1057    220.124    -0.0810      8.026    99.2044 4.3455e-03  17.987293    27.0158  0.000e+00
    121.834    122.811     4.5650  32.354976    34.1058    220.134    -0.0737      8.026    99.2302 7.8738e-03  17.954170    27.0159  0.000e+00
    121.855    122.832     4.5652  32.355035    34.1056    220.134    -0.0737      8.026    99.2044 6.0045e-03  18.119785    27.0158  0.000e+00
    122.332    123.312     4.5600  32.350764    34.1057    220.177    -0.0737      8.026    99.2044 5.0932e-03  18.451016    27.0164  0.000e+00
    123.368    124.358     4.5488  32.342102    34.1066    220.269    -0.0737      8.026    99.2560 6.6206e-03  18.318524    27.0183  0.000e+00
    124.523    125.522     4.5446  32.339198    34.1069    220.909    -0.0810      8.026    99.1786 4.6433e-03  18.053539    27.0191  0.000e+00
    125.082    126.086     4.5442  32.338962    34.1067    220.928    -0.0883      8.026    99.2302 5.5469e-03  18.119785    27.0190  0.000e+00
    125.295    126.301     4.5445  32.339082    34.1065    220.538    -0.0810      8.026    99.2560 4.7929e-03  18.086662    27.0188  0.000e+00
    125.838    126.848     4.5441  32.339024    34.1065    220.555    -0.0737      8.026    99.2560 5.0932e-03  17.556693    27.0188  0.000e+00
    126.683    127.700     4.5431  32.338552    34.1066    220.586    -0.0810      8.026    99.2302 5.8515e-03  17.258586    27.0190  0.000e+00
    127.490    128.514     4.5422  32.338080    34.1066    220.030    -0.0810      8.026    99.2819 5.2440e-03  18.086662    27.0191  0.000e+00
    127.977    129.005     4.5412  32.337250    34.1064    220.634    -0.0810      8.026    99.2819 4.4942e-03  18.484139    27.0190  0.000e+00
    128.269    129.299     4.5394  32.336005    34.1066    221.049    -0.0810      8.026    99.2819 6.1579e-03  18.119785    27.0194  0.000e+00
    128.801    129.836     4.5379  32.334939    34.1066    220.677    -0.0810      8.026    99.2560 8.5111e-03  17.821678    27.0196  0.000e+00
    129.704    130.747     4.5278  32.326931    34.1072    220.759    -0.0810      8.026    99.2560 5.2440e-03  17.821678    27.0212  0.000e+00
    130.558    131.607     4.5236  32.323908    34.1075    220.807    -0.0883      8.026    99.2819 5.2440e-03  17.556693    27.0219  0.000e+00
    131.078    132.132     4.5225  32.323257    34.1076    220.243    -0.0883      8.026    99.2819 5.8515e-03  17.788555    27.0221  0.000e+00
    131.545    132.603     4.5225  32.323436    34.1075    220.256    -0.0956      8.026    99.2819 6.0045e-03  17.854801    27.0220  0.000e+00
    132.216    133.279     4.5218  32.323082    34.1076    220.677    -0.0956      8.026    99.2819 2.5932e-03  17.821678    27.0221  0.000e+00
    133.007    134.077     4.5209  32.322551    34.1074    220.705    -0.0883      8.026    99.2819 3.7548e-03  18.020416    27.0221  0.000e+00
    133.639    134.714     4.5200  32.322256    34.1077    220.728    -0.0956      8.026    99.2819 4.0493e-03  18.086662    27.0225  0.000e+00
    134.124    135.204     4.5198  32.322258    34.1076    220.744    -0.0956      8.026    99.2819 4.6433e-03  18.186031    27.0224  0.000e+00
    134.635    135.719     4.5184  32.321251    34.1076    220.767    -0.0883      8.026    99.3077 4.7929e-03  18.252277    27.0226  0.000e+00
