Arg_L2_SF11_NV.cnv
* Sea-Bird SBE 9 Data File:
* FileName = S:\CTD_Data\CTD\Data\Argentina 2014\Data\Arg_L2_SF11.hex
* Software Version Seasave V 7.21g
* Temperature SN = 5769
* Conductivity SN = 4244
* Number of Bytes Per Scan = 31
* Number of Voltage Words = 4
* Number of Scans Averaged by the Deck Unit = 24
* NMEA Latitude = 45 56.86 S
* NMEA Longitude = 065 33.77 W
* NMEA UTC (Time) = Feb 08 2014 22:02:30
* NMEA baud rate = 9600
** R/V Coriolis II
** MARES project, ARGENTINA 2014
** Chief scientist : Dr. Gustavo Ferreyra
** Co-Chief scientist : Dr. José Luis Esteves
# nquan = 13
# nvalues = 312                                   
# units = specified
# name 0 = depSM: Depth [salt water, m]
# name 1 = prDM: Pressure, Digiquartz [db]
# name 2 = t090C: Temperature [ITS-90, deg C]
# name 3 = c0mS/cm: Conductivity [mS/cm]
# name 4 = sal00: Salinity, Practical [PSU]
# name 5 = sbeox0Mm/Kg: Oxygen, SBE 43 [umol/Kg]
# name 6 = flECO-AFL: Fluorescence, WET Labs ECO-AFL/FL [mg/m^3]
# name 7 = ph: pH
# name 8 = CStarTr0: Beam Transmission, WET Labs C-Star [%]
# name 9 = par: PAR/Irradiance, Biospherical/Licor
# name 10 = upoly0: Upoly 0, Nitrate
# name 11 = sigma-é00: Density [sigma-theta, Kg/m^3]
# name 12 = flag:  0.000e+00
# span 0 =     -0.279,     80.636                 
# span 1 =     -0.281,     81.319                 
# span 2 =     9.1244,    14.0939                 
# span 3 =   7.074103,  40.133260                 
# span 4 =     5.0383,    33.3264                 
# span 5 =    132.859,    276.352                 
# span 6 =    -0.2715,    19.0179                 
# span 7 =      7.791,      8.221                 
# span 8 =    28.8402,    97.2678                 
# span 9 = 1.0000e-12, 5.0919e+02                 
# span 10 = -0.7634735,  4.1713556                
# span 11 =     3.1432,    25.7891                
# span 12 = 0.0000e+00, 0.0000e+00                
# interval = seconds: 1
# start_time = Feb 08 2014 22:02:30 [NMEA time, header]
# bad_flag = -9.990e-29
*END*
      1.496      1.508    14.0774  40.118200    33.2411    218.703     1.1205      8.196    94.1175 1.0366e+02 -0.6309949    24.8121  0.000e+00
      1.664      1.677    14.0769  40.117490    33.2408    219.751     1.0985      8.196    94.1433 1.0222e+02 -0.6309949    24.8119  0.000e+00
      1.749      1.764    14.0789  40.119493    33.2408    222.869     1.0985      8.196    94.0659 9.5008e+01 -0.6309949    24.8115  0.000e+00
      1.803      1.818    14.0898  40.129574    33.2407    220.840     1.0839      8.196    94.1175 9.2373e+01 -0.6309949    24.8092  0.000e+00
      1.592      1.605    14.0841  40.123628    33.2402    220.127     1.0765      8.196    94.1175 1.0936e+02 -0.5647556    24.8100  0.000e+00
      1.430      1.442    14.0813  40.121560    33.2408    220.229     1.0692      8.196    94.0400 1.0874e+02 -0.5978752    24.8110  0.000e+00
      1.510      1.522    14.0777  40.118394    33.2410    216.184     1.0326      8.201    94.0142 1.0905e+02 -0.6309949    24.8119  0.000e+00
      1.606      1.619    14.0777  40.118330    33.2409    220.747     1.0839      8.201    94.0659 1.0022e+02 -0.6309949    24.8118  0.000e+00
      1.568      1.581    14.0769  40.117683    33.2410    219.599     1.2450      8.201    94.1175 1.0164e+02 -0.6309949    24.8120  0.000e+00
      1.499      1.511    14.0765  40.117102    33.2408    220.702     1.0765      8.201    94.2208 1.1059e+02 -0.4985162    24.8121  0.000e+00
      1.564      1.576    14.0771  40.117877    33.2410    219.700     1.0765      8.201    93.9368 1.0692e+02 -0.5316359    24.8120  0.000e+00
      1.482      1.494    14.0767  40.117554    33.2411    219.114     1.0619      8.201    93.7818 1.1028e+02 -0.6309949    24.8122  0.000e+00
      1.673      1.687    14.0877  40.128346    33.2415    222.730     1.0765      8.201    93.9884 1.0396e+02 -0.5647556    24.8102  0.000e+00
      2.405      2.424    14.0939  40.133260    33.2404    219.853     1.0985      8.200    93.9368 8.8059e+01 -0.4985162    24.8081  0.000e+00
      3.141      3.167    14.0795  40.121179    33.2413    219.447     1.0472      8.201    93.8335 6.2829e+01 -0.4985162    24.8118  0.000e+00
      3.713      3.744    14.0883  40.129388    33.2411    220.955     1.0326      8.201    94.1692 6.7788e+01 -0.6641145    24.8099  0.000e+00
      4.293      4.328    14.0865  40.127904    33.2411    220.585     1.0326      8.201    94.1175 5.5201e+01 -0.5316359    24.8102  0.000e+00
      4.844      4.884    14.0814  40.123576    33.2412    219.731     1.0399      8.201    94.1950 4.8499e+01 -0.4985162    24.8114  0.000e+00
      5.228      5.272    14.0800  40.122092    33.2409    221.833     1.0472      8.205    94.0142 4.8362e+01 -0.6972342    24.8115  0.000e+00
      5.786      5.834    14.0708  40.114017    33.2411    220.895     1.0326      8.205    93.8076 4.2970e+01 -0.5316359    24.8136  0.000e+00
      6.546      6.600    14.0680  40.111823    33.2412    219.394     1.0912      8.205    94.0142 3.3073e+01 -0.4985162    24.8142  0.000e+00
      7.317      7.377    14.0588  40.102264    33.2400    220.946     1.0912      8.205    93.9884 3.1086e+01 -0.6641145    24.8153  0.000e+00
      8.012      8.078    14.0054  40.053309    33.2406    221.057     1.1058      8.206    94.0917 2.8729e+01 -0.4653966    24.8268  0.000e+00
      8.722      8.794    13.9462  39.998762    33.2410    221.296     1.1351      8.206    94.1950 2.6701e+01 -0.4985162    24.8394  0.000e+00
      9.462      9.541    13.8232  39.883440    33.2402    219.262     1.1791      8.211    93.8593 2.4815e+01 -0.6309949    24.8641  0.000e+00
     10.080     10.163    13.7507  39.818099    33.2420    219.750     1.0912      8.211    93.9626 2.2998e+01 -0.4985162    24.8804  0.000e+00
     10.624     10.712    13.7393  39.806442    33.2408    221.084     1.0692      8.211    93.9884 2.1313e+01 -0.4985162    24.8818  0.000e+00
     11.225     11.318    13.7234  39.791051    33.2401    219.910     1.0839      8.211    94.0659 2.0145e+01 -0.5978752    24.8845  0.000e+00
     11.789     11.886    13.7094  39.777465    33.2393    221.255     1.0912      8.211    94.0400 1.8564e+01 -0.4653966    24.8868  0.000e+00
     12.282     12.384    13.7062  39.774119    33.2387    222.247     1.1058      8.216    94.1950 1.7997e+01 -0.4985162    24.8870  0.000e+00
     12.922     13.029    13.6975  39.765429    33.2379    220.280     1.0985      8.216    94.3499 1.6169e+01 -0.6309949    24.8882  0.000e+00
     13.715     13.829    13.6896  39.757770    33.2374    221.554     1.0692      8.216    94.2724 1.4322e+01 -0.4985162    24.8894  0.000e+00
     14.513     14.633    13.6805  39.749275    33.2370    222.787     1.0985      8.216    94.3757 1.3086e+01 -0.5978752    24.8910  0.000e+00
     15.266     15.393    13.6735  39.742390    33.2364    221.672     1.1425      8.216    94.4015 1.2473e+01 -0.4653966    24.8920  0.000e+00
     15.892     16.024    13.6680  39.737050    33.2359    221.157     1.1937      8.216    94.4274 1.2125e+01 -0.4985162    24.8928  0.000e+00
     16.516     16.653    13.6631  39.732161    33.2354    222.467     1.1644      8.216    94.4790 1.1141e+01 -0.4985162    24.8934  0.000e+00
     17.104     17.246    13.6611  39.729846    33.2347    223.764     1.1937      8.216    94.2724 1.0589e+01 -0.4985162    24.8933  0.000e+00
     17.596     17.742    13.6571  39.725664    33.2341    221.764     1.2230      8.216    94.1175 1.0381e+01 -0.4653966    24.8936  0.000e+00
     18.163     18.314    13.6524  39.720647    33.2332    220.834     1.2084      8.216    94.0659 9.3509e+00 -0.6309949    24.8939  0.000e+00
     18.833     18.990    13.6478  39.715694    33.2324    222.404     1.1937      8.216    94.3241 8.4700e+00 -0.4653966    24.8942  0.000e+00
     19.581     19.744    13.6397  39.707331    33.2312    223.736     1.1791      8.221    94.4790 7.8030e+00 -0.4653966    24.8950  0.000e+00
     20.294     20.463    13.6313  39.699162    33.2306    223.743     1.1937      8.216    94.2724 7.2701e+00 -0.6641145    24.8963  0.000e+00
     20.875     21.049    13.6262  39.694210    33.2303    222.458     1.1864      8.221    94.7114 7.1275e+00 -0.4985162    24.8971  0.000e+00
     21.475     21.654    13.6204  39.688422    33.2296    222.297     1.1425      8.221    94.7372 6.6971e+00 -0.6972342    24.8978  0.000e+00
     22.187     22.372    13.6161  39.684500    33.2294    222.034     1.1205      8.216    94.6856 6.0307e+00 -0.4653966    24.8985  0.000e+00
     22.868     23.058    13.6136  39.681994    33.2290    222.422     1.0545      8.221    94.9438 5.6661e+00 -0.4653966    24.8987  0.000e+00
     23.504     23.700    13.6099  39.678458    33.2286    221.797     1.0912      8.216    95.1504 5.4147e+00 -0.6309949    24.8992  0.000e+00
     24.172     24.373    13.6049  39.673894    33.2284    221.276     0.9740      8.216    95.4086 4.9869e+00 -0.4653966    24.9001  0.000e+00
     24.790     24.997    13.6001  39.669136    33.2279    224.075     0.9666      8.217    95.4086 4.6849e+00 -0.4653966    24.9007  0.000e+00
     25.355     25.566    13.5952  39.664571    33.2277    222.177     0.9154      8.217    95.4086 4.5279e+00 -0.5978752    24.9015  0.000e+00
     26.004     26.221    13.5882  39.658399    33.2277    220.278     0.8274      8.217    95.7185 4.2053e+00 -0.4653966    24.9029  0.000e+00
     26.737     26.960    13.5807  39.651907    33.2279    221.924     0.7322      8.217    95.7959 3.8284e+00 -0.4653966    24.9046  0.000e+00
     27.443     27.672    13.5762  39.648051    33.2279    222.376     0.6809      8.217    96.0800 3.6475e+00 -0.4653966    24.9056  0.000e+00
     28.060     28.294    13.5729  39.645224    33.2279    222.561     0.6370      8.217    96.4156 3.4849e+00 -0.4985162    24.9063  0.000e+00
     28.629     28.868    13.5678  39.641239    33.2284    221.168     0.5710      8.217    96.5964 3.3295e+00 -0.4653966    24.9077  0.000e+00
     29.305     29.550    13.5590  39.634104    33.2290    221.019     0.5271      8.217    96.6480 3.0825e+00 -0.4653966    24.9100  0.000e+00
     30.094     30.345    13.5409  39.618870    33.2302    221.947     0.4538      8.217    96.7255 2.7812e+00 -0.4653966    24.9146  0.000e+00
     30.794     31.051    13.5164  39.595667    33.2296    221.003     0.4099      8.217    96.8546 2.6873e+00 -0.4653966    24.9191  0.000e+00
     31.348     31.610    13.4599  39.541886    33.2282    220.558     0.3439      8.212    96.9321 2.6491e+00 -0.7303538    24.9295  0.000e+00
     31.948     32.215    13.3280  39.409836    33.2190    220.728     0.3439      8.213    97.0870 2.4873e+00 -0.7634735    24.9490  0.000e+00
     32.703     32.976    13.0026  39.094333    33.2057    221.212     0.2267      8.205    97.2678 2.2497e+00 -0.5316359    25.0035  0.000e+00
     33.427     33.707    12.5956  38.703457    33.1915    220.406     0.1608      8.188    97.2678 2.1486e+00 -0.4985162    25.0720  0.000e+00
     33.970     34.254    12.4031  38.522819    33.1882    218.021     0.1315      8.175    96.7771 2.1672e+00 -0.4985162    25.1065  0.000e+00
     34.532     34.821    12.2590  38.384214    33.1823    214.984     0.1168      8.166    96.9063 2.0519e+00 -0.6641145    25.1295  0.000e+00
     35.342     35.638    12.1714  38.301416    33.1799    212.512     0.1022      8.162    96.7771 1.8128e+00 -0.4985162    25.1442  0.000e+00
     36.258     36.561    11.9103  38.045726    33.1640    212.081     0.1095      8.154    96.7255 1.6101e+00 -0.4985162    25.1810  0.000e+00
     37.095     37.405    11.2876  37.471749    33.1596    212.956     0.1095      8.133    96.4931 1.5916e+00 -0.4653966    25.2919  0.000e+00
     37.629     37.944    11.0503  37.285281    33.1890    209.437     0.0729      8.105    95.3053 1.6195e+00 -0.5978752    25.3574  0.000e+00
     37.934     38.252    10.9899  37.208260    33.1671    203.979     0.0802      8.092    92.6198 1.5824e+00 -0.7634735    25.3511  0.000e+00
     38.367     38.688    10.8668  37.090535    33.1613    199.788     0.0875      8.083    91.4320 1.5150e+00 -0.7634735    25.3682  0.000e+00
     39.044     39.371    10.7532  36.985842    33.1596    197.513     0.0729      8.074    91.2513 1.3765e+00 -0.5316359    25.3869  0.000e+00
     39.880     40.214    10.6446  36.883329    33.1553    196.301     0.0362      8.065    90.8640 1.2107e+00 -0.5647556    25.4025  0.000e+00
     40.727     41.068    10.4450  36.701957    33.1547    195.518     0.0289      8.051    89.8827 1.1219e+00 -0.4985162    25.4366  0.000e+00
     41.463     41.811    10.3572  36.625111    33.1572    193.782    -0.0004      8.038    88.6691 1.0704e+00 -0.4322769    25.4536  0.000e+00
     42.178     42.531    10.2809  36.559348    33.1602    191.901    -0.0077      8.028    87.1973 9.7994e-01  0.5281932    25.4689  0.000e+00
     42.871     43.230    10.2462  36.529783    33.1618    189.433    -0.0150      8.024    86.7583 8.8619e-01 -0.4322769    25.4761  0.000e+00
     43.435     43.799    10.2354  36.520201    33.1617    187.880    -0.0077      8.024    87.0682 8.2766e-01 -0.7303538    25.4779  0.000e+00
     43.948     44.317    10.2275  36.512424    33.1608    187.423    -0.0004      8.019    87.3522 7.7280e-01 -0.4985162    25.4786  0.000e+00
     44.572     44.946    10.2206  36.506080    33.1604    187.031    -0.0004      8.014    87.4039 6.9375e-01  0.9918684    25.4794  0.000e+00
     45.316     45.696    10.2203  36.504962    33.1592    186.522    -0.0004      8.014    87.5846 6.1480e-01 -0.1673197    25.4786  0.000e+00
     46.106     46.492    10.2164  36.500797    33.1583    186.780    -0.0150      8.015    87.7395 5.4093e-01  0.1638769    25.4785  0.000e+00
     46.788     47.180    10.1961  36.485122    33.1607    186.412    -0.0150      8.010    88.0752 4.9784e-01  0.9256291    25.4839  0.000e+00
     47.400     47.798    10.1825  36.474736    33.1624    186.085    -0.0077      8.010    88.3076 4.6652e-01  0.3294752    25.4874  0.000e+00
     48.088     48.491    10.1314  36.434194    33.1678    185.741     0.0069      8.005    88.7466 4.1826e-01 -0.2004393    25.5003  0.000e+00
     48.805     49.215    10.0929  36.403614    33.1718    184.397    -0.0297      8.001    89.4438 3.7810e-01  0.6937915    25.5099  0.000e+00
     49.469     49.884    10.0718  36.386215    33.1732    182.818    -0.0077      7.996    90.2184 3.5027e-01  1.0912274    25.5146  0.000e+00
     49.995     50.415    10.0607  36.377456    33.1743    180.602    -0.0077      7.992    90.7349 3.2953e-01  1.0912274    25.5173  0.000e+00
     50.525     50.949    10.0594  36.378017    33.1757    179.038    -0.0150      7.992    91.0447 3.1392e-01  2.3166547    25.5187  0.000e+00
     51.268     51.698    10.0545  36.374727    33.1766    178.020    -0.0224      7.987    90.7607 2.7811e-01  0.9587487    25.5202  0.000e+00
     52.086     52.524    10.0215  36.347583    33.1789    177.273    -0.0297      7.982    90.2184 2.4751e-01  0.3294752    25.5275  0.000e+00
     52.831     53.275    10.0060  36.337151    33.1823    176.456    -0.0297      7.978    90.2701 2.3133e-01  0.3625949    25.5328  0.000e+00
     53.516     53.966     9.9948  36.331565    33.1866    174.925    -0.0297      7.973    90.7090 2.1677e-01 -0.6972342    25.5380  0.000e+00
     54.147     54.602     9.9747  36.319459    33.1925    173.853    -0.0150      7.968    90.6574 2.0016e-01  0.6606718    25.5460  0.000e+00
     54.641     55.101     9.9686  36.315052    33.1934    172.567    -0.0297      7.968    90.7607 1.9191e-01  0.7600308    25.5477  0.000e+00
     55.094     55.558     9.9670  36.313750    33.1934    170.568    -0.0224      7.964    90.9414 1.8394e-01  0.0976376    25.5480  0.000e+00
     55.754     56.223     9.9642  36.312138    33.1939    169.273    -0.0297      7.964    90.9931 1.6514e-01  1.0249880    25.5489  0.000e+00
     56.614     57.090     9.9595  36.313259    33.1991    169.110    -0.0370      7.959    90.9931 1.4296e-01  0.7269111    25.5537  0.000e+00
     57.410     57.893     9.9625  36.325123    33.2080    169.078    -0.0444      7.954    90.8640 1.3097e-01  0.8262701    25.5602  0.000e+00
     58.013     58.501     9.9659  36.335311    33.2149    168.080    -0.0297      7.949    90.5025 1.2600e-01  1.1574667    25.5650  0.000e+00
     58.673     59.167     9.9532  36.331650    33.2226    166.445    -0.0297      7.945    90.0893 1.1692e-01  1.3561846    25.5732  0.000e+00
     59.367     59.867     9.9241  36.314701    33.2319    164.698    -0.0077      7.935    89.3147 1.0440e-01  1.3561846    25.5853  0.000e+00
     59.959     60.464     9.9058  36.300548    33.2340    163.184    -0.0077      7.936    89.0048 9.9744e-02  1.2237060    25.5900  0.000e+00
     60.472     60.981     9.9055  36.304337    33.2379    161.438    -0.0077      7.936    89.6762 9.2034e-02  0.9918684    25.5931  0.000e+00
     60.985     61.499     9.9146  36.319552    33.2448    160.521    -0.0077      7.935    90.2442 8.6611e-02  0.6275521    25.5970  0.000e+00
     61.630     62.149     9.9308  36.342036    33.2525    160.279    -0.0150      7.935    90.7865 7.9945e-02  1.0249880    25.6003  0.000e+00
     62.420     62.946     9.9629  36.385466    33.2667    159.876    -0.0150      7.935    90.9414 6.9227e-02  0.5281932    25.6061  0.000e+00
     63.216     63.749    10.0229  36.458638    33.2855    159.536    -0.0150      7.935    91.3288 6.0316e-02  0.3625949    25.6107  0.000e+00
     63.861     64.400    10.0325  36.468778    33.2867    159.550    -0.0297      7.930    91.5095 5.7300e-02  0.6275521    25.6101  0.000e+00
     64.366     64.908    10.0356  36.473009    33.2879    160.178    -0.0224      7.930    91.5353 5.2648e-02  0.7600308    25.6105  0.000e+00
     64.984     65.532    10.0376  36.476371    33.2892    160.977    -0.0297      7.930    91.4837 5.0956e-02  1.2237060    25.6111  0.000e+00
     65.662     66.216    10.0359  36.480355    33.2945    161.256    -0.0297      7.930    91.4062 4.6316e-02  0.8593897    25.6156  0.000e+00
