Arg_L2_SF10_NV.cnv
* Sea-Bird SBE 9 Data File:
* FileName = S:\CTD_Data\CTD\Data\Argentina 2014\Data\Arg_L2_SF10.hex
* Software Version Seasave V 7.21g
* Temperature SN = 5769
* Conductivity SN = 4244
* Number of Bytes Per Scan = 31
* Number of Voltage Words = 4
* Number of Scans Averaged by the Deck Unit = 24
* NMEA Latitude = 45 56.73 S
* NMEA Longitude = 065 33.12 W
* NMEA UTC (Time) = Feb 08 2014 20:00:52
* NMEA baud rate = 9600
** R/V Coriolis II
** MARES project, ARGENTINA 2014
** Chief scientist : Dr. Gustavo Ferreyra
** Co-Chief scientist : Dr. José Luis Esteves
# nquan = 13
# nvalues = 643                                   
# units = specified
# name 0 = depSM: Depth [salt water, m]
# name 1 = prDM: Pressure, Digiquartz [db]
# name 2 = t090C: Temperature [ITS-90, deg C]
# name 3 = c0mS/cm: Conductivity [mS/cm]
# name 4 = sal00: Salinity, Practical [PSU]
# name 5 = sbeox0Mm/Kg: Oxygen, SBE 43 [umol/Kg]
# name 6 = flECO-AFL: Fluorescence, WET Labs ECO-AFL/FL [mg/m^3]
# name 7 = ph: pH
# name 8 = CStarTr0: Beam Transmission, WET Labs C-Star [%]
# name 9 = par: PAR/Irradiance, Biospherical/Licor
# name 10 = upoly0: Upoly 0, Nitrate
# name 11 = sigma-é00: Density [sigma-theta, Kg/m^3]
# name 12 = flag:  0.000e+00
# span 0 =     -0.289,     80.562                 
# span 1 =     -0.291,     81.245                 
# span 2 =     9.0689,    14.2229                 
# span 3 =   1.885814,  40.261960                 
# span 4 =     1.2313,    33.3313                 
# span 5 =    131.514,    270.925                 
# span 6 =    -0.3447,    19.1498                 
# span 7 =      7.782,      8.253                 
# span 8 =    37.3097,    97.2936                 
# span 9 = 2.7370e-03, 1.3470e+03                 
# span 10 = -0.7634735,  4.4363128                
# span 11 =     0.1789,    25.8005                
# span 12 = 0.0000e+00, 0.0000e+00                
# interval = seconds: 1
# start_time = Feb 08 2014 20:00:52 [NMEA time, header]
# bad_flag = -9.990e-29
*END*
[from data line 334]
     40.256     40.593    10.3597  36.615574    33.1458    184.716     0.0509      7.986    88.5400 6.6593e+00  1.5549026    25.4443  0.000e+00
     40.320     40.657    10.3593  36.615263    33.1458    185.140     0.0509      7.986    88.4625 6.6029e+00  0.3294752    25.4443  0.000e+00
     40.443     40.781    10.3572  36.613768    33.1462    185.151     0.0362      7.986    88.5142 6.5101e+00  0.4288342    25.4450  0.000e+00
     40.512     40.851    10.3568  36.613395    33.1462    185.318     0.0289      7.986    88.4884 6.5101e+00  0.4619538    25.4450  0.000e+00
     40.543     40.883    10.3536  36.610965    33.1466    185.331     0.0216      7.986    88.4884 6.4368e+00 -0.1342000    25.4459  0.000e+00
     40.514     40.853    10.3530  36.610342    33.1466    185.075     0.0289      7.986    88.4884 6.3823e+00  0.1638769    25.4460  0.000e+00
     40.357     40.695    10.3585  36.614827    33.1461    185.470     0.0289      7.986    88.5142 6.5286e+00 -0.3329179    25.4447  0.000e+00
     40.310     40.647    10.3607  36.616508    33.1458    185.040     0.0216      7.986    88.4884 6.6971e+00 -0.3329179    25.4441  0.000e+00
     40.542     40.881    10.3497  36.606979    33.1461    184.833     0.0216      7.986    88.4367 6.4733e+00  0.6606718    25.4462  0.000e+00
     40.678     41.018    10.3377  36.597699    33.1477    185.562     0.0289      7.986    88.4367 6.2925e+00  0.6606718    25.4495  0.000e+00
     40.499     40.839    10.3550  36.612522    33.1469    185.066     0.0216      7.986    88.3851 6.4368e+00 -0.1342000    25.4459  0.000e+00
     40.238     40.575    10.3643  36.619374    33.1455    184.347     0.0216      7.986    88.5400 6.6405e+00  0.0976376    25.4432  0.000e+00
     40.146     40.482    10.3643  36.619187    33.1453    184.602     0.0216      7.990    88.5917 6.7734e+00  0.9256291    25.4430  0.000e+00
     40.341     40.679    10.3592  36.615013    33.1456    185.304     0.0216      7.990    88.5400 6.5657e+00  1.0249880    25.4442  0.000e+00
     40.603     40.943    10.3463  36.604799    33.1470    185.362     0.0289      7.991    88.4884 6.3104e+00  0.4288342    25.4475  0.000e+00
     40.666     41.007    10.3538  36.611464    33.1469    185.496     0.0289      7.990    88.4884 6.2925e+00  0.1307573    25.4461  0.000e+00
     40.533     40.873    10.3601  36.616136    33.1459    185.468     0.0216      7.990    88.4109 6.4004e+00  0.2301162    25.4442  0.000e+00
     40.357     40.695    10.3650  36.620122    33.1455    185.187     0.0143      7.990    88.4367 6.6217e+00  1.5217829    25.4431  0.000e+00
     40.306     40.643    10.3637  36.619187    33.1458    185.191     0.0216      7.990    88.4625 6.7351e+00  0.4619538    25.4436  0.000e+00
     40.451     40.790    10.3617  36.617319    33.1457    185.203     0.0289      7.990    88.5400 6.5471e+00  0.5613128    25.4438  0.000e+00
     40.565     40.904    10.3579  36.614516    33.1462    185.220     0.0216      7.990    88.4884 6.3642e+00  1.0581077    25.4449  0.000e+00
     40.471     40.810    10.3596  36.615948    33.1462    185.632     0.0289      7.990    88.3851 6.3823e+00  2.3828940    25.4446  0.000e+00
     40.347     40.685    10.3629  36.618253    33.1455    185.196     0.0289      7.990    88.3076 6.5101e+00  0.6275521    25.4435  0.000e+00
     40.388     40.726    10.3623  36.617630    33.1455    185.362     0.0289      7.990    88.4625 6.5657e+00  0.4288342    25.4435  0.000e+00
     40.495     40.834    10.3610  36.616821    33.1457    185.627     0.0362      7.990    88.4625 6.4733e+00  0.2963556    25.4440  0.000e+00
     40.531     40.870    10.3597  36.615762    33.1459    184.956     0.0509      7.990    88.4884 6.4733e+00  0.0313983    25.4443  0.000e+00
     40.480     40.819    10.3595  36.615512    33.1458    185.376     0.0509      7.990    88.3593 6.4733e+00  0.6937915    25.4443  0.000e+00
     40.367     40.704    10.3601  36.616073    33.1459    185.628     0.0289      7.990    88.4109 6.6029e+00 -0.2004393    25.4442  0.000e+00
     40.389     40.727    10.3610  36.616571    33.1456    185.368     0.0362      7.990    88.5142 6.6405e+00 -0.6309949    25.4439  0.000e+00
     40.536     40.876    10.3591  36.615326    33.1460    185.379     0.0509      7.990    88.5142 6.4004e+00 -0.7303538    25.4445  0.000e+00
     40.610     40.950    10.3585  36.614890    33.1461    185.803     0.0655      7.990    88.4625 6.2216e+00 -0.7303538    25.4447  0.000e+00
     40.559     40.898    10.3586  36.614827    33.1459    185.802     0.0436      7.990    88.4625 6.3104e+00  0.3625949    25.4446  0.000e+00
     40.456     40.794    10.3598  36.615824    33.1459    185.117     0.0362      7.990    88.5400 6.5101e+00  0.7269111    25.4443  0.000e+00
     40.374     40.712    10.3614  36.617007    33.1456    185.108     0.0216      7.990    88.5400 6.6405e+00  0.7931504    25.4438  0.000e+00
     40.345     40.683    10.3610  36.616820    33.1458    185.787     0.0289      7.990    88.5142 6.5843e+00  1.7205009    25.4440  0.000e+00
     40.334     40.672    10.3601  36.615886    33.1457    185.791     0.0362      7.990    88.5400 6.5286e+00  0.5944325    25.4441  0.000e+00
     40.365     40.703    10.3596  36.615387    33.1457    185.536     0.0362      7.990    88.5658 6.5657e+00  0.0976376    25.4442  0.000e+00
     40.478     40.817    10.3579  36.614080    33.1459    185.546     0.0362      7.990    88.5142 6.5286e+00 -0.0679607    25.4446  0.000e+00
     40.618     40.958    10.3568  36.613520    33.1462    185.553     0.0436      7.990    88.4625 6.3283e+00 -0.0679607    25.4451  0.000e+00
     40.632     40.973    10.3568  36.613520    33.1462    185.554     0.0362      7.990    88.4884 6.1865e+00  1.4555436    25.4451  0.000e+00
     40.481     40.820    10.3608  36.616696    33.1459    185.114     0.0289      7.990    88.5400 6.2925e+00  0.3625949    25.4441  0.000e+00
     40.334     40.672    10.3678  36.622489    33.1454    185.502     0.0362      7.990    88.5142 6.6029e+00  0.1969966    25.4425  0.000e+00
     40.360     40.697    10.3701  36.623486    33.1442    185.332     0.0362      7.990    88.5917 6.6782e+00  1.5217829    25.4412  0.000e+00
     40.487     40.826    10.3638  36.619063    33.1455    185.102     0.0436      7.990    88.5142 6.4004e+00  0.4950735    25.4433  0.000e+00
     40.507     40.846    10.3616  36.617381    33.1458    185.789     0.0582      7.990    88.4625 6.3283e+00  0.3625949    25.4439  0.000e+00
     40.367     40.704    10.3663  36.622178    33.1464    185.765     0.0289      7.995    88.4884 6.5101e+00  0.7269111    25.4436  0.000e+00
     40.297     40.635    10.3711  36.625417    33.1453    185.488     0.0289      7.990    88.5400 6.6971e+00  1.6211419    25.4419  0.000e+00
     40.501     40.840    10.3623  36.617880    33.1457    185.949     0.0509      7.995    88.5400 6.5286e+00  1.3893043    25.4437  0.000e+00
     40.721     41.062    10.3550  36.612087    33.1464    185.563     0.0436      7.990    88.5400 6.2747e+00 -0.0679607    25.4455  0.000e+00
     40.591     40.931    10.3626  36.619064    33.1465    185.692     0.0362      7.995    88.5142 6.3462e+00 -0.5647556    25.4443  0.000e+00
     40.294     40.632    10.3829  36.635884    33.1450    185.860     0.0362      7.995    88.4884 6.5657e+00 -0.2004393    25.4397  0.000e+00
     40.283     40.620    10.3789  36.631585    33.1444    185.620     0.0289      7.995    88.5142 6.6405e+00  0.7600308    25.4399  0.000e+00
     40.507     40.846    10.3684  36.623736    33.1459    185.666     0.0289      7.995    88.5142 6.4004e+00  0.7269111    25.4429  0.000e+00
     40.581     40.921    10.3616  36.617880    33.1462    186.116     0.0436      7.995    88.4625 6.2925e+00  0.8925094    25.4443  0.000e+00
     40.341     40.679    10.3759  36.630401    33.1459    186.052     0.0436      7.995    88.4625 6.4550e+00  0.8593897    25.4416  0.000e+00
     39.859     40.193    10.4019  36.654141    33.1463    185.256     0.0289      7.995    88.5917 6.9090e+00  0.2632359    25.4374  0.000e+00
     39.476     39.806    10.4773  36.721782    33.1458    185.358     0.0289      7.999    88.7982 7.3114e+00  0.6606718    25.4241  0.000e+00
     39.127     39.454    10.5338  36.771687    33.1446    186.207     0.1168      7.999    88.8241 7.6500e+00  1.2568256    25.4134  0.000e+00
     38.735     39.059    10.6238  36.849718    33.1412    187.651     0.0875      8.004    88.8499 8.1182e+00  1.4224239    25.3951  0.000e+00
     38.413     38.734    10.6441  36.865581    33.1387    189.541     0.0655      8.008    88.9790 8.5180e+00  0.7600308    25.3896  0.000e+00
     38.186     38.506    10.6546  36.874450    33.1382    190.716     0.0509      8.013    89.0306 8.6883e+00  2.4491333    25.3874  0.000e+00
     37.823     38.140    10.6689  36.891630    33.1425    191.197     0.0436      8.013    89.1339 8.8369e+00  1.6542615    25.3883  0.000e+00
     37.153     37.464    10.7599  36.973200    33.1418    190.933     0.0436      8.017    89.1856 9.4305e+00  0.6606718    25.3718  0.000e+00
     36.332     36.636    10.8285  37.039822    33.1463    191.419     0.0436      8.022    89.2114 1.0352e+01 -0.5316359    25.3633  0.000e+00
     35.538     35.835    11.1785  37.359084    33.1473    191.349     0.0436      8.030    89.3921 1.1236e+01 -0.1673197    25.3019  0.000e+00
     34.947     35.239    11.0573  37.224984    33.1242    194.312     0.0436      8.049    90.3475 1.1656e+01 -0.5316359    25.3056  0.000e+00
     34.308     34.595    11.5838  37.774569    33.1923    194.439     0.0509      8.066    91.2513 1.2194e+01 -0.7634735    25.2634  0.000e+00
     33.450     33.730    12.1267  38.226215    33.1477    195.835     0.0729      8.092    92.9555 1.3536e+01 -0.7634735    25.1277  0.000e+00
     32.604     32.876    12.2608  38.366179    33.1642    201.723     0.0729      8.110    93.1621 1.4857e+01 -0.7634735    25.1150  0.000e+00
     31.917     32.184    12.5371  38.640675    33.1837    206.487     0.0655      8.118    92.8781 1.5499e+01 -0.7634735    25.0772  0.000e+00
     31.556     31.819    12.5576  38.633478    33.1589    210.738     0.0729      8.132    93.5753 1.5808e+01 -0.7634735    25.0540  0.000e+00
     31.242     31.503    12.5152  38.605989    33.1701    212.548     0.0729      8.137    94.1433 1.6398e+01 -0.7634735    25.0709  0.000e+00
     30.594     30.849    12.7243  38.862994    33.2315    210.802     0.0875      8.146    94.7631 1.7203e+01 -0.7634735    25.0779  0.000e+00
     29.832     30.081    13.1865  39.276098    33.2176    209.346     0.0948      8.162    94.8663 1.8669e+01 -0.7634735    24.9761  0.000e+00
     29.191     29.434    13.3678  39.440045    33.2138    212.292     0.1241      8.171    94.8147 2.0488e+01 -0.7634735    24.9368  0.000e+00
     28.541     28.779    13.5378  39.615007    33.2300    214.146     0.1461      8.175    94.9954 2.1313e+01 -0.7634735    24.9150  0.000e+00
     27.732     27.963    13.6153  39.676930    33.2208    216.502     0.1388      8.184    95.3053 2.2612e+01 -0.7634735    24.8922  0.000e+00
     27.038     27.264    13.6206  39.684647    33.2237    218.729     0.2340      8.189    95.8734 2.4815e+01 -0.7634735    24.8933  0.000e+00
     26.622     26.844    13.6190  39.685289    33.2258    218.597     0.3219      8.193    95.9767 2.7463e+01 -0.7634735    24.8953  0.000e+00
     26.266     26.485    13.5286  39.596612    33.2217    218.795     0.3659      8.194    95.9767 2.7775e+01 -0.7634735    24.9104  0.000e+00
     25.708     25.923    13.6451  39.718038    33.2341    217.949     0.6443      8.198    95.6668 2.7696e+01 -0.7634735    24.8963  0.000e+00
     25.053     25.262    13.6271  39.692810    33.2264    218.525     0.7981      8.198    95.7185 3.1705e+01 -0.7634735    24.8940  0.000e+00
     24.543     24.748    13.6075  39.678463    33.2302    218.997     0.8714      8.203    95.6926 3.5087e+01 -0.7634735    24.9010  0.000e+00
     24.045     24.245    13.6280  39.698276    33.2312    219.441     0.8348      8.202    95.5893 3.5087e+01 -0.7634735    24.8975  0.000e+00
     23.338     23.532    13.6609  39.726523    33.2292    219.878     0.8201      8.202    95.4602 3.8503e+01 -0.7634735    24.8893  0.000e+00
     22.509     22.697    13.6524  39.720856    33.2317    219.936     0.8128      8.202    95.3311 4.3702e+01 -0.7634735    24.8929  0.000e+00
     21.842     22.023    13.6550  39.723171    33.2318    220.512     0.7981      8.207    95.4086 4.7686e+01 -0.7634735    24.8924  0.000e+00
     21.544     21.723    13.6353  39.704636    33.2318    220.337     0.8421      8.207    95.1762 4.9743e+01 -0.7634735    24.8965  0.000e+00
     21.400     21.578    13.6074  39.677292    33.2305    219.999     0.9300      8.207    94.8922 4.9463e+01 -0.6641145    24.9011  0.000e+00
     21.276     21.453    13.6880  39.755546    33.2336    219.776     1.1058      8.207    94.4274 4.7419e+01 -0.6309949    24.8871  0.000e+00
     21.201     21.377    13.6981  39.763464    33.2323    219.881     1.3549      8.207    94.1950 5.1741e+01 -0.6309949    24.8840  0.000e+00
     21.228     21.404    13.6987  39.764623    33.2328    221.450     1.4795      8.207    94.2208 5.0732e+01 -0.7634735    24.8843  0.000e+00
     21.088     21.263    13.6993  39.765589    33.2332    220.884     1.4282      8.211    94.1175 5.1887e+01 -0.7634735    24.8845  0.000e+00
     20.691     20.864    13.7004  39.766939    33.2337    220.914     1.4502      8.211    94.2208 5.3519e+01 -0.7634735    24.8846  0.000e+00
     20.381     20.550    13.6985  39.765264    33.2339    221.827     1.4062      8.211    94.5048 6.0063e+01 -0.6309949    24.8851  0.000e+00
     20.333     20.502    13.7015  39.768548    33.2344    221.556     1.4282      8.211    94.3757 5.7419e+01 -0.7303538    24.8849  0.000e+00
     20.354     20.523    13.7029  39.769964    33.2345    220.787     1.4428      8.211    94.2208 5.4891e+01 -0.7634735    24.8847  0.000e+00
     20.305     20.474    13.7029  39.770350    33.2349    220.937     1.4135      8.211    93.9109 5.8397e+01 -0.7634735    24.8850  0.000e+00
     20.299     20.468    13.7031  39.770737    33.2350    222.559     1.4135      8.216    94.1692 5.9558e+01 -0.7634735    24.8851  0.000e+00
     20.161     20.328    13.7033  39.771123    33.2353    222.350     1.4575      8.216    94.0142 5.5983e+01 -0.7634735    24.8852  0.000e+00
     20.034     20.200    13.7034  39.771508    33.2356    220.821     1.4502      8.216    94.1692 5.7906e+01 -0.7634735    24.8854  0.000e+00
     20.022     20.189    13.7040  39.772152    33.2357    220.818     1.3989      8.216    94.0659 6.1604e+01 -0.7634735    24.8854  0.000e+00
     20.114     20.281    13.7050  39.773247    33.2358    222.643     1.3989      8.216    94.0400 6.0232e+01 -0.7634735    24.8853  0.000e+00
     20.029     20.196    13.7048  39.773247    33.2360    221.221     1.3842      8.216    93.9884 5.6617e+01 -0.7634735    24.8855  0.000e+00
     19.740     19.904    13.7040  39.772602    33.2362    220.757     1.3842      8.216    93.9884 6.1604e+01 -0.7634735    24.8858  0.000e+00
     19.616     19.779    13.7034  39.772151    33.2363    220.861     1.4355      8.216    94.1950 6.3540e+01 -0.7634735    24.8860  0.000e+00
     19.832     19.997    13.7046  39.773504    33.2365    221.367     1.4208      8.216    93.9884 6.1086e+01 -0.7634735    24.8859  0.000e+00
     20.101     20.269    13.7048  39.773827    33.2366    221.781     1.4282      8.216    94.0659 5.8233e+01 -0.7634735    24.8859  0.000e+00
     20.203     20.371    13.7044  39.773699    33.2367    221.378     1.4355      8.216    93.9626 5.6299e+01 -0.6309949    24.8861  0.000e+00
     20.130     20.297    13.7042  39.773248    33.2365    220.668     1.4282      8.216    94.0400 6.1086e+01 -0.7303538    24.8860  0.000e+00
