Arg_Leg3_G9_NV.cnv
* Sea-Bird SBE 9 Data File:
* FileName = S:\CTD_Data\CTD\Data\Argentina 2014\Data\Leg3\Arg_Leg3_G9.hex
* Software Version Seasave V 7.21g
* Temperature SN = 5769
* Conductivity SN = 4244
* Number of Bytes Per Scan = 31
* Number of Voltage Words = 4
* Number of Scans Averaged by the Deck Unit = 24
* NMEA Latitude = 46 38.83 S
* NMEA Longitude = 066 12.41 W
* NMEA UTC (Time) = Feb 14 2014 08:50:07
* NMEA baud rate = 9600
** R/V Coriolis II
** MARES project, ARGENTINA 2014
** Chief scientist : Dr. Gustavo Ferreyra
** Co-Chief scientist : Dr. José Luis Esteves
# nquan = 13
# nvalues = 518                                   
# units = specified
# name 0 = depSM: Depth [salt water, m]
# name 1 = prDM: Pressure, Digiquartz [db]
# name 2 = t090C: Temperature [ITS-90, deg C]
# name 3 = c0mS/cm: Conductivity [mS/cm]
# name 4 = sal00: Salinity, Practical [PSU]
# name 5 = sbeox0Mm/Kg: Oxygen, SBE 43 [umol/Kg]
# name 6 = flECO-AFL: Fluorescence, WET Labs ECO-AFL/FL [mg/m^3]
# name 7 = ph: pH
# name 8 = CStarTr0: Beam Transmission, WET Labs C-Star [%]
# name 9 = par: PAR/Irradiance, Biospherical/Licor
# name 10 = upoly0: Upoly 0, Nitrate
# name 11 = sigma-é00: Density [sigma-theta, Kg/m^3]
# name 12 = flag:  0.000e+00
# span 0 =     -0.019,     74.671                 
# span 1 =     -0.019,     75.308                 
# span 2 =     9.0749,    14.9727                 
# span 3 =  10.392001,  41.139966                 
# span 4 =     7.4613,    33.4059                 
# span 5 =    148.807,    295.281                 
# span 6 =    -0.1249,     1.8824                 
# span 7 =      7.834,      8.243                 
# span 8 =    48.4130,    96.0541                 
# span 9 = 1.0000e-12, 6.6310e-01                 
# span 10 = -0.7634735,  5.0655863                
# span 11 =     4.8773,    25.8139                
# span 12 = 0.0000e+00, 0.0000e+00                
# interval = seconds: 1
# start_time = Feb 14 2014 08:50:07 [NMEA time, header]
# bad_flag = -9.990e-29
*END*
[from data line 334]
     48.436     48.846    10.9533  37.176894    33.1645    184.588     0.0362      8.007    89.9086 1.0000e-12 -0.4653966    25.3557  0.000e+00
     47.908     48.314    10.9874  37.206791    33.1635    184.600     0.0509      8.007    89.1856 1.0000e-12 -0.6641145    25.3489  0.000e+00
     47.610     48.012    10.9667  37.189928    33.1657    185.652     0.0509      8.007    89.2114 1.0000e-12 -0.5978752    25.3543  0.000e+00
     47.177     47.576    11.0163  37.236636    33.1674    185.190     0.0509      8.012    88.8499 1.0000e-12  1.1574667    25.3468  0.000e+00
     46.528     46.921    11.0915  37.298675    33.1612    184.952     0.0362      8.011    88.3593 1.0000e-12  0.1638769    25.3286  0.000e+00
     45.863     46.250    11.1266  37.328171    33.1591    185.607    -0.0004      8.016    88.2818 1.0000e-12 -0.6972342    25.3206  0.000e+00
     45.378     45.761    11.1473  37.344052    33.1563    185.835     0.0362      8.021    88.1010 1.0000e-12 -0.6972342    25.3147  0.000e+00
     44.880     45.259    11.1834  37.376830    33.1564    186.804     0.0216      8.020    87.8945 1.0000e-12 -0.6972342    25.3084  0.000e+00
     44.205     44.578    11.1989  37.387379    33.1532    188.258    -0.0004      8.025    87.9203 1.0000e-12 -0.6972342    25.3030  0.000e+00
     43.547     43.915    11.2196  37.404463    33.1516    189.201    -0.0004      8.030    87.8686 1.0000e-12 -0.1010803    25.2981  0.000e+00
     43.114     43.478    11.2249  37.408608    33.1511    189.969    -0.0004      8.030    87.8686 1.0000e-12  0.6275521    25.2967  0.000e+00
     42.816     43.178    11.2191  37.404146    33.1521    191.188     0.0069      8.034    88.3593 1.0000e-12 -0.6972342    25.2985  0.000e+00
     42.301     42.658    11.2355  37.418155    33.1514    191.504     0.0143      8.034    89.1081 1.0000e-12 -0.6972342    25.2951  0.000e+00
     41.389     41.738    11.2745  37.452716    33.1508    191.471     0.0216      8.039    89.0564 1.0000e-12 -0.6972342    25.2875  0.000e+00
     40.402     40.743    11.3097  37.482700    33.1491    192.340     0.0216      8.043    88.7982 1.0000e-12 -0.7303538    25.2798  0.000e+00
     39.743     40.079    11.2625  37.441208    33.1510    193.966     0.0289      8.048    89.5471 1.0000e-12 -0.7303538    25.2898  0.000e+00
     39.458     39.791    11.3378  37.518733    33.1598    194.018    -0.0004      8.053    89.5987 1.0000e-12 -0.7303538    25.2830  0.000e+00
     38.991     39.320    11.4339  37.607149    33.1606    193.352     0.0436      8.057    89.8311 1.0000e-12 -0.7303538    25.2662  0.000e+00
     37.938     38.258    11.7063  37.860268    33.1648    193.192     0.0582      8.065    90.8381 1.0000e-12 -0.7303538    25.2195  0.000e+00
     36.732     37.042    11.7809  37.932638    33.1693    196.052     0.1022      8.074    91.5870 1.0000e-12 -0.7303538    25.2092  0.000e+00
     36.029     36.332    11.6430  37.801002    33.1644    199.408     0.1241      8.084    92.6973 1.0000e-12 -0.7303538    25.2308  0.000e+00
     35.911     36.214    11.5793  37.740329    33.1621    199.703     0.1608      8.089    93.5753 1.0000e-12 -0.7303538    25.2408  0.000e+00
     35.544     35.843    11.6882  37.857547    33.1794    197.229     0.2267      8.094    94.2208 1.0000e-12 -0.7303538    25.2342  0.000e+00
     34.451     34.742    12.3704  38.512145    33.2068    194.816     0.2707      8.105    94.6339 1.0000e-12 -0.7303538    25.1272  0.000e+00
     33.321     33.602    12.5131  38.617452    33.1821    198.529     0.2853      8.123    94.6339 1.0000e-12 -0.7634735    25.0806  0.000e+00
     32.624     32.899    12.3685  38.487984    33.1860    204.097     0.3513      8.128    95.0471 1.0000e-12 -0.7634735    25.1114  0.000e+00
     32.215     32.486    12.0989  38.232172    33.1787    206.846     0.3659      8.134    95.1762 1.0000e-12 -0.7634735    25.1569  0.000e+00
     31.877     32.145    12.3639  38.478259    33.1810    203.915     0.5637      8.142    95.2795 1.0000e-12 -0.7634735    25.1084  0.000e+00
     31.261     31.524    12.9449  39.047276    33.2123    200.389     0.7029      8.149    95.5893 1.0000e-12 -0.5978752    25.0199  0.000e+00
     30.233     30.487    13.0586  39.128410    33.1899    204.713     0.8494      8.154    95.6410 1.0000e-12 -0.7634735    24.9801  0.000e+00
     29.202     29.447    13.0331  39.107363    33.1928    210.555     0.9007      8.158    95.5893 1.0000e-12 -0.7634735    24.9873  0.000e+00
     28.580     28.821    13.0589  39.129235    33.1911    213.609     0.9080      8.163    95.5635 1.0000e-12 -0.7634735    24.9809  0.000e+00
     28.246     28.483    12.9114  38.996719    33.1950    216.710     0.9300      8.163    95.5893 1.0000e-12 -0.7634735    25.0130  0.000e+00
     27.747     27.980    13.2214  39.326011    33.2350    213.882     1.0619      8.167    95.5377 1.0000e-12 -0.7634735    24.9825  0.000e+00
     26.939     27.166    13.5682  39.647857    33.2349    211.966     1.1498      8.175    95.2537 1.0000e-12 -0.7634735    24.9126  0.000e+00
     25.952     26.170    13.5756  39.664383    33.2443    215.815     1.1791      8.184    95.4086 1.0000e-12 -0.7634735    24.9183  0.000e+00
     25.085     25.296    13.6347  39.722285    33.2473    218.301     1.2670      8.188    95.4086 7.3199e-05 -0.5978752    24.9087  0.000e+00
     24.622     24.829    13.5803  39.664764    33.2411    219.404     1.3256      8.189    95.3828 3.4694e-04 -0.5978752    24.9149  0.000e+00
     24.293     24.497    13.5747  39.668880    33.2500    218.880     1.1718      8.189    95.4086 1.0000e-12 -0.5978752    24.9229  0.000e+00
     23.585     23.783    13.8953  40.003990    33.2839    217.215     1.2670      8.192    95.3311 1.0000e-12 -0.5316359    24.8835  0.000e+00
     22.611     22.801    14.0174  40.118096    33.2844    218.233     1.0692      8.201    95.3053 1.0000e-12 -0.5647556    24.8586  0.000e+00
     21.895     22.079    14.0601  40.169800    33.2955    219.948     1.2743      8.205    95.3569 1.0000e-12 -0.5978752    24.8582  0.000e+00
     21.479     21.659    13.9759  40.089149    33.2939    221.886     1.2450      8.210    95.3311 3.4694e-04 -0.6309949    24.8745  0.000e+00
     21.104     21.281    14.3035  40.412528    33.3095    220.627     1.3915      8.214    95.0987 7.3199e-05 -0.4985162    24.8182  0.000e+00
     20.778     20.952    14.3893  40.496552    33.3129    222.246     1.3036      8.213    94.5823 1.0000e-12 -0.5978752    24.8027  0.000e+00
     20.461     20.633    14.4038  40.512638    33.3153    223.404     1.2157      8.218    94.5307 6.2223e-04 -0.4653966    24.8015  0.000e+00
     20.144     20.313    14.4108  40.521655    33.3177    225.684     1.2157      8.218    94.5823 7.6046e-04 -0.4653966    24.8018  0.000e+00
     20.109     20.277    14.4174  40.529116    33.3188    225.321     1.2743      8.218    94.4790 1.0381e-03 -0.6309949    24.8013  0.000e+00
     20.326     20.496    14.4121  40.524056    33.3187    224.889     1.3696      8.218    94.1950 8.9907e-04 -0.6309949    24.8024  0.000e+00
     20.423     20.595    14.4093  40.522629    33.3197    224.664     1.4062      8.218    94.0400 1.1775e-03 -0.4653966    24.8038  0.000e+00
     20.212     20.381    14.4127  40.526975    33.3208    224.162     1.2743      8.218    94.2208 2.1643e-03 -0.6641145    24.8039  0.000e+00
     20.054     20.222    14.4189  40.533853    33.3219    225.306     1.2304      8.218    94.1692 1.3173e-03 -0.4653966    24.8034  0.000e+00
     20.202     20.371    14.4186  40.533659    33.3219    224.238     1.3329      8.222    94.1692 7.6046e-04 -0.4653966    24.8035  0.000e+00
     20.398     20.569    14.4141  40.529637    33.3221    224.517     1.4208      8.222    94.0917 1.0000e-12 -0.6641145    24.8046  0.000e+00
     20.394     20.565    14.4144  40.530480    33.3225    225.589     1.3403      8.222    94.0917 1.0000e-12 -0.5978752    24.8049  0.000e+00
     20.243     20.412    14.4171  40.533724    33.3233    225.675     1.2743      8.222    94.1692 1.0000e-12 -0.6972342    24.8049  0.000e+00
     20.092     20.260    14.4219  40.538914    33.3240    224.231     1.2743      8.222    94.0917 1.0000e-12 -0.6309949    24.8044  0.000e+00
     20.116     20.284    14.4246  40.541834    33.3243    225.888     1.3110      8.222    94.0917 1.0000e-12 -0.4653966    24.8040  0.000e+00
     20.389     20.560    14.4185  40.535931    33.3240    225.821     1.3769      8.222    94.1175 7.3199e-05 -0.4653966    24.8051  0.000e+00
     20.562     20.734    14.4173  40.535153    33.3243    225.010     1.3915      8.222    94.1950 7.3199e-05 -0.5647556    24.8056  0.000e+00
     20.433     20.605    14.4182  40.536450    33.3248    224.017     1.3183      8.222    94.2208 6.2223e-04 -0.7634735    24.8058  0.000e+00
     20.315     20.485    14.4200  40.538526    33.3251    223.811     1.2963      8.222    94.0917 1.0000e-12 -0.5978752    24.8057  0.000e+00
     20.334     20.505    14.4214  40.540083    33.3254    225.267     1.3622      8.222    94.1175 1.0000e-12 -0.4653966    24.8056  0.000e+00
     20.336     20.506    14.4228  40.541641    33.3256    224.917     1.3329      8.222    94.0917 3.4694e-04 -0.4985162    24.8055  0.000e+00
     20.245     20.415    14.4211  40.540018    33.3256    224.877     1.3183      8.222    94.1175 1.0000e-12 -0.5316359    24.8058  0.000e+00
     20.267     20.437    14.4219  40.541121    33.3259    225.068     1.3403      8.222    94.0400 1.0000e-12 -0.7634735    24.8059  0.000e+00
     20.502     20.674    14.4195  40.538721    33.3257    225.235     1.4648      8.222    94.0142 1.0000e-12 -0.7634735    24.8062  0.000e+00
     20.625     20.798    14.4175  40.537035    33.3258    225.591     1.4208      8.222    94.0659 1.0000e-12 -0.6309949    24.8068  0.000e+00
     20.487     20.659    14.4231  40.542745    33.3263    226.052     1.3329      8.222    94.1433 1.0000e-12 -0.5647556    24.8059  0.000e+00
     20.305     20.475    14.4244  40.544237    33.3266    225.847     1.3403      8.222    94.0400 1.0000e-12 -0.5978752    24.8059  0.000e+00
     20.301     20.471    14.4266  40.546767    33.3270    225.105     1.4282      8.222    94.0917 3.4694e-04 -0.6309949    24.8057  0.000e+00
     20.490     20.661    14.4249  40.544951    33.3268    223.747     1.4795      8.222    94.0659 1.0000e-12 -0.6972342    24.8059  0.000e+00
     20.610     20.782    14.4196  40.539760    33.3265    223.968     1.4355      8.222    94.1175 1.0000e-12 -0.5978752    24.8068  0.000e+00
     20.477     20.649    14.4203  40.540603    33.3267    224.737     1.3549      8.222    94.1175 1.0000e-12 -0.6309949    24.8068  0.000e+00
     20.243     20.412    14.4211  40.541446    33.3269    225.070     1.3256      8.222    93.9884 2.0988e-04 -0.4653966    24.8068  0.000e+00
     20.289     20.459    14.4243  40.544756    33.3272    225.742     1.4282      8.222    94.0142 3.4694e-04 -0.4653966    24.8063  0.000e+00
     20.604     20.777    14.4200  40.540474    33.3268    225.920     1.6553      8.222    94.1175 1.0000e-12 -0.6641145    24.8070  0.000e+00
     20.707     20.881    14.4184  40.539112    33.3269    225.885     1.4502      8.222    94.1692 1.0000e-12 -0.4985162    24.8074  0.000e+00
     20.526     20.698    14.4200  40.540474    33.3269    226.022     1.3329      8.222    94.1692 1.0000e-12 -0.7634735    24.8070  0.000e+00
     20.346     20.516    14.4218  40.542420    33.3272    225.814     1.3915      8.222    94.1175 1.0000e-12 -0.7634735    24.8069  0.000e+00
     20.214     20.384    14.4238  40.544496    33.3274    225.607     1.4428      8.222    94.0142 1.0000e-12 -0.7634735    24.8066  0.000e+00
     20.284     20.454    14.4238  40.544301    33.3272    225.266     1.4721      8.222    94.0142 1.0000e-12 -0.7634735    24.8064  0.000e+00
     20.604     20.777    14.4184  40.539176    33.3270    224.614     1.5088      8.222    94.0142 1.3173e-03 -0.7303538    24.8074  0.000e+00
     20.730     20.903    14.4148  40.535803    33.3270    225.515     1.4721      8.222    94.1433 1.0000e-12 -0.5978752    24.8082  0.000e+00
     20.467     20.639    14.4204  40.541252    33.3273    224.840     1.3476      8.222    94.1692 1.0000e-12 -0.7634735    24.8073  0.000e+00
     20.248     20.418    14.4222  40.543328    33.3277    225.466     1.3403      8.222    94.0917 1.0000e-12 -0.7634735    24.8071  0.000e+00
     20.364     20.535    14.4240  40.544821    33.3274    225.700     1.5307      8.222    94.0917 2.0988e-04 -0.7634735    24.8066  0.000e+00
     20.622     20.795    14.4198  40.540734    33.3273    224.802     1.7066      8.222    94.1175 1.0000e-12 -0.5978752    24.8074  0.000e+00
     20.689     20.862    14.4173  40.538333    33.3271    223.637     1.3989      8.222    94.1692 1.0000e-12 -0.5316359    24.8078  0.000e+00
     20.468     20.640    14.4187  40.539955    33.3275    224.504     1.2817      8.222    94.2208 1.0000e-12 -0.6641145    24.8078  0.000e+00
     19.989     20.156    14.4247  40.545988    33.3281    226.267     1.2597      8.222    94.0917 1.0000e-12 -0.5316359    24.8070  0.000e+00
     19.671     19.836    14.4264  40.547544    33.3282    224.833     1.4575      8.222    94.0917 1.0000e-12 -0.6641145    24.8067  0.000e+00
     19.505     19.668    14.4305  40.551956    33.3288    225.599     1.5747      8.222    94.0917 1.0000e-12 -0.7634735    24.8063  0.000e+00
     19.033     19.193    14.4437  40.565843    33.3304    225.761     1.5088      8.222    94.0400 7.3199e-05 -0.7634735    24.8047  0.000e+00
     18.407     18.561    14.4631  40.585380    33.3318    225.562     1.4575      8.227    93.9368 8.9907e-04 -0.7634735    24.8016  0.000e+00
     18.027     18.178    14.4700  40.592260    33.3323    226.396     1.5454      8.227    93.8335 1.4574e-03 -0.6972342    24.8006  0.000e+00
     17.693     17.841    14.4723  40.595830    33.3337    225.987     1.6480      8.227    93.8851 6.2223e-04 -0.4985162    24.8011  0.000e+00
     16.975     17.117    14.5049  40.629724    33.3370    227.133     1.5820      8.227    93.7302 2.5932e-03 -0.7634735    24.7968  0.000e+00
     16.219     16.355    14.5143  40.638554    33.3373    225.703     1.4648      8.227    93.6011 4.0493e-03 -0.7634735    24.7950  0.000e+00
     15.830     15.962    14.5029  40.626212    33.3360    225.124     1.6919      8.227    93.4461 3.9018e-03 -0.6309949    24.7964  0.000e+00
     15.494     15.624    14.5497  40.681756    33.3467    225.994     1.5454      8.231    93.5494 4.9428e-03 -0.6972342    24.7947  0.000e+00
     14.783     14.907    14.7276  40.872267    33.3681    224.937     1.6699      8.230    93.2912 7.0872e-03 -0.5316359    24.7732  0.000e+00
     13.849     13.965    14.8490  41.000798    33.3813    225.829     1.5014      8.234    93.2654 8.3511e-03 -0.4985162    24.7573  0.000e+00
     13.043     13.152    14.9037  41.057981    33.3867    227.889     1.6992      8.234    93.2654 1.0966e-02 -0.6309949    24.7496  0.000e+00
     12.387     12.491    14.9145  41.069459    33.3882    226.882     1.8311      8.234    93.0072 1.3526e-02 -0.6972342    24.7484  0.000e+00
     11.860     11.959    14.9212  41.078003    33.3904    227.195     1.7139      8.239    92.8781 1.5473e-02 -0.5647556    24.7487  0.000e+00
     11.383     11.478    14.9251  41.082242    33.3911    226.494     1.5527      8.239    92.5166 1.8604e-02 -0.4653966    24.7484  0.000e+00
     10.644     10.733    14.9259  41.082761    33.3912    225.534     1.4208      8.239    92.3875 2.2086e-02 -0.4653966    24.7482  0.000e+00
      9.635      9.715    14.9264  41.083996    33.3923    226.209     1.3622      8.239    92.5682 2.9601e-02 -0.4653966    24.7489  0.000e+00
      8.730      8.803    14.9342  41.092344    33.3935    225.478     1.4721      8.239    92.4907 3.5286e-02 -0.4653966    24.7482  0.000e+00
