Arg_Leg3_G14_NV.cnv
* Sea-Bird SBE 9 Data File:
* FileName = S:\CTD_Data\CTD\Data\Argentina 2014\Data\Leg3\Arg_Leg3_G14.hex
* Software Version Seasave V 7.21g
* Temperature SN = 5769
* Conductivity SN = 4244
* Number of Bytes Per Scan = 31
* Number of Voltage Words = 4
* Number of Scans Averaged by the Deck Unit = 24
* NMEA Latitude = 45 49.21 S
* NMEA Longitude = 065 25.37 W
* NMEA UTC (Time) = Feb 12 2014 14:52:10
* NMEA baud rate = 9600
** R/V Coriolis II
** MARES project, ARGENTINA 2014
** Chief scientist : Dr. Gustavo Ferreyra
** Co-Chief scientist : Dr. José Luis Esteves
# nquan = 13
# nvalues = 603                                   
# units = specified
# name 0 = depSM: Depth [salt water, m]
# name 1 = prDM: Pressure, Digiquartz [db]
# name 2 = t090C: Temperature [ITS-90, deg C]
# name 3 = c0mS/cm: Conductivity [mS/cm]
# name 4 = sal00: Salinity, Practical [PSU]
# name 5 = sbeox0Mm/Kg: Oxygen, SBE 43 [umol/Kg]
# name 6 = flECO-AFL: Fluorescence, WET Labs ECO-AFL/FL [mg/m^3]
# name 7 = ph: pH
# name 8 = CStarTr0: Beam Transmission, WET Labs C-Star [%]
# name 9 = par: PAR/Irradiance, Biospherical/Licor
# name 10 = upoly0: Upoly 0, Nitrate
# name 11 = sigma-é00: Density [sigma-theta, Kg/m^3]
# name 12 = flag:  0.000e+00
# span 0 =     -0.067,     76.320                 
# span 1 =     -0.067,     76.965                 
# span 2 =     9.8523,    14.3008                 
# span 3 =   4.078268,  40.274363                 
# span 4 =     2.7922,    33.2209                 
# span 5 =    151.728,    336.450                 
# span 6 =    -0.2715,    29.3549                 
# span 7 =      7.874,      8.261                 
# span 8 =    57.0891,    95.9250                 
# span 9 = 8.8324e-03, 1.8456e+03                 
# span 10 = -0.7634735,  7.6820393                
# span 11 =     1.4003,    25.5566                
# span 12 = 0.0000e+00, 0.0000e+00                
# interval = seconds: 1
# start_time = Feb 12 2014 14:52:10 [NMEA time, header]
# bad_flag = -9.990e-29
*END*
      1.720      1.734    14.2485  40.228165    33.1949    227.425     0.8494      8.242    92.7748 3.3491e+02 -0.5316359    24.7407  0.000e+00
      1.715      1.730    14.2479  40.226936    33.1944    228.462     0.8641      8.242    92.6715 1.1126e+03 -0.4985162    24.7404  0.000e+00
      1.496      1.508    14.2478  40.227065    33.1946    227.078     0.8567      8.242    92.8006 1.4947e+03 -0.4985162    24.7406  0.000e+00
      1.376      1.387    14.2526  40.230945    33.1941    225.090     0.8201      8.242    92.8781 2.1904e+02 -0.4985162    24.7392  0.000e+00
      1.576      1.589    14.2597  40.237803    33.1943    227.910     0.8274      8.242    92.8264 1.0513e+02 -0.4985162    24.7379  0.000e+00
      2.300      2.319    14.2619  40.239682    33.1938    226.290     0.8055      8.242    92.8264 4.7730e+02 -0.4985162    24.7371  0.000e+00
      3.065      3.091    14.2594  40.238327    33.1944    225.841     0.8055      8.242    92.7748 1.9246e+02 -0.4985162    24.7380  0.000e+00
      3.447      3.476    14.2543  40.231859    33.1926    228.623     0.8128      8.246    92.8781 7.5436e+01 -0.4653966    24.7378  0.000e+00
      3.838      3.869    14.2621  40.238329    33.1918    228.898     0.7688      8.246    92.8522 6.3899e+01 -0.4653966    24.7355  0.000e+00
      4.470      4.507    14.2611  40.236261    33.1904    225.730     0.7029      8.246    92.9039 6.0402e+01 -0.4985162    24.7347  0.000e+00
      5.237      5.280    14.2564  40.232189    33.1904    227.106     0.6516      8.246    93.0846 5.5046e+01 -0.4653966    24.7357  0.000e+00
      6.013      6.063    14.2262  40.207937    33.1938    228.633     0.6370      8.246    93.2654 5.1019e+01 -0.4653966    24.7446  0.000e+00
      6.670      6.725    14.2194  40.204577    33.1963    227.009     0.6882      8.251    93.1879 5.1019e+01 -0.4653966    24.7480  0.000e+00
      7.235      7.295    14.2307  40.213892    33.1949    226.630     0.8274      8.251    93.0072 4.8499e+01 -0.4985162    24.7446  0.000e+00
      7.884      7.949    14.2249  40.210402    33.1964    227.756     0.8128      8.251    92.8522 4.7686e+01 -0.4653966    24.7470  0.000e+00
      8.610      8.681    14.2304  40.214674    33.1953    226.567     0.8934      8.251    92.7748 4.5076e+01 -0.4653966    24.7450  0.000e+00
      9.283      9.360    14.2178  40.208598    33.2003    227.281     1.2230      8.256    92.5424 4.5587e+01 -0.4653966    24.7515  0.000e+00
      9.908      9.990    14.2227  40.211381    33.1984    228.064     1.0472      8.256    92.3875 4.2489e+01 -0.5647556    24.7490  0.000e+00
     10.496     10.583    14.2214  40.210154    33.1982    226.116     0.9007      8.256    92.3616 4.1660e+01 -0.4985162    24.7491  0.000e+00
     11.095     11.187    14.2213  40.210803    33.1986    226.824     0.9227      8.256    92.4907 3.9380e+01 -0.5647556    24.7496  0.000e+00
     11.749     11.847    14.2014  40.204599    33.2097    228.741     1.0179      8.260    92.4907 3.6704e+01 -0.4985162    24.7623  0.000e+00
     12.463     12.566    14.1882  40.200335    33.2169    228.073     1.1718      8.260    92.4133 3.6293e+01 -0.4985162    24.7706  0.000e+00
     13.182     13.291    14.1820  40.197687    33.2195    227.875     1.2963      8.260    92.2842 3.4694e+01 -0.5978752    24.7740  0.000e+00
     13.890     14.005    14.1759  40.193810    33.2209    228.119     1.2890      8.260    92.2842 3.1974e+01 -0.4985162    24.7763  0.000e+00
     14.561     14.682    14.1603  40.179329    33.2208    228.361     1.2524      8.261    92.3358 3.0053e+01 -0.4985162    24.7795  0.000e+00
     15.128     15.254    14.1469  40.166594    33.2203    226.704     1.2524      8.256    92.3358 2.9467e+01 -0.5978752    24.7819  0.000e+00
     15.650     15.780    14.1360  40.155801    33.2196    226.226     1.2230      8.261    92.3875 2.9717e+01 -0.4985162    24.7836  0.000e+00
     16.258     16.393    14.1141  40.134281    33.2183    226.638     1.2597      8.261    92.4391 2.9219e+01 -0.4653966    24.7873  0.000e+00
     16.970     17.111    14.0712  40.092802    33.2167    228.103     1.2230      8.256    92.5424 2.7696e+01 -0.6309949    24.7950  0.000e+00
     17.734     17.881    14.0354  40.057799    33.2149    227.995     1.2450      8.256    92.4907 2.7003e+01 -0.4985162    24.8011  0.000e+00
     18.486     18.639    14.0093  40.033072    33.2143    225.793     1.2304      8.257    92.5166 2.5596e+01 -0.4653966    24.8060  0.000e+00
     19.160     19.319    13.9878  40.014225    33.2151    226.658     1.1718      8.252    92.6198 2.6106e+01 -0.6309949    24.8111  0.000e+00
     19.733     19.897    13.9843  40.012097    33.2160    226.988     1.1351      8.257    93.0588 2.5959e+01 -0.4985162    24.8125  0.000e+00
     20.314     20.483    13.9758  40.005194    33.2167    225.791     1.0912      8.257    93.2137 2.4885e+01 -0.4653966    24.8148  0.000e+00
     20.952     21.126    13.9527  39.984480    33.2172    227.017     1.0252      8.252    93.4203 2.3923e+01 -0.6309949    24.8200  0.000e+00
     21.566     21.745    13.9186  39.953063    33.2173    224.632     0.9593      8.252    93.6269 2.3390e+01 -0.4985162    24.8272  0.000e+00
     22.164     22.349    13.8524  39.892640    33.2183    224.545     0.8641      8.253    93.9626 2.3324e+01 -0.4985162    24.8415  0.000e+00
     22.878     23.069    13.7190  39.761601    33.2117    224.174     0.8348      8.249    94.1175 2.1615e+01 -0.5978752    24.8639  0.000e+00
     23.665     23.862    13.3750  39.425135    33.1958    223.268     0.8421      8.245    94.0917 2.0088e+01 -0.4985162    24.9213  0.000e+00
     24.376     24.579    13.2375  39.289142    33.1875    220.152     1.0252      8.237    93.4203 1.9863e+01 -0.4653966    24.9425  0.000e+00
     25.003     25.211    13.1894  39.238923    33.1820    218.951     1.0765      8.232    93.0588 1.9751e+01 -0.5647556    24.9478  0.000e+00
     25.644     25.857    13.1352  39.185338    33.1786    222.024     1.0106      8.228    93.1879 1.8669e+01 -0.4985162    24.9560  0.000e+00
     26.312     26.531    13.1108  39.161406    33.1770    223.123     0.9520      8.223    93.4461 1.7058e+01 -0.4653966    24.9596  0.000e+00
     26.927     27.152    13.0965  39.146947    33.1756    222.689     0.9227      8.219    93.8335 1.6169e+01 -0.5316359    24.9614  0.000e+00
     27.478     27.707    13.0735  39.122896    33.1728    221.775     0.8861      8.219    93.9109 1.5455e+01 -0.4985162    24.9638  0.000e+00
     28.073     28.306    13.0504  39.100961    33.1720    222.692     0.8567      8.214    94.2208 1.4444e+01 -0.4653966    24.9677  0.000e+00
     28.828     29.068    13.0392  39.090220    33.1714    221.417     0.8128      8.214    94.3757 1.3049e+01 -0.4653966    24.9695  0.000e+00
     29.686     29.933    13.0364  39.087090    33.1705    220.874     0.7322      8.214    94.5565 1.1788e+01 -0.4653966    24.9694  0.000e+00
     30.450     30.704    13.0342  39.084983    33.1701    220.351     0.7176      8.210    94.6598 1.1267e+01 -0.5316359    24.9696  0.000e+00
     31.050     31.309    13.0310  39.081853    33.1697    220.229     0.7542      8.210    94.7889 1.0892e+01 -0.7634735    24.9699  0.000e+00
     31.645     31.909    13.0188  39.075270    33.1739    221.365     0.7688      8.210    94.9696 1.0092e+01 -0.7303538    24.9756  0.000e+00
     32.302     32.571    13.0168  39.076744    33.1768    220.498     0.7176      8.210    95.0729 9.2197e+00 -0.6309949    24.9782  0.000e+00
     32.960     33.235    13.0227  39.087041    33.1811    219.379     0.6956      8.210    95.2537 8.5664e+00 -0.7634735    24.9804  0.000e+00
     33.606     33.886    13.0158  39.093759    33.1933    218.212     0.6663      8.210    95.2795 8.1643e+00 -0.7634735    24.9912  0.000e+00
     34.315     34.602    12.8793  38.975920    33.2010    217.629     0.6370      8.206    95.3053 7.5854e+00 -0.7634735    25.0241  0.000e+00
     35.076     35.368    12.7619  38.872641    33.2057    214.413     0.5784      8.201    95.3311 6.9482e+00 -0.7634735    25.0508  0.000e+00
     35.753     36.051    12.5518  38.681244    33.2079    211.550     0.5344      8.193    95.5893 6.5657e+00 -0.7634735    25.0933  0.000e+00
     36.360     36.664    12.2402  38.390191    33.2040    207.796     0.5051      8.185    95.7701 6.1689e+00 -0.7303538    25.1499  0.000e+00
     37.061     37.371    11.9830  38.157440    33.2074    203.715     0.4611      8.172    95.8734 5.6340e+00 -0.7303538    25.2011  0.000e+00
     37.887     38.203    11.9020  38.079204    33.2032    199.581     0.4172      8.158    95.9250 5.0870e+00 -0.6641145    25.2131  0.000e+00
     38.674     38.997    11.8306  38.011147    33.2005    196.169     0.3952      8.154    95.9250 4.7655e+00 -0.5316359    25.2243  0.000e+00
     39.241     39.569    11.8049  37.984976    33.1977    194.836     0.3952      8.149    95.8734 4.6320e+00 -0.7303538    25.2269  0.000e+00
     39.755     40.087    11.7737  37.953882    33.1951    194.232     0.4318      8.145    95.8476 4.4010e+00 -0.7303538    25.2307  0.000e+00
     40.429     40.767    11.6532  37.835033    33.1866    194.625     0.4245      8.141    95.8217 4.0068e+00 -0.7303538    25.2463  0.000e+00
     41.168     41.513    11.2458  37.462275    33.1862    195.860     0.3659      8.128    95.5893 3.6788e+00 -0.5978752    25.3202  0.000e+00
     41.776     42.126    11.0568  37.292324    33.1884    193.650     0.3732      8.105    95.4861 3.5349e+00 -0.7303538    25.3558  0.000e+00
     42.380     42.735    10.6976  36.951401    33.1742    190.188     0.3952      8.088    95.1762 3.3485e+00 -0.6972342    25.4081  0.000e+00
     43.165     43.526    10.3390  36.637582    33.1856    185.072     0.3513      8.047    94.9180 3.0215e+00 -0.6972342    25.4789  0.000e+00
     44.041     44.409    10.2693  36.573553    33.1843    178.175     0.2707      8.024    94.0917 2.7338e+00  0.7600308    25.4898  0.000e+00
     44.823     45.198    10.2238  36.529046    33.1806    172.724     0.2121      8.014    93.3429 2.6040e+00  1.5217829    25.4946  0.000e+00
     45.444     45.824    10.1389  36.451783    33.1800    169.266     0.1974      8.005    92.8264 2.4731e+00  1.7536205    25.5085  0.000e+00
     45.960     46.345    10.1201  36.432820    33.1777    167.726     0.1681      7.996    92.5940 2.3152e+00  1.3561846    25.5099  0.000e+00
     46.478     46.867    10.0775  36.392109    33.1753    167.020     0.1461      7.991    92.2067 2.1734e+00  2.3828940    25.5152  0.000e+00
     47.131     47.526    10.0417  36.357503    33.1727    166.696     0.1095      7.987    92.0001 1.9766e+00  3.0784068    25.5192  0.000e+00
     47.874     48.275    10.0076  36.324960    33.1706    166.438     0.0948      7.982    91.7677 1.7919e+00  3.6414410    25.5233  0.000e+00
     48.583     48.990     9.9878  36.306832    33.1701    166.362     0.0875      7.973    91.2255 1.6816e+00  3.2771248    25.5262  0.000e+00
     49.299     49.712     9.9667  36.287776    33.1698    166.623     0.0948      7.973    90.6832 1.5687e+00  3.3102444    25.5295  0.000e+00
     50.080     50.500     9.9438  36.266986    33.1693    166.528     0.0655      7.968    90.2442 1.4213e+00  4.9993470    25.5330  0.000e+00
     50.783     51.209     9.9298  36.253895    33.1685    165.870     0.0582      7.964    89.7795 1.3062e+00  6.0922957    25.5347  0.000e+00
     51.378     51.809     9.9257  36.249740    33.1678    164.908     0.0729      7.959    89.5212 1.2214e+00  4.9662274    25.5348  0.000e+00
     52.047     52.484     9.9217  36.245957    33.1674    164.378     0.0729      7.959    89.4696 1.0991e+00  5.5292615    25.5352  0.000e+00
     52.797     53.240     9.9177  36.242113    33.1668    164.282     0.0582      7.954    89.2114 9.7706e-01  5.9598171    25.5354  0.000e+00
     53.443     53.891     9.9150  36.239386    33.1662    163.912     0.0509      7.954    88.8499 9.0477e-01  5.8273385    25.5354  0.000e+00
     53.993     54.447     9.9131  36.237402    33.1657    163.702     0.0655      7.950    88.6949 8.5265e-01  4.8337487    25.5353  0.000e+00
     54.635     55.093     9.9075  36.233310    33.1664    163.506     0.0655      7.950    88.5658 7.7512e-01  6.2247744    25.5368  0.000e+00
     55.355     55.820     9.8965  36.225435    33.1682    163.063     0.0362      7.945    88.3851 6.9793e-01  6.0591761    25.5401  0.000e+00
     56.090     56.561     9.8941  36.223762    33.1683    162.591     0.0216      7.940    87.8170 6.3180e-01  6.1585350    25.5406  0.000e+00
     56.882     57.360     9.8918  36.221656    33.1680    161.688    -0.0004      7.940    87.4813 5.6805e-01  6.5228513    25.5407  0.000e+00
     57.712     58.197     9.8882  36.218992    33.1681    161.222     0.0216      7.940    87.3006 5.0092e-01  6.3241333    25.5414  0.000e+00
     58.431     58.922     9.8856  36.217134    33.1684    161.018     0.0362      7.936    87.3522 4.4664e-01  6.4234923    25.5421  0.000e+00
     58.904     59.399     9.8848  36.216515    33.1683    160.534     0.0143      7.936    87.4297 4.1564e-01  6.4897316    25.5421  0.000e+00
     59.335     59.833     9.8839  36.215648    33.1680    160.484     0.0216      7.931    87.1715 3.8658e-01  6.3241333    25.5421  0.000e+00
     59.989     60.493     9.8818  36.214472    33.1684    160.441     0.0143      7.931    86.9391 3.4581e-01  5.4299026    25.5428  0.000e+00
     60.833     61.345     9.8803  36.213235    33.1682    160.133    -0.0004      7.931    86.9649 2.9895e-01  6.2578940    25.5429  0.000e+00
     61.641     62.159     9.8798  36.213238    33.1683    159.821    -0.0077      7.931    86.9132 2.6906e-01  6.1585350    25.5430  0.000e+00
     62.322     62.847     9.8790  36.213116    33.1685    159.940    -0.0077      7.926    86.9907 2.4751e-01  5.8604581    25.5434  0.000e+00
     62.973     63.503     9.8788  36.213242    33.1686    159.623    -0.0077      7.926    87.0165 2.2742e-01  6.2247744    25.5435  0.000e+00
     63.671     64.207     9.8786  36.213307    33.1685    159.039    -0.0150      7.926    87.0165 1.9877e-01  7.1190051    25.5435  0.000e+00
     64.418     64.960     9.8765  36.211511    33.1683    159.165    -0.0004      7.921    86.9907 1.7560e-01  7.0196462    25.5436  0.000e+00
     65.126     65.675     9.8750  36.210335    33.1682    159.287    -0.0150      7.921    86.9649 1.5632e-01  6.8209282    25.5438  0.000e+00
     65.655     66.208     9.8749  36.210585    33.1682    159.133    -0.0150      7.921    87.0424 1.4028e-01  7.0858855    25.5439  0.000e+00
     66.117     66.674     9.8747  36.210524    33.1682    158.978    -0.0150      7.921    87.0165 1.3047e-01  6.6222103    25.5439  0.000e+00
     66.771     67.333     9.8693  36.209163    33.1715    158.841    -0.0150      7.921    87.0424 1.1507e-01  6.1254154    25.5474  0.000e+00
     67.589     68.158     9.8615  36.206872    33.1759    158.715    -0.0297      7.917    86.7325 9.8913e-02  5.8604581    25.5521  0.000e+00
     68.310     68.886     9.8552  36.204704    33.1792    157.714    -0.0370      7.912    84.9766 9.0854e-02  6.3241333    25.5557  0.000e+00
     68.846     69.426     9.8544  36.204334    33.1793    155.824    -0.0297      7.907    82.1620 8.2866e-02  6.3241333    25.5560  0.000e+00
     69.474     70.060     9.8535  36.204088    33.1796    154.473    -0.0224      7.903    80.6127 7.5336e-02  5.8935778    25.5564  0.000e+00
     70.324     70.917     9.8530  36.204153    33.1798    153.663    -0.0150      7.903    78.7278 5.9100e-02  5.8604581    25.5566  0.000e+00
     71.157     71.758     9.8527  36.204218    33.1797    152.852    -0.0224      7.903    76.4038 4.7658e-02  6.1254154    25.5566  0.000e+00
     71.740     72.346     9.8529  36.204406    33.1795    152.904    -0.0224      7.903    75.2935 4.3688e-02  6.8871675    25.5564  0.000e+00
     72.208     72.818     9.8531  36.204718    33.1794    152.955    -0.0297      7.898    75.3451 3.8894e-02  6.5890906    25.5564  0.000e+00
