Arg_L2_F4_NV.cnv
* Sea-Bird SBE 9 Data File:
* FileName = S:\CTD_Data\CTD\Data\Argentina 2014\Data\Arg_L2_F4.hex
* Software Version Seasave V 7.21g
* Temperature SN = 5769
* Conductivity SN = 4244
* Number of Bytes Per Scan = 31
* Number of Voltage Words = 4
* Number of Scans Averaged by the Deck Unit = 24
* NMEA Latitude = 46 32.13 S
* NMEA Longitude = 065 54.04 W
* NMEA UTC (Time) = Feb 06 2014 01:28:36
* NMEA baud rate = 9600
** R/V Coriolis II
** MARES project, ARGENTINA 2014
** Chief scientist : Dr. Gustavo Ferreyra
** Co-Chief scientist : Dr. José Luis Esteves
# nquan = 13
# nvalues = 358                                   
# units = specified
# name 0 = depSM: Depth [salt water, m]
# name 1 = prDM: Pressure, Digiquartz [db]
# name 2 = t090C: Temperature [ITS-90, deg C]
# name 3 = c0mS/cm: Conductivity [mS/cm]
# name 4 = sal00: Salinity, Practical [PSU]
# name 5 = sbeox0Mm/Kg: Oxygen, SBE 43 [umol/Kg]
# name 6 = flECO-AFL: Fluorescence, WET Labs ECO-AFL/FL [mg/m^3]
# name 7 = ph: pH
# name 8 = CStarTr0: Beam Transmission, WET Labs C-Star [%]
# name 9 = par: PAR/Irradiance, Biospherical/Licor
# name 10 = upoly0: Upoly 0, Nitrate
# name 11 = sigma-é00: Density [sigma-theta, Kg/m^3]
# name 12 = flag:  0.000e+00
# span 0 =     -0.281,     86.467                 
# span 1 =     -0.284,     87.205                 
# span 2 =    10.8184,    12.6477                 
# span 3 =   5.881760,  38.689765                 
# span 4 =     4.3069,    33.2018                 
# span 5 =    183.786,    270.603                 
# span 6 =    -0.1249,     0.4172                 
# span 7 =      8.008,      8.175                 
# span 8 =    71.5493,    96.0800                 
# span 9 = 1.0000e-12, 1.0063e+00                 
# span 10 = -0.7634735,  6.3903726                
# span 11 =     2.7971,    25.4088                
# span 12 = 0.0000e+00, 0.0000e+00                
# interval = seconds: 1
# start_time = Feb 06 2014 01:28:36 [NMEA time, header]
# bad_flag = -9.990e-29
*END*
      1.809      1.824    12.6252  38.669200    33.1459    224.318     0.3439      8.090    95.7185 2.4712e-02 -0.6309949    25.0301  0.000e+00
      1.617      1.631    12.6253  38.669009    33.1457    224.312     0.3439      8.090    95.7443 2.8080e-02 -0.6309949    25.0300  0.000e+00
      1.152      1.162    12.6267  38.670344    33.1459    223.175     0.2780      8.095    95.6668 1.3173e-03 -0.6309949    25.0298  0.000e+00
      1.289      1.300    12.6284  38.671299    33.1453    224.289     0.3439      8.099    95.2020 1.1775e-03 -0.6309949    25.0290  0.000e+00
      1.590      1.604    12.6273  38.671110    33.1459    224.582     0.3073      8.099    95.1762 9.1555e-03 -0.6309949    25.0297  0.000e+00
      1.441      1.453    12.6266  38.670218    33.1458    223.557     0.3219      8.099    95.6410 3.2735e-02 -0.6309949    25.0298  0.000e+00
      1.142      1.152    12.6267  38.670153    33.1457    224.137     0.3219      8.104    95.6410 6.0045e-03 -0.5316359    25.0296  0.000e+00
      1.390      1.402    12.6266  38.670409    33.1460    223.990     0.3659      8.109    95.6668 2.4498e-03 -0.5647556    25.0299  0.000e+00
      1.616      1.629    12.6278  38.671428    33.1458    224.890     0.3659      8.109    95.6668 1.7482e-02 -0.4985162    25.0295  0.000e+00
      1.564      1.577    12.6265  38.670154    33.1457    223.996     0.3146      8.109    95.6926 2.2484e-02 -0.5978752    25.0297  0.000e+00
      1.496      1.508    12.6280  38.671746    33.1460    223.706     0.3219      8.109    95.7185 2.5748e-02 -0.4653966    25.0296  0.000e+00
      1.647      1.660    12.6319  38.675503    33.1461    225.089     0.3219      8.109    95.7185 3.5996e-02 -0.4653966    25.0290  0.000e+00
      1.555      1.568    12.6370  38.680087    33.1459    224.844     0.3000      8.109    95.3311 3.5522e-02 -0.4985162    25.0278  0.000e+00
      1.393      1.405    12.6477  38.689765    33.1459    222.867     0.2926      8.113    95.6152 4.2146e-02 -0.4653966    25.0257  0.000e+00
      1.370      1.382    12.6435  38.685817    33.1458    225.117     0.3952      8.113    95.6152 4.3947e-02 -0.5316359    25.0265  0.000e+00
      1.332      1.344    12.6417  38.684543    33.1462    224.506     0.3439      8.113    95.7185 4.7658e-02 -0.5978752    25.0271  0.000e+00
      1.194      1.204    12.6367  38.678876    33.1452    225.454     0.3073      8.113    95.6410 2.0988e-04 -0.5978752    25.0273  0.000e+00
      1.328      1.339    12.6315  38.674674    33.1457    224.120     0.3073      8.118    95.7185 3.3161e-03 -0.5978752    25.0288  0.000e+00
      1.561      1.574    12.6263  38.670091    33.1458    224.706     0.3219      8.123    95.7185 3.5758e-02 -0.5978752    25.0298  0.000e+00
      1.955      1.971    12.6267  38.670665    33.1459    224.160     0.3146      8.123    95.6926 2.7011e-02 -0.5978752    25.0298  0.000e+00
      2.662      2.684    12.6282  38.672451    33.1460    223.829     0.2853      8.127    95.6668 2.6588e-02 -0.5978752    25.0296  0.000e+00
      3.178      3.204    12.6267  38.671179    33.1458    224.940     0.2853      8.127    95.6668 6.2223e-04 -0.5647556    25.0298  0.000e+00
      3.492      3.521    12.6242  38.669207    33.1460    223.407     0.3146      8.127    95.7185 1.0000e-12 -0.5316359    25.0305  0.000e+00
      3.981      4.014    12.6241  38.669336    33.1460    224.167     0.2926      8.132    95.6152 1.0000e-12 -0.5647556    25.0305  0.000e+00
      4.670      4.709    12.6231  38.668511    33.1459    224.473     0.2926      8.132    95.5635 1.0000e-12 -0.4653966    25.0306  0.000e+00
      5.264      5.308    12.6209  38.666476    33.1456    224.810     0.3000      8.132    95.6668 1.0000e-12 -0.4985162    25.0308  0.000e+00
      5.874      5.923    12.6188  38.664377    33.1452    223.565     0.3366      8.137    95.5893 1.0000e-12 -0.6309949    25.0309  0.000e+00
      6.739      6.796    12.6182  38.663871    33.1449    223.529     0.3073      8.137    95.6926 1.0000e-12 -0.5316359    25.0308  0.000e+00
      7.671      7.735    12.6143  38.659482    33.1437    224.076     0.2926      8.137    95.7443 1.0000e-12 -0.6309949    25.0307  0.000e+00
      8.348      8.417    12.6122  38.657702    33.1436    224.633     0.2926      8.141    95.5893 1.0000e-12 -0.6641145    25.0310  0.000e+00
      8.811      8.885    12.6038  38.649747    33.1432    224.532     0.3293      8.141    95.4602 1.0000e-12 -0.5316359    25.0323  0.000e+00
      9.336      9.413    12.6093  38.655796    33.1439    223.709     0.3366      8.141    95.6668 1.0000e-12 -0.6309949    25.0319  0.000e+00
      9.973     10.056    12.6122  38.658854    33.1440    223.186     0.3146      8.141    95.7443 1.0000e-12 -0.4653966    25.0314  0.000e+00
     10.611     10.700    12.6149  38.662040    33.1444    223.409     0.3000      8.141    95.5377 1.0000e-12 -0.4985162    25.0312  0.000e+00
     11.216     11.310    12.6146  38.661978    33.1443    222.745     0.3073      8.141    95.6668 1.0000e-12 -0.5978752    25.0312  0.000e+00
     11.776     11.874    12.6152  38.662999    33.1445    223.131     0.3000      8.146    95.7701 1.0000e-12 -0.4653966    25.0313  0.000e+00
     12.268     12.370    12.6179  38.665866    33.1448    223.415     0.3366      8.146    95.7701 1.0000e-12 -0.4322769    25.0309  0.000e+00
     12.870     12.978    12.6177  38.665932    33.1447    222.467     0.3146      8.146    95.7443 1.0000e-12 -0.5316359    25.0310  0.000e+00
     13.701     13.815    12.6176  38.666126    33.1446    221.962     0.3146      8.146    95.7443 1.0000e-12 -0.4653966    25.0309  0.000e+00
     14.630     14.752    12.6049  38.653270    33.1432    222.488     0.3000      8.146    95.7443 1.0000e-12 -0.4985162    25.0323  0.000e+00
     15.431     15.560    12.6032  38.651745    33.1429    224.079     0.2853      8.151    95.7959 1.0000e-12 -0.5647556    25.0324  0.000e+00
     15.961     16.095    12.5940  38.642263    33.1417    223.766     0.3659      8.151    95.7701 1.0000e-12 -0.5316359    25.0333  0.000e+00
     16.372     16.509    12.5975  38.646020    33.1420    223.102     0.3659      8.151    95.7959 1.0000e-12 -0.5316359    25.0329  0.000e+00
     16.854     16.995    12.5970  38.645576    33.1419    222.590     0.3293      8.151    94.9180 1.0000e-12 -0.4653966    25.0329  0.000e+00
     17.391     17.537    12.5960  38.644560    33.1416    222.984     0.3732      8.151    95.7185 1.0000e-12 -0.4653966    25.0328  0.000e+00
     17.968     18.119    12.5867  38.635397    33.1407    223.110     0.3806      8.151    95.6668 1.0000e-12 -0.5978752    25.0340  0.000e+00
     18.602     18.758    12.5875  38.637245    33.1415    223.652     0.2780      8.151    95.5635 1.0000e-12 -0.4653966    25.0344  0.000e+00
     19.276     19.438    12.5880  38.637502    33.1410    222.017     0.2926      8.151    95.6926 1.0000e-12 -0.4653966    25.0340  0.000e+00
     20.010     20.177    12.5843  38.634196    33.1408    221.615     0.3219      8.151    95.7443 1.0000e-12 -0.4653966    25.0346  0.000e+00
     20.824     20.999    12.5869  38.636935    33.1408    222.350     0.2780      8.155    95.5635 1.0000e-12 -0.4653966    25.0341  0.000e+00
     21.716     21.898    12.5834  38.633502    33.1402    222.392     0.3073      8.151    95.5893 1.0000e-12 -0.3329179    25.0343  0.000e+00
     22.460     22.648    12.5770  38.627904    33.1402    222.288     0.2707      8.156    95.6152 1.0000e-12 -0.2004393    25.0355  0.000e+00
     22.890     23.082    12.5711  38.621861    33.1395    223.455     0.3073      8.156    95.6410 1.0000e-12 -0.4653966    25.0362  0.000e+00
     23.143     23.337    12.5714  38.622434    33.1397    222.180     0.3366      8.156    95.7701 1.0000e-12 -0.6972342    25.0362  0.000e+00
     23.463     23.660    12.5679  38.618936    33.1392    222.671     0.3146      8.156    95.6668 1.0000e-12 -0.7303538    25.0366  0.000e+00
     24.002     24.204    12.5664  38.617347    33.1389    222.824     0.2780      8.156    95.7701 1.0000e-12 -0.5316359    25.0366  0.000e+00
     24.766     24.974    12.5617  38.613468    33.1390    223.334     0.2633      8.156    95.7185 1.0000e-12 -0.4653966    25.0376  0.000e+00
     25.689     25.905    12.5585  38.610672    33.1387    223.065     0.2633      8.156    95.7185 1.0000e-12 -0.4653966    25.0380  0.000e+00
     26.641     26.865    12.5484  38.602087    33.1390    222.853     0.2560      8.156    95.7701 1.0000e-12 -0.4653966    25.0403  0.000e+00
     27.413     27.643    12.5522  38.605907    33.1390    223.674     0.2633      8.156    95.7443 1.0000e-12 -0.4985162    25.0395  0.000e+00
     27.878     28.112    12.5569  38.610553    33.1391    223.445     0.2780      8.156    95.8476 1.0000e-12 -0.7303538    25.0387  0.000e+00
     28.251     28.488    12.5584  38.612082    33.1391    222.852     0.3146      8.156    95.7701 1.0000e-12 -0.7634735    25.0385  0.000e+00
     28.760     29.002    12.5534  38.607439    33.1388    222.890     0.3000      8.160    95.7185 1.0000e-12 -0.7634735    25.0392  0.000e+00
     29.375     29.621    12.5612  38.614886    33.1388    223.467     0.2707      8.160    95.7701 1.0000e-12 -0.5647556    25.0377  0.000e+00
     29.992     30.244    12.5198  38.575255    33.1371    223.307     0.2707      8.160    95.8217 1.0000e-12 -0.5978752    25.0444  0.000e+00
     30.668     30.926    12.4936  38.549247    33.1350    222.854     0.2633      8.161    95.8476 1.0000e-12 -0.5647556    25.0478  0.000e+00
     31.427     31.691    12.4648  38.524073    33.1360    223.231     0.2340      8.161    95.8734 1.0000e-12 -0.4653966    25.0541  0.000e+00
     32.162     32.432    12.4598  38.521025    33.1372    222.740     0.2340      8.156    95.8476 1.0000e-12 -0.6972342    25.0561  0.000e+00
     32.807     33.083    12.4593  38.520900    33.1372    222.382     0.2340      8.161    95.7959 1.0000e-12 -0.7634735    25.0562  0.000e+00
     33.442     33.723    12.4574  38.519568    33.1374    222.854     0.2340      8.161    95.7959 1.0000e-12 -0.7634735    25.0567  0.000e+00
     34.156     34.444    12.4572  38.519761    33.1375    223.098     0.2194      8.161    95.8734 1.0000e-12 -0.7634735    25.0568  0.000e+00
     34.904     35.198    12.4564  38.519510    33.1376    223.123     0.2121      8.161    96.0025 1.0000e-12 -0.6309949    25.0571  0.000e+00
     35.489     35.788    12.4559  38.519321    33.1376    222.385     0.2121      8.161    96.0025 1.0000e-12 -0.7303538    25.0572  0.000e+00
     35.913     36.215    12.4563  38.520149    33.1378    222.773     0.2194      8.156    96.0025 1.0000e-12 -0.7634735    25.0573  0.000e+00
     36.500     36.807    12.4573  38.521550    33.1381    223.230     0.2340      8.161    96.0025 1.0000e-12 -0.7634735    25.0573  0.000e+00
     37.362     37.676    12.4585  38.523270    33.1383    222.647     0.1974      8.161    96.0025 1.0000e-12 -0.6641145    25.0573  0.000e+00
     38.220     38.542    12.4590  38.524226    33.1385    222.669     0.1901      8.161    96.0541 1.0000e-12 -0.4985162    25.0574  0.000e+00
     38.696     39.022    12.4590  38.524292    33.1383    222.905     0.1901      8.161    96.0283 1.0000e-12 -0.7634735    25.0573  0.000e+00
     39.045     39.374    12.4593  38.524802    33.1384    222.914     0.2194      8.161    96.0283 1.0000e-12 -0.7634735    25.0573  0.000e+00
     39.731     40.066    12.4603  38.526330    33.1387    222.928     0.2267      8.161    96.0283 1.0000e-12 -0.6972342    25.0573  0.000e+00
     40.657     41.000    12.4613  38.528241    33.1392    222.570     0.1974      8.161    96.0025 1.0000e-12 -0.4653966    25.0575  0.000e+00
     41.566     41.917    12.4633  38.531550    33.1402    222.584     0.1901      8.161    96.0025 1.0000e-12 -0.4653966    25.0580  0.000e+00
     42.224     42.580    12.4651  38.534414    33.1412    222.816     0.1974      8.161    96.0025 1.0000e-12 -0.7303538    25.0584  0.000e+00
     42.740     43.100    12.4670  38.537086    33.1418    222.821     0.2047      8.161    96.0025 1.0000e-12 -0.7634735    25.0585  0.000e+00
     43.289     43.654    12.4689  38.539695    33.1424    222.827     0.2121      8.161    96.0283 1.0000e-12 -0.7634735    25.0586  0.000e+00
     43.884     44.254    12.4696  38.540842    33.1427    223.219     0.1901      8.161    95.9250 1.0000e-12 -0.7634735    25.0587  0.000e+00
     44.516     44.892    12.4684  38.541289    33.1439    223.241     0.1754      8.161    96.0283 1.0000e-12 -0.7634735    25.0599  0.000e+00
     45.178     45.560    12.4573  38.532454    33.1449    223.087     0.1608      8.161    96.0800 1.0000e-12 -0.7634735    25.0628  0.000e+00
     45.871     46.259    12.4213  38.500675    33.1460    222.895     0.1608      8.161    96.0800 1.0000e-12 -0.7634735    25.0706  0.000e+00
     46.592     46.985    12.4051  38.485807    33.1457    222.612     0.1388      8.161    95.8734 1.0000e-12 -0.7634735    25.0735  0.000e+00
     47.356     47.755    12.3758  38.458935    33.1454    221.853     0.1461      8.161    95.9508 1.0000e-12 -0.7303538    25.0789  0.000e+00
     48.158     48.565    12.3540  38.439437    33.1457    221.439     0.1461      8.156    95.9767 1.0000e-12 -0.7303538    25.0833  0.000e+00
     48.957     49.371    12.3291  38.417023    33.1458    221.490     0.1168      8.157    95.8476 1.0000e-12 -0.7303538    25.0881  0.000e+00
     49.679     50.099    12.3026  38.393217    33.1460    221.320     0.1168      8.157    95.6668 1.0000e-12 -0.7303538    25.0934  0.000e+00
     50.215     50.640    12.2920  38.383760    33.1461    220.688     0.1388      8.157    95.6668 1.0000e-12 -0.7303538    25.0955  0.000e+00
     50.620     51.048    12.2722  38.365482    33.1458    220.478     0.1388      8.152    95.6152 1.0000e-12 -0.7303538    25.0990  0.000e+00
     51.205     51.637    12.2550  38.350001    33.1459    220.104     0.1168      8.152    95.3569 1.0000e-12 -0.7303538    25.1024  0.000e+00
     52.009     52.448    12.2371  38.333126    33.1452    219.513     0.1168      8.152    95.5119 1.0000e-12 -0.7303538    25.1053  0.000e+00
     52.842     53.289    12.2229  38.319807    33.1445    219.131     0.0875      8.152    95.4861 1.0000e-12 -0.6972342    25.1075  0.000e+00
     53.536     53.989    12.2003  38.299450    33.1446    219.169     0.1535      8.152    95.3828 1.0000e-12 -0.6972342    25.1119  0.000e+00
     54.176     54.634    12.1779  38.279223    33.1447    219.204     0.1168      8.148    95.3053 1.0000e-12 -0.6641145    25.1161  0.000e+00
     54.928     55.392    12.1200  38.228197    33.1465    219.176     0.0875      8.148    95.2795 1.0000e-12 -0.1673197    25.1285  0.000e+00
     55.713     56.185    12.0766  38.188030    33.1459    218.697     0.0802      8.144    95.2020 1.0000e-12  0.1638769    25.1363  0.000e+00
     56.389     56.866    12.0179  38.133190    33.1446    217.508     0.0729      8.144    94.9180 1.0000e-12 -0.6309949    25.1463  0.000e+00
     56.969     57.452    11.9720  38.091163    33.1445    216.481     0.0729      8.139    94.7631 1.0000e-12 -0.3329179    25.1548  0.000e+00
     57.622     58.110    11.9340  38.056303    33.1442    215.881     0.0802      8.139    94.4274 1.0000e-12 -0.3660376    25.1617  0.000e+00
     58.274     58.767    11.9158  38.040302    33.1446    215.191     0.0729      8.135    93.8593 1.0000e-12 -0.4653966    25.1655  0.000e+00
     58.842     59.340    11.9058  38.031766    33.1449    214.460     0.0655      8.130    93.1879 1.0000e-12 -0.6641145    25.1676  0.000e+00
     59.422     59.926    11.8933  38.020639    33.1450    213.741     0.0582      8.130    93.3170 1.0000e-12 -0.1010803    25.1700  0.000e+00
     60.142     60.652    11.8777  38.007236    33.1455    213.429     0.0655      8.130    93.3170 1.0000e-12  0.4288342    25.1733  0.000e+00
     61.026     61.543    11.8598  37.991245    33.1457    213.526     0.0655      8.130    93.2137 1.0000e-12  0.6937915    25.1768  0.000e+00
