Arg_Leg3_G12_NV.cnv
* Sea-Bird SBE 9 Data File:
* FileName = S:\CTD_Data\CTD\Data\Argentina 2014\Data\Leg3\Arg_Leg3_G12.hex
* Software Version Seasave V 7.21g
* Temperature SN = 5769
* Conductivity SN = 4244
* Number of Bytes Per Scan = 31
* Number of Voltage Words = 4
* Number of Scans Averaged by the Deck Unit = 24
* NMEA Latitude = 46 37.85 S
* NMEA Longitude = 065 25.72 W
* NMEA UTC (Time) = Feb 12 2014 05:09:12
* NMEA baud rate = 9600
** R/V Coriolis II
** MARES project, ARGENTINA 2014
** Chief scientist : Dr. Gustavo Ferreyra
** Co-Chief scientist : Dr. José Luis Esteves
# nquan = 13
# nvalues = 546                                   
# units = specified
# name 0 = depSM: Depth [salt water, m]
# name 1 = prDM: Pressure, Digiquartz [db]
# name 2 = t090C: Temperature [ITS-90, deg C]
# name 3 = c0mS/cm: Conductivity [mS/cm]
# name 4 = sal00: Salinity, Practical [PSU]
# name 5 = sbeox0Mm/Kg: Oxygen, SBE 43 [umol/Kg]
# name 6 = flECO-AFL: Fluorescence, WET Labs ECO-AFL/FL [mg/m^3]
# name 7 = ph: pH
# name 8 = CStarTr0: Beam Transmission, WET Labs C-Star [%]
# name 9 = par: PAR/Irradiance, Biospherical/Licor
# name 10 = upoly0: Upoly 0, Nitrate
# name 11 = sigma-é00: Density [sigma-theta, Kg/m^3]
# name 12 = flag:  0.000e+00
# span 0 =     -0.126,     77.379                 
# span 1 =     -0.128,     78.039                 
# span 2 =    11.8620,    12.7471                 
# span 3 =   2.566153,  38.735874                 
# span 4 =     1.7816,    33.1091                 
# span 5 =    210.742,    263.170                 
# span 6 =    -0.1249,     0.9227                 
# span 7 =      7.852,      8.108                 
# span 8 =    76.3522,    93.2137                 
# span 9 = 1.0000e-12, 6.1480e-01                 
# span 10 = -0.7634735, -0.3991573                
# span 11 =     0.8357,    25.1479                
# span 12 = 0.0000e+00, 0.0000e+00                
# interval = seconds: 1
# start_time = Feb 12 2014 05:09:12 [NMEA time, header]
# bad_flag = -9.990e-29
*END*
[from data line 223]
     76.780     77.434    11.8889  37.985166    33.1072    215.449     0.2707      8.083    91.1997 1.0000e-12 -0.6309949    25.1418  0.000e+00
     76.729     77.383    11.8885  37.984850    33.1072    215.056     0.2853      8.088    91.0964 1.0000e-12 -0.6309949    25.1419  0.000e+00
     76.815     77.470    11.8873  37.983839    33.1073    215.223     0.3000      8.088    91.2255 1.0000e-12 -0.6309949    25.1422  0.000e+00
     76.890     77.546    11.8874  37.983966    33.1073    215.459     0.3000      8.088    91.1997 1.0000e-12 -0.6309949    25.1422  0.000e+00
     76.890     77.546    11.8879  37.984408    33.1073    215.222     0.2780      8.088    91.1222 1.0000e-12 -0.6309949    25.1421  0.000e+00
     76.947     77.603    11.8798  37.977139    33.1074    215.261     0.2633      8.088    91.0964 1.0000e-12 -0.6309949    25.1437  0.000e+00
     77.021     77.677    11.8772  37.975623    33.1082    215.274     0.2780      8.088    90.9414 1.0000e-12 -0.6309949    25.1448  0.000e+00
     76.920     77.576    11.8805  37.978087    33.1077    215.256     0.2707      8.088    90.9414 1.0000e-12 -0.6309949    25.1438  0.000e+00
     76.798     77.453    11.8802  37.977644    33.1075    214.861     0.3073      8.088    90.9156 1.0000e-12 -0.6309949    25.1437  0.000e+00
     76.863     77.519    11.8815  37.978909    33.1076    215.251     0.3146      8.088    91.0189 1.0000e-12 -0.6309949    25.1436  0.000e+00
     76.947     77.603    11.8818  37.979225    33.1077    215.486     0.2926      8.088    90.9931 1.0000e-12 -0.6309949    25.1436  0.000e+00
     76.849     77.504    11.8822  37.979414    33.1075    215.247     0.2560      8.088    91.0447 1.0000e-12 -0.6309949    25.1433  0.000e+00
     76.694     77.348    11.8791  37.976696    33.1077    214.864     0.2633      8.088    91.0189 1.0000e-12 -0.6309949    25.1441  0.000e+00
     76.672     77.325    11.8778  37.975811    33.1080    214.869     0.3000      8.088    90.9931 1.0000e-12 -0.6309949    25.1445  0.000e+00
     76.716     77.369    11.8724  37.970755    33.1078    215.130     0.3366      8.088    90.8640 1.0000e-12 -0.6309949    25.1454  0.000e+00
     76.774     77.428    11.8674  37.966710    33.1084    215.154     0.3146      8.088    90.7349 1.0000e-12 -0.6309949    25.1468  0.000e+00
     77.008     77.664    11.8662  37.965953    33.1086    215.165     0.2780      8.088    90.6832 1.0000e-12 -0.6309949    25.1472  0.000e+00
     77.370     78.029    11.8729  37.971579    33.1080    215.146     0.3073      8.088    90.6058 1.0000e-12 -0.6309949    25.1455  0.000e+00
     77.379     78.039    11.8700  37.969051    33.1081    215.159     0.3146      8.088    90.6058 1.0000e-12 -0.6309949    25.1461  0.000e+00
     76.996     77.653    11.8712  37.969998    33.1081    215.143     0.2560      8.088    90.5799 1.0000e-12 -0.6309949    25.1458  0.000e+00
     76.664     77.318    11.8729  37.971197    33.1079    215.127     0.2926      8.088    90.6832 1.0000e-12 -0.6309949    25.1453  0.000e+00
     76.528     77.180    11.8736  37.971702    33.1077    215.513     0.3219      8.088    90.7865 1.0000e-12 -0.6309949    25.1451  0.000e+00
     76.592     77.245    11.8740  37.972018    33.1077    215.513     0.3073      8.088    90.5799 1.0000e-12 -0.6309949    25.1450  0.000e+00
     76.792     77.447    11.8727  37.971008    33.1078    214.896     0.3073      8.088    90.6832 1.0000e-12 -0.6309949    25.1453  0.000e+00
     76.945     77.601    11.8691  37.968101    33.1081    214.917     0.3073      8.088    90.7865 1.0000e-12 -0.6309949    25.1463  0.000e+00
     77.010     77.667    11.8686  37.967786    33.1082    215.156     0.2926      8.088    90.8898 1.0000e-12 -0.6309949    25.1464  0.000e+00
     77.015     77.671    11.8687  37.967722    33.1081    215.156     0.2780      8.088    90.8381 1.0000e-12 -0.6309949    25.1463  0.000e+00
     77.019     77.675    11.8696  37.968418    33.1079    215.152     0.2707      8.088    90.8123 1.0000e-12 -0.6309949    25.1460  0.000e+00
     77.029     77.685    11.8696  37.968418    33.1079    215.152     0.2707      8.088    90.8123 1.0000e-12 -0.6309949    25.1460  0.000e+00
     76.973     77.629    11.8688  37.967785    33.1080    215.154     0.2707      8.088    90.7607 1.0000e-12 -0.6309949    25.1462  0.000e+00
     76.854     77.509    11.8691  37.968038    33.1081    215.149     0.2707      8.088    90.5541 1.0000e-12 -0.6309949    25.1462  0.000e+00
     76.756     77.410    11.8697  37.968480    33.1080    215.144     0.2707      8.088    90.7607 1.0000e-12 -0.6309949    25.1460  0.000e+00
     76.692     77.346    11.8731  37.971450    33.1080    215.127     0.2560      8.088    90.8898 1.0000e-12 -0.6309949    25.1454  0.000e+00
     76.722     77.376    11.8778  37.975432    33.1075    215.107     0.2853      8.088    90.9414 1.0000e-12 -0.6309949    25.1442  0.000e+00
     76.936     77.592    11.8891  37.985673    33.1074    215.061     0.3073      8.088    90.9931 1.0000e-12 -0.6309949    25.1419  0.000e+00
     77.188     77.847    11.8900  37.986179    33.1070    215.064     0.2926      8.088    90.9673 1.0000e-12 -0.6309949    25.1415  0.000e+00
     77.197     77.855    11.8907  37.986748    33.1069    215.061     0.2707      8.088    91.0447 1.0000e-12 -0.6309949    25.1413  0.000e+00
     77.027     77.683    11.8872  37.983777    33.1072    215.073     0.2560      8.088    91.1480 1.0000e-12 -0.6309949    25.1422  0.000e+00
     76.897     77.553    11.8850  37.981943    33.1074    215.079     0.2633      8.088    90.8381 1.0000e-12 -0.6309949    25.1427  0.000e+00
     76.815     77.470    11.8876  37.984155    33.1073    215.065     0.3000      8.088    90.8898 1.0000e-12 -0.6309949    25.1422  0.000e+00
     76.778     77.433    11.8876  37.984028    33.1072    215.457     0.3073      8.088    91.0964 1.0000e-12 -0.6309949    25.1421  0.000e+00
     76.842     77.497    11.8873  37.983649    33.1071    215.461     0.2853      8.088    91.2513 1.0000e-12 -0.6309949    25.1421  0.000e+00
     76.918     77.574    11.8871  37.983776    33.1073    215.229     0.3000      8.088    91.1480 1.0000e-12 -0.6309949    25.1423  0.000e+00
     76.873     77.528    11.8839  37.980742    33.1073    215.243     0.2780      8.088    91.0964 1.0000e-12 -0.6309949    25.1429  0.000e+00
     76.802     77.457    11.8882  37.984724    33.1074    215.221     0.2633      8.088    91.0705 1.0000e-12 -0.6309949    25.1421  0.000e+00
     76.881     77.537    11.8944  37.990034    33.1070    215.195     0.2926      8.088    90.9931 1.0000e-12 -0.6309949    25.1407  0.000e+00
     77.055     77.711    11.8951  37.990730    33.1069    215.197     0.3000      8.088    91.2255 1.0000e-12 -0.6309949    25.1405  0.000e+00
     77.154     77.811    11.8950  37.990604    33.1068    215.200     0.2780      8.088    91.2513 1.0000e-12 -0.6309949    25.1405  0.000e+00
     77.183     77.841    11.8943  37.989909    33.1068    215.597     0.2707      8.088    91.2771 1.0000e-12 -0.6309949    25.1405  0.000e+00
     77.077     77.734    11.8927  37.988707    33.1071    215.208     0.2560      8.088    91.0705 1.0000e-12 -0.6309949    25.1411  0.000e+00
     76.776     77.431    11.8921  37.988074    33.1072    214.968     0.2707      8.088    91.0964 1.0000e-12 -0.6309949    25.1412  0.000e+00
     76.606     77.259    11.8906  37.986683    33.1072    215.205     0.3000      8.088    91.1222 1.0000e-12 -0.6309949    25.1415  0.000e+00
     76.757     77.412    11.8887  37.985229    33.1074    215.217     0.3000      8.088    90.9931 1.0000e-12 -0.6309949    25.1420  0.000e+00
     76.950     77.606    11.8905  37.986937    33.1074    215.608     0.2853      8.088    90.8123 1.0000e-12 -0.6309949    25.1417  0.000e+00
     76.973     77.629    11.8937  37.989529    33.1070    215.987     0.2926      8.088    91.0447 1.0000e-12 -0.6309949    25.1408  0.000e+00
     76.811     77.466    11.8930  37.988770    33.1070    215.359     0.2707      8.088    91.1738 1.0000e-12 -0.6309949    25.1409  0.000e+00
     76.475     77.127    11.8938  37.989337    33.1070    215.111     0.2780      8.088    91.2513 1.0000e-12 -0.6309949    25.1408  0.000e+00
     75.937     76.584    11.8932  37.989019    33.1074    215.333     0.2487      8.088    91.0705 1.0000e-12 -0.6309949    25.1412  0.000e+00
     75.318     75.960    11.9000  37.994517    33.1069    215.285     0.3073      8.088    90.9673 1.0000e-12 -0.6309949    25.1396  0.000e+00
     74.615     75.250    11.8988  37.992870    33.1068    215.272     0.3439      8.088    90.8640 1.0000e-12 -0.6309949    25.1396  0.000e+00
     73.852     74.481    11.8980  37.991919    33.1068    215.255     0.3586      8.088    90.8898 1.0000e-12 -0.6309949    25.1398  0.000e+00
     73.088     73.711    11.8957  37.989514    33.1069    215.245     0.3513      8.088    90.8640 1.0000e-12 -0.6309949    25.1403  0.000e+00
     72.271     72.887    11.8966  37.990080    33.1070    215.218     0.3659      8.088    90.9156 1.0000e-12 -0.6309949    25.1401  0.000e+00
     71.432     72.040    11.8998  37.992542    33.1069    215.180     0.3586      8.088    90.8640 1.0000e-12 -0.6309949    25.1395  0.000e+00
     70.779     71.382    11.9047  37.996586    33.1067    215.140     0.3293      8.088    90.7607 1.0000e-12 -0.6309949    25.1384  0.000e+00
     70.360     70.958    11.9048  37.996395    33.1066    215.521     0.3000      8.088    90.7865 1.0000e-12 -0.6309949    25.1383  0.000e+00
     69.980     70.575    11.9019  37.993801    33.1069    215.524     0.2853      8.088    90.8640 1.0000e-12 -0.6309949    25.1390  0.000e+00
     69.469     70.060    11.9042  37.995949    33.1071    215.265     0.3219      8.088    90.8898 1.0000e-12 -0.6309949    25.1388  0.000e+00
     68.781     69.366    11.9098  37.999992    33.1064    215.613     0.2487      8.088    91.0447 1.0000e-12 -0.6309949    25.1371  0.000e+00
     67.961     68.538    11.9106  38.000495    33.1065    215.587     0.2780      8.088    90.9931 1.0000e-12 -0.6309949    25.1370  0.000e+00
     67.025     67.595    11.9111  38.000428    33.1064    215.325     0.3366      8.088    90.8640 1.0000e-12 -0.6309949    25.1369  0.000e+00
     66.064     66.625    11.9143  38.003143    33.1065    215.284     0.3293      8.088    90.8381 1.0000e-12 -0.6309949    25.1364  0.000e+00
     65.259     65.813    11.9185  38.006175    33.1061    215.243     0.3146      8.088    90.8898 1.0000e-12 -0.6309949    25.1353  0.000e+00
     64.668     65.217    11.9155  38.002506    33.1054    215.633     0.2780      8.088    90.8898 1.0000e-12 -0.6309949    25.1352  0.000e+00
     64.186     64.731    11.9101  37.998395    33.1065    215.252     0.2707      8.088    90.9156 1.0000e-12 -0.6309949    25.1371  0.000e+00
     63.747     64.288    11.9123  38.000163    33.1064    215.388     0.3146      8.088    91.0447 1.0000e-12 -0.6309949    25.1366  0.000e+00
     63.246     63.783    11.9199  38.007053    33.1065    215.572     0.3366      8.088    91.0705 1.0000e-12 -0.6309949    25.1352  0.000e+00
     62.518     63.049    11.9292  38.014448    33.1058    215.278     0.3000      8.088    91.1222 1.0000e-12 -0.6309949    25.1329  0.000e+00
     61.662     62.186    11.9318  38.016405    33.1057    215.633     0.2926      8.088    91.1480 1.0000e-12 -0.6309949    25.1324  0.000e+00
     60.917     61.434    11.9340  38.017730    33.1054    215.212     0.3732      8.088    91.0189 1.0000e-12 -0.6309949    25.1317  0.000e+00
     60.237     60.748    11.9352  38.018676    33.1055    215.346     0.3586      8.088    91.1480 1.0000e-12 -0.6309949    25.1316  0.000e+00
     59.434     59.938    11.9370  38.019748    33.1053    215.549     0.3513      8.088    91.3288 1.0000e-12 -0.6309949    25.1310  0.000e+00
     58.529     59.025    11.9380  38.020503    33.1055    215.286     0.2853      8.088    91.3288 1.0000e-12 -0.6309949    25.1309  0.000e+00
     57.683     58.172    11.9397  38.021575    33.1054    215.256     0.3146      8.088    91.4062 1.0000e-12 -0.6309949    25.1305  0.000e+00
     56.934     57.416    11.9406  38.022015    33.1053    215.231     0.3146      8.088    91.3804 1.0000e-12 -0.6309949    25.1303  0.000e+00
     56.481     56.959    11.9376  38.018978    33.1053    215.233     0.2853      8.088    91.3288 1.0000e-12 -0.6309949    25.1308  0.000e+00
     56.047     56.522    11.9361  38.017585    33.1054    215.618     0.2926      8.088    91.2255 1.0000e-12 -0.6641145    25.1311  0.000e+00
     55.671     56.142    11.9344  38.015877    33.1055    215.615     0.3146      8.088    91.3029 1.0000e-12 -0.6641145    25.1315  0.000e+00
     55.055     55.521    11.9411  38.022071    33.1057    215.335     0.3073      8.088    91.3546 1.0000e-12 -0.6641145    25.1305  0.000e+00
     54.185     54.644    11.9446  38.024281    33.1052    215.296     0.2853      8.088    91.4837 1.0000e-12 -0.6641145    25.1294  0.000e+00
     53.308     53.759    11.9487  38.027693    33.1052    215.643     0.2853      8.088    91.3804 1.0000e-12 -0.6641145    25.1286  0.000e+00
     52.509     52.954    11.9512  38.029461    33.1050    215.609     0.3293      8.088    91.4062 1.0000e-12 -0.6641145    25.1280  0.000e+00
     51.647     52.084    11.9533  38.030785    33.1048    215.345     0.3146      8.088    91.3546 1.0000e-12 -0.6641145    25.1274  0.000e+00
     50.801     51.231    11.9546  38.031668    33.1048    215.705     0.3293      8.088    91.4062 1.0000e-12 -0.6972342    25.1271  0.000e+00
     50.178     50.603    11.9543  38.031159    33.1049    215.689     0.3366      8.088    91.5095 1.0000e-12 -0.6972342    25.1272  0.000e+00
     49.796     50.217    11.9551  38.031474    33.1046    215.444     0.2926      8.088    91.6128 1.0000e-12 -0.6972342    25.1269  0.000e+00
     49.541     49.960    11.9559  38.032232    33.1048    215.433     0.3073      8.088    91.4320 1.0000e-12 -0.6972342    25.1268  0.000e+00
     49.222     49.638    11.9577  38.033812    33.1049    215.416     0.2780      8.088    91.6386 1.0000e-12 -0.6972342    25.1266  0.000e+00
     48.641     49.053    11.9599  38.035454    33.1048    215.390     0.2340      8.088    91.8452 1.0000e-12 -0.6972342    25.1261  0.000e+00
     47.880     48.285    11.9604  38.035768    33.1049    215.366     0.2414      8.088    91.7161 1.0000e-12 -0.6972342    25.1260  0.000e+00
     47.122     47.520    11.9628  38.037536    33.1048    215.335     0.3293      8.088    91.5612 1.0000e-12 -0.6972342    25.1255  0.000e+00
     46.402     46.794    11.9679  38.041897    33.1048    215.680     0.3952      8.088    91.5353 1.0000e-12 -0.6972342    25.1246  0.000e+00
     45.820     46.207    11.9737  38.046386    33.1042    215.638     0.3513      8.088    91.7419 1.0000e-12 -0.6972342    25.1230  0.000e+00
     45.420     45.804    11.9755  38.047713    33.1041    215.777     0.3073      8.088    91.7677 1.0000e-12 -0.6972342    25.1225  0.000e+00
     45.044     45.424    11.9731  38.045244    33.1040    215.778     0.2633      8.088    91.6644 1.0000e-12 -0.6972342    25.1229  0.000e+00
     44.624     45.000    11.9794  38.050872    33.1040    215.506     0.3366      8.088    91.7936 1.0000e-12 -0.6972342    25.1217  0.000e+00
     44.322     44.697    11.9851  38.055615    33.1038    215.084     0.2780      8.088    92.0518 1.0000e-12 -0.6972342    25.1205  0.000e+00
     44.235     44.608    11.9869  38.057133    33.1036    215.462     0.2853      8.088    92.1034 1.0000e-12 -0.7303538    25.1200  0.000e+00
     44.574     44.950    11.9862  38.056882    33.1039    215.705     0.2633      8.088    92.1551 1.0000e-12 -0.7303538    25.1203  0.000e+00
     44.561     44.938    11.9860  38.056565    33.1037    215.475     0.2633      8.088    91.9743 1.0000e-12 -0.7303538    25.1202  0.000e+00
