Arg_Leg3_G5_NV.cnv
* Sea-Bird SBE 9 Data File:
* FileName = S:\CTD_Data\CTD\Data\Argentina 2014\Data\Leg3\Arg_Leg3_G5.hex
* Software Version Seasave V 7.21g
* Temperature SN = 5769
* Conductivity SN = 4244
* Number of Bytes Per Scan = 31
* Number of Voltage Words = 4
* Number of Scans Averaged by the Deck Unit = 24
* NMEA Latitude = 45 11.96 S
* NMEA Longitude = 066 10.58 W
* NMEA UTC (Time) = Feb 13 2014 09:21:06
* NMEA baud rate = 9600
** R/V Coriolis II
** MARES project, ARGENTINA 2014
** Chief scientist : Dr. Gustavo Ferreyra
** Co-Chief scientist : Dr. José Luis Esteves
# nquan = 13
# nvalues = 756                                   
# units = specified
# name 0 = depSM: Depth [salt water, m]
# name 1 = prDM: Pressure, Digiquartz [db]
# name 2 = t090C: Temperature [ITS-90, deg C]
# name 3 = c0mS/cm: Conductivity [mS/cm]
# name 4 = sal00: Salinity, Practical [PSU]
# name 5 = sbeox0Mm/Kg: Oxygen, SBE 43 [umol/Kg]
# name 6 = flECO-AFL: Fluorescence, WET Labs ECO-AFL/FL [mg/m^3]
# name 7 = ph: pH
# name 8 = CStarTr0: Beam Transmission, WET Labs C-Star [%]
# name 9 = par: PAR/Irradiance, Biospherical/Licor
# name 10 = upoly0: Upoly 0, Nitrate
# name 11 = sigma-é00: Density [sigma-theta, Kg/m^3]
# name 12 = flag:  0.000e+00
# span 0 =     -0.040,     70.553                 
# span 1 =     -0.040,     71.144                 
# span 2 =    11.1043,    14.5829                 
# span 3 =   3.334098,  40.780811                 
# span 4 =     2.2562,    33.4521                 
# span 5 =    160.245,    284.837                 
# span 6 =    -0.1249,     1.8897                 
# span 7 =      7.968,      8.208                 
# span 8 =    44.5140,    94.8922                 
# span 9 = 1.0000e-12, 4.3143e+00                 
# span 10 = -0.7634735, -0.4653966                
# span 11 =     0.9914,    25.5118                
# span 12 = 0.0000e+00, 0.0000e+00                
# interval = seconds: 1
# start_time = Feb 13 2014 09:21:06 [NMEA time, header]
# bad_flag = -9.990e-29
*END*
[from data line 223]
     68.870     69.446    11.2847  37.715328    33.3886    162.939     0.0948      7.968    73.5376 1.0000e-12 -0.6309949    25.4713  0.000e+00
     68.208     68.779    11.2583  37.689486    33.3873    163.342     0.0802      7.973    73.4859 1.0000e-12 -0.6309949    25.4750  0.000e+00
     67.497     68.062    11.4298  37.862368    33.4027    163.015     0.0802      7.977    73.3827 1.0000e-12 -0.6309949    25.4558  0.000e+00
     66.813     67.372    11.7793  38.172713    33.3918    162.484     0.0802      7.990    73.7958 1.0000e-12 -0.6309949    25.3830  0.000e+00
     66.100     66.652    12.1880  38.549608    33.3917    164.047     0.0875      8.012    75.4742 1.0000e-12 -0.6309949    25.3062  0.000e+00
     65.362     65.909    12.5169  38.853071    33.3910    169.770     0.0875      8.034    76.7137 1.0000e-12 -0.6309949    25.2427  0.000e+00
     64.685     65.226    12.5794  38.910238    33.3905    177.345     0.0875      8.053    79.1925 1.0000e-12 -0.6309949    25.2302  0.000e+00
     64.013     64.548    12.8746  39.193199    33.3992    181.040     0.0948      8.066    82.1362 1.0000e-12 -0.6309949    25.1793  0.000e+00
     63.294     63.823    13.0673  39.367267    33.3946    183.468     0.0948      8.079    83.8405 1.0000e-12 -0.6309949    25.1377  0.000e+00
     62.525     63.047    13.2174  39.519488    33.4065    185.525     0.1022      8.088    82.7559 1.0000e-12 -0.6309949    25.1170  0.000e+00
     61.758     62.274    13.4081  39.705399    33.4144    186.894     0.1095      8.096    82.2395 1.0000e-12 -0.6309949    25.0848  0.000e+00
     61.054     61.564    13.6003  39.884376    33.4141    187.607     0.1315      8.105    81.8264 1.0000e-12 -0.6309949    25.0456  0.000e+00
     60.395     60.900    13.7304  40.002153    33.4107    188.654     0.1022      8.109    82.5494 1.0000e-12 -0.6309949    25.0164  0.000e+00
     59.878     60.378    13.6338  39.899326    33.3992    191.291     0.1022      8.119    84.0729 1.0000e-12 -0.6309949    25.0273  0.000e+00
     59.325     59.821    13.6029  39.907775    33.4344    192.359     0.0729      8.119    83.6339 1.0000e-12 -0.6309949    25.0608  0.000e+00
     58.541     59.029    13.6688  39.955302    33.4215    192.001     0.1095      8.119    84.4344 1.0000e-12 -0.6309949    25.0373  0.000e+00
     57.659     58.141    13.6377  39.920792    33.4168    192.146     0.1535      8.123    84.1245 1.0000e-12 -0.6309949    25.0400  0.000e+00
     56.861     57.335    13.8714  40.151082    33.4278    191.451     0.1754      8.122    83.1174 1.0000e-12 -0.6309949    25.0006  0.000e+00
     56.192     56.661    13.9967  40.257721    33.4180    192.703     0.1681      8.131    85.5447 1.0000e-12 -0.6309949    24.9671  0.000e+00
     55.553     56.017    14.0075  40.270791    33.4210    195.659     0.1754      8.136    87.8945 1.0000e-12 -0.6309949    24.9671  0.000e+00
     54.885     55.343    14.0269  40.288780    33.4211    197.270     0.2121      8.140    88.8241 1.0000e-12 -0.6309949    24.9631  0.000e+00
     54.243     54.696    14.0281  40.287677    33.4193    197.653     0.1974      8.145    89.5212 1.0000e-12 -0.6309949    24.9615  0.000e+00
     53.608     54.054    13.9904  40.254023    33.4211    198.245     0.2047      8.145    89.7536 1.0000e-12 -0.6309949    24.9707  0.000e+00
     52.929     53.370    13.9629  40.232607    33.4254    198.486     0.2194      8.145    89.8311 1.0000e-12 -0.6309949    24.9797  0.000e+00
     52.180     52.615    14.0077  40.274273    33.4255    197.575     0.1901      8.140    89.8569 1.0000e-12 -0.6309949    24.9704  0.000e+00
     51.368     51.796    13.9879  40.255374    33.4255    197.333     0.1974      8.141    88.3076 1.0000e-12 -0.6309949    24.9745  0.000e+00
     50.592     51.013    14.0353  40.298797    33.4247    197.423     0.2194      8.140    88.0236 1.0000e-12 -0.6309949    24.9641  0.000e+00
     49.862     50.277    14.0856  40.352279    33.4309    197.843     0.2487      8.145    89.2888 1.0000e-12 -0.6309949    24.9584  0.000e+00
     49.150     49.559    14.1205  40.386155    33.4322    198.332     0.2340      8.145    90.0377 1.0000e-12 -0.6309949    24.9520  0.000e+00
     48.469     48.872    14.1273  40.394382    33.4342    198.385     0.2194      8.149    90.1410 1.0000e-12 -0.6309949    24.9522  0.000e+00
     47.802     48.200    14.1193  40.385826    33.4335    198.503     0.2340      8.149    90.2442 1.0000e-12 -0.6309949    24.9533  0.000e+00
     47.124     47.516    14.1203  40.388869    33.4357    198.430     0.2487      8.149    90.3217 1.0000e-12 -0.6309949    24.9547  0.000e+00
     46.418     46.804    14.1273  40.396512    33.4370    198.333     0.2267      8.149    90.2184 1.0000e-12 -0.6641145    24.9543  0.000e+00
     45.719     46.099    14.1394  40.408886    33.4382    198.415     0.2267      8.149    90.0893 1.0000e-12 -0.6641145    24.9527  0.000e+00
     45.006     45.380    14.1315  40.400200    33.4373    198.231     0.2340      8.149    89.9860 1.0000e-12 -0.6641145    24.9536  0.000e+00
     44.248     44.616    14.1674  40.436297    33.4397    198.213     0.2414      8.149    90.0119 1.0000e-12 -0.6641145    24.9479  0.000e+00
     43.470     43.831    14.1643  40.435192    33.4418    198.901     0.2853      8.149    89.9602 7.3199e-05 -0.6641145    24.9502  0.000e+00
     42.703     43.058    14.1878  40.456971    33.4418    197.891     0.2267      8.149    90.0635 1.0000e-12 -0.6641145    24.9452  0.000e+00
     41.976     42.325    14.1946  40.462869    33.4416    198.146     0.2194      8.149    90.1926 1.0000e-12 -0.6641145    24.9437  0.000e+00
     41.300     41.643    14.1915  40.461116    33.4430    198.884     0.2340      8.149    90.6316 1.0000e-12 -0.6641145    24.9453  0.000e+00
     40.643     40.980    14.1927  40.462215    33.4432    197.770     0.2633      8.149    90.8381 1.0000e-12 -0.6641145    24.9452  0.000e+00
     39.971     40.303    14.2115  40.478942    33.4426    198.176     0.2780      8.149    91.0189 8.9907e-04 -0.6972342    24.9408  0.000e+00
     39.260     39.585    14.2079  40.477773    33.4449    198.565     0.2926      8.149    91.0964 1.0000e-12 -0.6972342    24.9433  0.000e+00
     38.765     39.086    14.1997  40.468497    33.4437    198.192     0.2633      8.149    91.2255 1.0000e-12 -0.6972342    24.9440  0.000e+00
     38.215     38.532    14.1928  40.462789    33.4446    198.553     0.2340      8.154    91.9743 1.0381e-03 -0.6972342    24.9462  0.000e+00
     37.645     37.957    14.2154  40.485613    33.4463    198.097     0.3146      8.154    92.4391 3.4694e-04 -0.6972342    24.9428  0.000e+00
     36.999     37.306    14.2252  40.494626    33.4464    198.538     0.3659      8.154    92.3358 6.2223e-04 -0.6972342    24.9407  0.000e+00
     36.361     36.663    14.2612  40.526085    33.4444    198.576     0.3146      8.153    92.1809 1.5980e-03 -0.6972342    24.9317  0.000e+00
     35.838     36.135    14.2894  40.548988    33.4413    199.444     0.3219      8.153    92.6973 2.7370e-03 -0.6972342    24.9233  0.000e+00
     35.402     35.695    14.2787  40.539253    33.4418    200.515     0.3879      8.153    93.4461 3.4620e-03 -0.6972342    24.9259  0.000e+00
     34.935     35.225    14.2643  40.528221    33.4443    202.198     0.3659      8.158    93.8851 3.3161e-03 -0.6972342    24.9309  0.000e+00
     34.490     34.776    14.2603  40.521990    33.4422    202.309     0.4611      8.158    94.0659 5.8515e-03 -0.6972342    24.9301  0.000e+00
     34.179     34.462    14.2536  40.518486    33.4449    201.640     0.4392      8.158    94.0917 5.6990e-03 -0.7303538    24.9335  0.000e+00
     34.022     34.304    14.2669  40.529255    33.4434    201.536     0.3879      8.163    94.0142 3.3161e-03 -0.7303538    24.9296  0.000e+00
     34.002     34.284    14.2892  40.548397    33.4417    201.053     0.3732      8.163    93.4978 5.6990e-03 -0.7303538    24.9236  0.000e+00
     33.968     34.250    14.2827  40.541907    33.4414    201.575     0.4611      8.163    93.1105 5.0932e-03 -0.7303538    24.9247  0.000e+00
     33.872     34.153    14.3070  40.559623    33.4367    201.479     0.6150      8.162    93.9626 5.0932e-03 -0.7303538    24.9160  0.000e+00
     33.821     34.101    14.2932  40.549823    33.4396    202.522     0.6736      8.163    94.4790 5.3953e-03 -0.7303538    24.9211  0.000e+00
     33.842     34.123    14.3116  40.564880    33.4375    203.140     0.5930      8.162    94.2724 3.4620e-03 -0.7303538    24.9157  0.000e+00
     33.903     34.184    14.3243  40.574487    33.4354    203.344     0.5857      8.167    94.1950 3.4620e-03 -0.7303538    24.9114  0.000e+00
     33.912     34.193    14.3230  40.572929    33.4350    204.340     0.5857      8.167    94.3241 3.7548e-03 -0.6972342    24.9113  0.000e+00
     33.924     34.205    14.3217  40.573059    33.4363    205.484     0.6809      8.167    93.9884 3.1707e-03 -0.7303538    24.9126  0.000e+00
     33.985     34.267    14.3271  40.578382    33.4365    204.678     0.6956      8.167    94.2983 3.6082e-03 -0.7303538    24.9116  0.000e+00
     34.076     34.358    14.3273  40.579551    33.4374    204.735     0.6443      8.167    94.3499 3.4620e-03 -0.7303538    24.9123  0.000e+00
     34.146     34.429    14.3253  40.577669    33.4373    205.091     0.6882      8.167    94.2724 3.4620e-03 -0.7303538    24.9126  0.000e+00
     34.118     34.401    14.3250  40.576760    33.4367    205.196     0.6882      8.167    94.2983 4.0493e-03 -0.7303538    24.9123  0.000e+00
     33.995     34.277    14.3269  40.577992    33.4363    204.989     0.7176      8.167    94.2983 4.1972e-03 -0.7303538    24.9116  0.000e+00
     33.855     34.136    14.3252  40.577602    33.4375    205.290     0.6809      8.167    94.2466 4.1972e-03 -0.7303538    24.9128  0.000e+00
     33.818     34.098    14.3250  40.577732    33.4378    204.944     0.5930      8.172    94.2466 6.6206e-03 -0.7303538    24.9131  0.000e+00
     33.900     34.181    14.3267  40.579226    33.4377    204.202     0.6736      8.167    94.2466 6.3117e-03 -0.7303538    24.9126  0.000e+00
     33.975     34.256    14.3266  40.579486    33.4379    204.745     0.7615      8.172    94.2466 6.1579e-03 -0.7303538    24.9128  0.000e+00
     34.019     34.301    14.3270  40.580070    33.4381    205.286     0.8128      8.172    94.4015 5.6990e-03 -0.7303538    24.9129  0.000e+00
     34.061     34.343    14.3268  40.579875    33.4381    204.747     0.6882      8.172    94.2724 6.1579e-03 -0.7303538    24.9129  0.000e+00
     34.253     34.537    14.3261  40.579552    33.4383    204.558     0.7542      8.172    93.9884 4.7929e-03 -0.7303538    24.9133  0.000e+00
     34.619     34.906    14.3271  40.580657    33.4383    204.760     0.6223      8.172    94.1433 5.2440e-03 -0.7303538    24.9131  0.000e+00
     35.009     35.299    14.3254  40.579490    33.4386    205.122     0.6296      8.172    94.2466 3.7548e-03 -0.7303538    24.9136  0.000e+00
     35.432     35.726    14.3179  40.574234    33.4400    205.162     0.6589      8.172    94.1692 2.5932e-03 -0.7303538    24.9164  0.000e+00
     35.925     36.223    14.3150  40.572548    33.4408    204.644     0.6370      8.172    93.9884 2.0221e-03 -0.6972342    24.9175  0.000e+00
     36.483     36.786    14.3139  40.572615    33.4416    204.662     0.5124      8.167    94.1692 1.7390e-03 -0.6972342    24.9184  0.000e+00
     37.070     37.377    14.3173  40.581317    33.4464    204.507     0.4099      8.167    93.7302 1.5980e-03 -0.6972342    24.9215  0.000e+00
     37.742     38.055    14.3211  40.587033    33.4481    203.468     0.3879      8.167    93.8335 7.6046e-04 -0.6972342    24.9220  0.000e+00
     38.509     38.829    14.3217  40.590477    33.4505    202.641     0.3513      8.162    93.7044 3.4694e-04 -0.6972342    24.9237  0.000e+00
     39.298     39.624    14.3114  40.582949    33.4521    201.560     0.3146      8.162    93.2137 4.8439e-04 -0.6972342    24.9272  0.000e+00
     39.980     40.311    14.2994  40.571462    33.4517    200.484     0.3000      8.163    92.6973 6.2223e-04 -0.6972342    24.9294  0.000e+00
     40.547     40.883    14.2573  40.530709    33.4504    199.919     0.3000      8.158    92.4391 1.0000e-12 -0.6972342    24.9372  0.000e+00
     41.098     41.439    14.2445  40.518384    33.4499    199.235     0.2633      8.158    92.1034 4.8439e-04 -0.6972342    24.9396  0.000e+00
     41.729     42.075    14.2379  40.512159    33.4496    198.528     0.2121      8.158    91.6128 1.0000e-12 -0.6972342    24.9407  0.000e+00
     42.379     42.731    14.2352  40.509696    33.4494    197.805     0.1901      8.158    91.2771 1.0000e-12 -0.6641145    24.9412  0.000e+00
     42.993     43.350    14.2304  40.504899    33.4490    197.785     0.2047      8.158    91.0964 1.0000e-12 -0.6641145    24.9419  0.000e+00
     43.617     43.979    14.2239  40.498025    33.4480    198.121     0.2047      8.158    91.0705 1.0000e-12 -0.6641145    24.9425  0.000e+00
     44.337     44.705    14.2149  40.488688    33.4469    198.423     0.1828      8.158    91.0189 1.0000e-12 -0.6641145    24.9435  0.000e+00
     45.104     45.479    14.2114  40.485254    33.4465    198.505     0.1681      8.158    90.8123 1.0000e-12 -0.6641145    24.9440  0.000e+00
     45.732     46.112    14.2084  40.482403    33.4462    198.731     0.1754      8.158    90.2959 1.0000e-12 -0.6641145    24.9444  0.000e+00
     45.860     46.242    14.2160  40.490251    33.4467    198.204     0.1974      8.158    90.3734 1.0000e-12 -0.6641145    24.9432  0.000e+00
     45.860     46.242    14.2303  40.502964    33.4461    198.148     0.2121      8.158    90.7090 1.0000e-12 -0.6641145    24.9398  0.000e+00
     45.799     46.180    14.2173  40.491353    33.4467    198.942     0.2414      8.158    90.7349 7.3199e-05 -0.6641145    24.9429  0.000e+00
     45.699     46.079    14.2091  40.483700    33.4467    199.321     0.2853      8.158    90.5025 6.2223e-04 -0.6309949    24.9447  0.000e+00
     45.614     45.993    14.2094  40.484413    33.4472    199.119     0.3146      8.158    90.1410 1.0000e-12 -0.6641145    24.9450  0.000e+00
     45.637     46.016    14.2087  40.482727    33.4462    198.926     0.2853      8.158    90.2184 1.0000e-12 -0.6641145    24.9444  0.000e+00
     45.719     46.099    14.2080  40.481754    33.4460    198.583     0.2340      8.158    90.2701 1.0000e-12 -0.6641145    24.9443  0.000e+00
     45.771     46.152    14.2072  40.480976    33.4459    198.588     0.2340      8.158    90.3217 1.0000e-12 -0.6641145    24.9444  0.000e+00
     45.802     46.183    14.2065  40.480328    33.4459    198.441     0.2487      8.158    90.3217 1.0000e-12 -0.6641145    24.9446  0.000e+00
     45.799     46.180    14.2064  40.480652    33.4462    198.441     0.2780      8.158    90.3475 1.0000e-12 -0.6641145    24.9448  0.000e+00
     45.830     46.211    14.2066  40.480263    33.4457    198.291     0.2926      8.158    90.1926 1.0000e-12 -0.6641145    24.9444  0.000e+00
     45.883     46.264    14.2071  40.480847    33.4458    198.291     0.2707      8.158    90.1151 1.0000e-12 -0.6641145    24.9444  0.000e+00
     45.898     46.280    14.2055  40.479291    33.4457    198.496     0.2487      8.158    90.1668 1.0000e-12 -0.6641145    24.9447  0.000e+00
     45.832     46.213    14.2049  40.478836    33.4458    198.497     0.2194      8.158    90.1926 1.0000e-12 -0.6641145    24.9449  0.000e+00
     45.704     46.084    14.2069  40.480652    33.4459    198.485     0.1974      8.158    90.1668 1.0000e-12 -0.6641145    24.9444  0.000e+00
     45.648     46.027    14.2076  40.481170    33.4458    198.830     0.2560      8.158    90.0893 1.0000e-12 -0.6641145    24.9443  0.000e+00
     45.704     46.084    14.2073  40.480911    33.4457    198.832     0.2414      8.158    90.2184 1.0000e-12 -0.6641145    24.9443  0.000e+00
