Arg_Leg3_G11_NV.cnv
* Sea-Bird SBE 9 Data File:
* FileName = S:\CTD_Data\CTD\Data\Argentina 2014\Data\Leg3\Arg_Leg3_G11.hex
* Software Version Seasave V 7.21g
* Temperature SN = 5769
* Conductivity SN = 4244
* Number of Bytes Per Scan = 31
* Number of Voltage Words = 4
* Number of Scans Averaged by the Deck Unit = 24
* NMEA Latitude = 47 01.07 S
* NMEA Longitude = 065 25.59 W
* NMEA UTC (Time) = Feb 12 2014 00:36:28
* NMEA baud rate = 9600
** R/V Coriolis II
** MARES project, ARGENTINA 2014
** Chief scientist : Dr. Gustavo Ferreyra
** Co-Chief scientist : Dr. José Luis Esteves
# nquan = 13
# nvalues = 472                                   
# units = specified
# name 0 = depSM: Depth [salt water, m]
# name 1 = prDM: Pressure, Digiquartz [db]
# name 2 = t090C: Temperature [ITS-90, deg C]
# name 3 = c0mS/cm: Conductivity [mS/cm]
# name 4 = sal00: Salinity, Practical [PSU]
# name 5 = sbeox0Mm/Kg: Oxygen, SBE 43 [umol/Kg]
# name 6 = flECO-AFL: Fluorescence, WET Labs ECO-AFL/FL [mg/m^3]
# name 7 = ph: pH
# name 8 = CStarTr0: Beam Transmission, WET Labs C-Star [%]
# name 9 = par: PAR/Irradiance, Biospherical/Licor
# name 10 = upoly0: Upoly 0, Nitrate
# name 11 = sigma-é00: Density [sigma-theta, Kg/m^3]
# name 12 = flag:  0.000e+00
# span 0 =     -0.160,     70.148                 
# span 1 =     -0.161,     70.747                 
# span 2 =    11.8024,    13.0234                 
# span 3 =   3.025236,  38.891305                 
# span 4 =     2.0916,    33.4591                 
# span 5 =    191.653,    274.011                 
# span 6 =    -0.1249,     1.6040                 
# span 7 =      7.767,      8.107                 
# span 8 =    68.6831,    87.8170                 
# span 9 = 1.0000e-12, 7.7976e-01                 
# span 10 = -0.7634735, -0.4653966                
# span 11 =     1.0092,    25.3253                
# span 12 = 0.0000e+00, 0.0000e+00                
# interval = seconds: 1
# start_time = Feb 12 2014 00:36:28 [NMEA time, header]
# bad_flag = -9.990e-29
*END*
[from data line 445]
      0.956      0.964    13.0234  38.891305    33.0085    223.670     1.2743      8.107    86.7841 1.5805e-01 -0.6972342    24.8458  0.000e+00
      0.927      0.935    13.0187  38.885626    33.0072    224.389     1.2084      8.107    86.8100 2.0086e-01 -0.6972342    24.8457  0.000e+00
      0.711      0.717    13.0197  38.887539    33.0083    224.259     1.2011      8.107    86.7583 1.9738e-01 -0.6972342    24.8464  0.000e+00
      0.346      0.349    12.9991  38.866036    33.0060    224.195     1.1864      8.107    86.4485 2.0439e-01 -0.6972342    24.8487  0.000e+00
      0.149      0.150    12.9869  38.856850    33.0080    224.185     1.1644      8.107    85.4672 1.8989e-01 -0.6972342    24.8526  0.000e+00
     -0.103     -0.104    12.9688  22.028631    17.6632    274.011     1.2084      8.107    79.4249 1.9669e-01 -0.6972342    13.0106  0.000e+00
     -0.143     -0.144    12.7751   6.360294     4.6361    266.154     0.8494      8.103    68.6831 2.6026e-01 -0.5316359     3.0013  0.000e+00
     -0.144     -0.146    12.7542  17.507502    13.8271    229.162    -0.1176      8.099    83.5564 2.4338e-01 -0.4985162    10.0901  0.000e+00
     -0.144     -0.146    12.6854  20.899916    16.8017    231.595    -0.1249      8.099    84.7442 2.9603e-01 -0.4653966    12.3930  0.000e+00
     -0.146     -0.147    12.6618  32.789619    27.5736    205.247    -0.1176      8.094    84.1761 3.4031e-01 -0.4653966    20.7102  0.000e+00
     -0.147     -0.148    12.7044  37.099694    31.5860    195.994    -0.1249      8.057    82.3170 3.3921e-01 -0.4653966    23.8065  0.000e+00
     -0.141     -0.143    12.7822  38.458327    32.8084    193.026    -0.1249      8.024    83.7630 2.6639e-01 -0.4653966    24.7381  0.000e+00
     -0.151     -0.153    12.7639  38.745041    33.0971    191.653    -0.1249      7.991    85.3639 2.1977e-01 -0.4653966    24.9653  0.000e+00
     -0.158     -0.160    12.6990  38.744603    33.1537    192.868    -0.1249      7.954    85.9062 1.9532e-01 -0.4653966    25.0218  0.000e+00
     -0.156     -0.157    12.5422  38.743985    33.2915    196.464    -0.1249      7.922    86.1902 1.1233e-01 -0.4653966    25.1590  0.000e+00
     -0.160     -0.161    12.3534  38.743691    33.4591    195.443    -0.1249      7.899    86.2419 2.1454e-01 -0.4653966    25.3253  0.000e+00
     -0.160     -0.161    12.4761  38.463575    33.0813    192.911    -0.1249      7.876    86.2419 4.5507e-01 -0.4653966    25.0088  0.000e+00
     -0.150     -0.151    12.5987  38.741111    33.2388    198.496    -0.1249      7.847    86.0353 7.7976e-01 -0.4653966    25.1072  0.000e+00
     -0.157     -0.158    12.6846  32.590682    27.3721    218.319    -0.1249      7.828    86.0611 7.3668e-01 -0.4653966    20.5503  0.000e+00
     -0.158     -0.160    12.8832  25.861138    21.1038    228.118    -0.1249      7.814    86.0869 7.2790e-01 -0.4653966    15.6763  0.000e+00
     -0.160     -0.161    12.9202  21.751225    17.4425    223.554    -0.1249      7.809    86.0869 6.1667e-01 -0.4653966    12.8485  0.000e+00
     -0.151     -0.153    12.9612  20.975698    16.7462    220.245    -0.1249      7.809    86.0869 5.5264e-01 -0.4653966    12.3055  0.000e+00
     -0.149     -0.150    12.9704   8.873687     6.5933    242.940    -0.1176      7.804    86.1386 5.4425e-01 -0.4653966     4.4846  0.000e+00
     -0.147     -0.148    12.9724   5.196159     3.7160    254.570    -0.1176      7.795    86.0353 5.5433e-01 -0.4653966     2.2638  0.000e+00
     -0.154     -0.156    12.9679   4.311766     3.0462    257.948    -0.1176      7.781    86.1644 5.3270e-01 -0.4653966     1.7466  0.000e+00
     -0.156     -0.157    12.9648   3.267338     2.2689    252.116    -0.1249      7.772    86.2161 5.3270e-01 -0.4653966     1.1456  0.000e+00
     -0.158     -0.160    12.9576   3.025236     2.0916    239.357    -0.1249      7.767    86.2935 5.4093e-01 -0.4653966     1.0092  0.000e+00
