Arg_L2_F6_NV.cnv
* Sea-Bird SBE 9 Data File:
* FileName = S:\CTD_Data\CTD\Data\Argentina 2014\Data\Arg_L2_F6.hex
* Software Version Seasave V 7.21g
* Temperature SN = 5769
* Conductivity SN = 4244
* Number of Bytes Per Scan = 31
* Number of Voltage Words = 4
* Number of Scans Averaged by the Deck Unit = 24
* NMEA Latitude = 46 29.68 S
* NMEA Longitude = 066 00.79 W
* NMEA UTC (Time) = Feb 08 2014 16:26:45
* NMEA baud rate = 9600
** R/V Coriolis II
** MARES project, ARGENTINA 2014
** Chief scientist : Dr. Gustavo Ferreyra
** Co-Chief scientist : Dr. José Luis Esteves
# nquan = 13
# nvalues = 584                                   
# units = specified
# name 0 = depSM: Depth [salt water, m]
# name 1 = prDM: Pressure, Digiquartz [db]
# name 2 = t090C: Temperature [ITS-90, deg C]
# name 3 = c0mS/cm: Conductivity [mS/cm]
# name 4 = sal00: Salinity, Practical [PSU]
# name 5 = sbeox0Mm/Kg: Oxygen, SBE 43 [umol/Kg]
# name 6 = flECO-AFL: Fluorescence, WET Labs ECO-AFL/FL [mg/m^3]
# name 7 = ph: pH
# name 8 = CStarTr0: Beam Transmission, WET Labs C-Star [%]
# name 9 = par: PAR/Irradiance, Biospherical/Licor
# name 10 = upoly0: Upoly 0, Nitrate
# name 11 = sigma-é00: Density [sigma-theta, Kg/m^3]
# name 12 = flag:  0.000e+00
# span 0 =     -0.232,     86.310                 
# span 1 =     -0.234,     87.047                 
# span 2 =     9.1058,    14.8116                 
# span 3 =   4.211776,  41.010794                 
# span 4 =     2.8568,    33.4280                 
# span 5 =    149.396,    268.442                 
# span 6 =    -0.0370,     2.4978                 
# span 7 =      7.829,      8.231                 
# span 8 =    63.8286,    96.2349                 
# span 9 = 1.0000e-12, 1.8507e+03                 
# span 10 = -0.7634735,  3.7739197                
# span 11 =     1.3837,    25.8113                
# span 12 = 0.0000e+00, 0.0000e+00                
# interval = seconds: 1
# start_time = Feb 08 2014 16:26:45 [NMEA time, header]
# bad_flag = -9.990e-29
*END*
[from data line 223]
     85.737     86.469     9.1215  35.713263    33.3465    150.165    -0.0077      7.834    73.0470 1.0381e-03  1.7536205    25.8057  0.000e+00
     85.976     86.709     9.1156  35.709193    33.3477    150.021    -0.0077      7.834    71.3427 6.2223e-04  1.4886632    25.8076  0.000e+00
     85.951     86.685     9.1143  35.708391    33.3481    149.740    -0.0077      7.834    70.8005 7.6046e-04  0.3625949    25.8082  0.000e+00
     85.870     86.603     9.1225  35.714435    33.3467    149.543    -0.0077      7.829    71.0071 1.0381e-03  0.9256291    25.8057  0.000e+00
     85.907     86.641     9.1272  35.718198    33.3462    149.529    -0.0077      7.829    71.0587 1.3173e-03  1.0912274    25.8046  0.000e+00
     85.829     86.562     9.1191  35.711783    33.3472    149.838    -0.0150      7.829    71.0845 1.5980e-03  0.8262701    25.8066  0.000e+00
     85.585     86.315     9.1243  35.716038    33.3469    149.816    -0.0150      7.834    70.8263 2.4498e-03  1.4555436    25.8056  0.000e+00
     85.404     86.133     9.1300  35.720294    33.3460    149.794    -0.0077      7.834    71.1362 2.4498e-03  0.8925094    25.8040  0.000e+00
     85.447     86.176     9.1441  35.730843    33.3438    150.201    -0.0004      7.834    72.0141 1.8804e-03  1.3893043    25.8000  0.000e+00
     85.666     86.397     9.1359  35.724859    33.3451    150.232    -0.0004      7.834    72.2981 7.6046e-04  2.5153726    25.8024  0.000e+00
     85.917     86.650     9.1315  35.721529    33.3457    149.968    -0.0077      7.834    72.9437 2.5932e-03  2.5153726    25.8035  0.000e+00
     86.082     86.817     9.1300  35.720358    33.3458    149.976    -0.0004      7.834    73.1244 1.0381e-03  1.9192188    25.8039  0.000e+00
     86.059     86.794     9.1358  35.725231    33.3454    149.956    -0.0004      7.834    73.5376 3.3161e-03  0.6606718    25.8026  0.000e+00
     85.849     86.581     9.1415  35.729610    33.3447    149.481    -0.0077      7.834    73.6667 1.8804e-03 -0.4653966    25.8011  0.000e+00
     85.614     86.345     9.1478  35.734113    33.3436    149.909    -0.0077      7.834    73.3052 1.0381e-03 -0.6309949    25.7993  0.000e+00
     85.570     86.301     9.1495  35.735470    33.3434    150.186    -0.0004      7.829    73.1244 4.8439e-04  1.1905863    25.7989  0.000e+00
     85.744     86.475     9.1419  35.729425    33.3442    149.931    -0.0004      7.834    73.3052 6.2223e-04  1.0581077    25.8007  0.000e+00
     85.908     86.642     9.1245  35.715916    33.3464    149.991    -0.0077      7.829    73.0986 6.2223e-04  0.8593897    25.8052  0.000e+00
     85.893     86.626     9.1172  35.710364    33.3474    150.015    -0.0004      7.829    71.6010 3.4694e-04  1.6211419    25.8071  0.000e+00
     85.867     86.600     9.1126  35.706787    33.3481    150.030    -0.0004      7.829    70.4132 1.0381e-03  0.9918684    25.8084  0.000e+00
     85.962     86.696     9.1164  35.710118    33.3479    150.019    -0.0004      7.829    70.9554 1.3173e-03  1.2568256    25.8077  0.000e+00
     85.853     86.586     9.1203  35.712523    33.3468    149.552    -0.0077      7.829    70.3357 3.0257e-03  1.1905863    25.8061  0.000e+00
     85.590     86.321     9.1180  35.710425    33.3469    149.555     0.0069      7.829    69.7934 3.3161e-03 -0.0348410    25.8066  0.000e+00
     85.681     86.412     9.1135  35.707094    33.3476    149.855     0.0143      7.829    70.2066 1.1775e-03  0.3625949    25.8079  0.000e+00
     85.974     86.707     9.1098  35.704505    33.3482    149.873     0.0143      7.829    69.0446 1.5980e-03  0.3957145    25.8089  0.000e+00
     85.955     86.689     9.1101  35.704567    33.3481    149.872    -0.0004      7.829    69.0962 6.2223e-04  0.6275521    25.8088  0.000e+00
     85.675     86.407     9.1125  35.706169    33.3476    149.859    -0.0004      7.829    69.2254 1.1775e-03  0.9587487    25.8080  0.000e+00
     85.556     86.286     9.1147  35.707957    33.3475    149.396     0.0069      7.829    69.6901 1.7390e-03  0.3957145    25.8076  0.000e+00
     85.807     86.540     9.1119  35.705861    33.3478    149.410     0.0069      7.829    69.5094 1.5980e-03  0.0976376    25.8082  0.000e+00
     86.074     86.809     9.1102  35.704629    33.3480    149.706     0.0069      7.829    68.5282 1.0381e-03  0.3625949    25.8087  0.000e+00
     85.823     86.555     9.1147  35.708143    33.3475    149.686    -0.0004      7.829    69.4061 3.4694e-04  0.8925094    25.8076  0.000e+00
     85.011     85.736     9.1296  35.719922    33.3462    149.621    -0.0004      7.829    70.3873 1.3173e-03  0.3625949    25.8042  0.000e+00
     84.410     85.130     9.1486  35.733862    33.3431    149.548    -0.0004      7.829    70.9038 2.1643e-03 -0.3991573    25.7988  0.000e+00
     83.824     84.539     9.1465  35.732071    33.3435    149.995    -0.0004      7.834    70.1549 1.5980e-03 -0.6309949    25.7994  0.000e+00
     82.862     83.569     9.1554  35.739225    33.3431    149.947    -0.0077      7.834    70.8521 3.7548e-03 -0.5316359    25.7977  0.000e+00
     81.914     82.612     9.1832  35.761189    33.3403    150.004    -0.0077      7.834    71.6784 6.1579e-03  0.8262701    25.7910  0.000e+00
     81.392     82.085     9.1732  35.753041    33.3414    150.027    -0.0150      7.834    71.7301 5.6990e-03 -0.3329179    25.7935  0.000e+00
     81.072     81.763     9.1693  35.748967    33.3410    150.203    -0.0224      7.834    71.7817 7.0872e-03  0.5944325    25.7938  0.000e+00
     80.520     81.206     9.1877  35.765875    33.3416    150.579    -0.0150      7.834    72.5822 9.6436e-03  2.1510564    25.7913  0.000e+00
     79.793     80.473     9.2372  35.802046    33.3332    150.122    -0.0077      7.834    72.9179 1.2660e-02  2.1510564    25.7768  0.000e+00
     79.060     79.733     9.2431  35.806736    33.3328    150.255    -0.0077      7.839    73.0728 1.6015e-02  0.4619538    25.7756  0.000e+00
     78.303     78.970     9.2571  35.818528    33.3323    150.642    -0.0004      7.838    73.3052 1.7667e-02  0.0645179    25.7729  0.000e+00
     77.466     78.126     9.3018  35.854164    33.3278    150.644     0.0069      7.838    74.0798 2.1101e-02  0.0645179    25.7623  0.000e+00
     76.720     77.373     9.3487  35.889320    33.3208    150.643    -0.0004      7.843    75.1127 2.6167e-02  0.6937915    25.7493  0.000e+00
     76.203     76.852     9.3601  35.895003    33.3163    151.212    -0.0004      7.848    75.7066 3.0262e-02  0.2963556    25.7439  0.000e+00
     75.654     76.298     9.3836  35.920470    33.3209    151.727    -0.0150      7.848    76.9461 3.1602e-02 -0.2666786    25.7437  0.000e+00
     74.870     75.507     9.5117  36.021976    33.3067    151.614    -0.0004      7.857    77.8498 3.6472e-02 -0.5978752    25.7119  0.000e+00
     74.097     74.727     9.6248  36.113124    33.2957    152.431    -0.0077      7.866    77.9015 4.2146e-02 -0.5647556    25.6848  0.000e+00
     73.368     73.992     9.8824  36.317798    33.2671    153.180    -0.0150      7.884    77.2817 4.7928e-02 -0.5647556    25.6200  0.000e+00
     72.637     73.255     9.9638  36.371520    33.2472    156.153     0.0069      7.893    77.4625 5.2932e-02  0.0313983    25.5909  0.000e+00
     72.043     72.655    10.0428  36.417067    33.2211    159.717    -0.0004      7.897    79.5282 5.7897e-02  0.2632359    25.5573  0.000e+00
     71.532     72.140     9.8855  36.308290    33.2554    162.795    -0.0077      7.903    80.6386 6.5002e-02 -0.1342000    25.6103  0.000e+00
     70.894     71.497    10.1057  36.463942    33.2114    162.655    -0.0004      7.907    81.8005 7.2243e-02 -0.5978752    25.5391  0.000e+00
     69.999     70.594    10.1028  36.464873    33.2154    163.331    -0.0004      7.911    82.3428 8.3607e-02 -0.6309949    25.5427  0.000e+00
     69.051     69.637    10.1101  36.472146    33.2164    165.619    -0.0150      7.916    81.2841 9.8913e-02 -0.6309949    25.5422  0.000e+00
     68.437     69.018    10.0384  36.421220    33.2309    167.784    -0.0150      7.916    82.1879 1.0920e-01 -0.4985162    25.5656  0.000e+00
     68.185     68.764    10.0826  36.453362    33.2230    168.135    -0.0224      7.911    82.5235 1.1054e-01  0.5944325    25.5520  0.000e+00
     67.762     68.337     9.9757  36.370818    33.2377    168.027    -0.0224      7.912    82.9109 1.1785e-01 -0.3660376    25.5813  0.000e+00
     66.812     67.379    10.1298  36.499137    33.2267    166.592    -0.0150      7.916    83.3240 1.4188e-01 -0.2666786    25.5469  0.000e+00
     65.630     66.187    10.1942  36.542817    33.2124    165.880    -0.0297      7.920    83.1691 1.7877e-01  0.0645179    25.5248  0.000e+00
     64.702     65.251    10.1827  36.535221    33.2157    166.818    -0.0004      7.920    83.3240 2.1307e-01 -0.6309949    25.5294  0.000e+00
     64.301     64.846    10.1544  36.511074    33.2173    168.952    -0.0224      7.921    83.3240 2.2898e-01 -0.6309949    25.5354  0.000e+00
     63.974     64.516    10.1421  36.503108    33.2207    169.646    -0.0297      7.921    83.2982 2.3370e-01 -0.6309949    25.5401  0.000e+00
     63.242     63.778    10.2149  36.559056    33.2110    169.065    -0.0297      7.920    83.2724 2.5509e-01 -0.6641145    25.5202  0.000e+00
     62.318     62.847    10.2504  36.582339    33.2024    168.724    -0.0224      7.930    83.2982 2.9027e-01 -0.6641145    25.5074  0.000e+00
     61.441     61.962    10.2575  36.586819    33.2008    170.021    -0.0077      7.930    83.4015 3.2530e-01  0.4619538    25.5050  0.000e+00
     60.713     61.228    10.2637  36.589494    33.1981    171.586    -0.0077      7.934    83.9437 3.5705e-01  0.0313983    25.5018  0.000e+00
     60.246     60.756    10.2173  36.556244    33.2072    172.567    -0.0150      7.939    84.2536 3.8172e-01 -0.6641145    25.5168  0.000e+00
     59.993     60.502    10.2387  36.572430    33.2041    173.300    -0.0004      7.939    84.4085 3.9773e-01 -0.6641145    25.5107  0.000e+00
     59.445     59.949    10.2232  36.543477    33.1892    172.911    -0.0224      7.944    85.5963 4.3022e-01 -0.6641145    25.5017  0.000e+00
     58.353     58.847    10.2037  36.496610    33.1602    172.543    -0.0297      7.949    87.4297 5.0402e-01 -0.6309949    25.4824  0.000e+00
     57.171     57.654    10.2206  36.507929    33.1568    174.059    -0.0224      7.953    86.0095 6.0188e-01 -0.6309949    25.4768  0.000e+00
     56.298     56.775    10.2435  36.528399    33.1569    177.248    -0.0150      7.958    87.5846 6.8133e-01 -0.6972342    25.4730  0.000e+00
     55.729     56.200    10.2419  36.531821    33.1620    180.602    -0.0224      7.963    87.8945 7.2790e-01  1.3230650    25.4772  0.000e+00
     55.303     55.771    10.2651  36.538851    33.1481    181.985    -0.0150      7.963    87.7654 7.5680e-01  0.0645179    25.4624  0.000e+00
     54.956     55.421    10.2558  36.536610    33.1545    182.113    -0.0224      7.963    88.1527 7.7976e-01 -0.6972342    25.4691  0.000e+00
     54.648     55.111    10.2750  36.544886    33.1455    183.086    -0.0224      7.967    88.3076 8.0577e-01 -0.6972342    25.4587  0.000e+00
     54.086     54.544    10.2841  36.550610    33.1432    183.759    -0.0150      7.967    88.3851 8.7056e-01 -0.4653966    25.4553  0.000e+00
     53.190     53.640    10.2830  36.550981    33.1450    184.202    -0.0077      7.967    88.4109 1.0093e+00 -0.5978752    25.4569  0.000e+00
     52.478     52.922    10.2789  36.548800    33.1468    185.181    -0.0004      7.967    88.4109 1.1553e+00 -0.6972342    25.4590  0.000e+00
     52.242     52.683    10.2769  36.547367    33.1473    185.319    -0.0077      7.967    88.3593 1.1931e+00 -0.6972342    25.4598  0.000e+00
     52.239     52.680    10.2746  36.545562    33.1476    185.040    -0.0150      7.967    88.3851 1.1553e+00 -0.6972342    25.4604  0.000e+00
     52.188     52.629    10.2816  36.548799    33.1445    184.398    -0.0004      7.967    88.3851 1.1452e+00 -0.6972342    25.4568  0.000e+00
     51.828     52.266    10.2842  36.549233    33.1427    184.448    -0.0150      7.972    88.5917 1.2072e+00 -0.6972342    25.4550  0.000e+00
     51.133     51.565    10.2809  36.546616    33.1434    185.455    -0.0150      7.972    88.6949 1.3527e+00 -0.5978752    25.4560  0.000e+00
     50.581     51.009    10.2814  36.546552    33.1431    185.767    -0.0150      7.972    88.6175 1.4803e+00  0.1638769    25.4557  0.000e+00
     50.485     50.912    10.2805  36.546053    33.1435    186.259    -0.0150      7.972    88.6433 1.4717e+00 -0.1010803    25.4562  0.000e+00
     50.467     50.893    10.2804  36.546178    33.1437    186.586    -0.0077      7.972    88.6691 1.4171e+00 -0.3329179    25.4563  0.000e+00
     50.007     50.429    10.2849  36.548790    33.1424    186.202    -0.0077      7.972    88.7724 1.4889e+00 -0.5647556    25.4546  0.000e+00
     49.226     49.641    10.2874  36.550842    33.1426    186.077    -0.0077      7.977    89.0564 1.6622e+00 -0.7303538    25.4542  0.000e+00
     48.688     49.099    10.2892  36.552023    33.1423    186.643    -0.0150      7.977    89.0564 1.8391e+00 -0.4322769    25.4537  0.000e+00
     48.821     49.233    10.2853  36.549347    33.1431    187.248    -0.0077      7.977    89.0823 1.8180e+00  0.0313983    25.4550  0.000e+00
     49.113     49.527    10.2887  36.552087    33.1426    187.146    -0.0004      7.977    89.1081 1.7510e+00  0.3625949    25.4541  0.000e+00
     49.369     49.786    10.2929  36.555387    33.1421    187.040    -0.0077      7.977    89.1597 1.7011e+00  0.1638769    25.4529  0.000e+00
     49.499     49.917    10.2926  36.555263    33.1421    186.785    -0.0004      7.977    89.3921 1.6622e+00 -0.2335590    25.4530  0.000e+00
     49.485     49.903    10.2914  36.554329    33.1423    186.953    -0.0004      7.977    89.5212 1.6574e+00 -0.5316359    25.4533  0.000e+00
     49.422     49.840    10.2911  36.554017    33.1423    187.376    -0.0004      7.977    89.4696 1.6719e+00 -0.7303538    25.4534  0.000e+00
     49.371     49.788    10.2905  36.553581    33.1424    187.117    -0.0004      7.977    89.3921 1.6816e+00 -0.6972342    25.4536  0.000e+00
     49.308     49.724    10.2898  36.553083    33.1426    186.859    -0.0077      7.977    89.3921 1.6816e+00 -0.6309949    25.4538  0.000e+00
     49.240     49.656    10.2900  36.553208    33.1425    187.280    -0.0077      7.977    89.3405 1.6913e+00  0.3625949    25.4538  0.000e+00
     49.192     49.607    10.2905  36.553768    33.1427    187.276    -0.0004      7.977    89.3405 1.6962e+00  0.3625949    25.4538  0.000e+00
     49.135     49.550    10.2905  36.553705    33.1427    187.016    -0.0004      7.977    89.2888 1.7011e+00 -0.7303538    25.4538  0.000e+00
     49.161     49.576    10.2901  36.553581    33.1429    187.018    -0.0004      7.977    89.2114 1.7011e+00 -0.7303538    25.4540  0.000e+00
     49.296     49.713    10.2885  36.552087    33.1427    187.028    -0.0004      7.977    89.1856 1.6767e+00 -0.7303538    25.4542  0.000e+00
     49.417     49.834    10.2882  36.552088    33.1430    187.032    -0.0004      7.977    89.1856 1.6622e+00  0.0645179    25.4544  0.000e+00
     49.509     49.927    10.2886  36.552773    33.1433    187.032    -0.0004      7.977    89.1081 1.6670e+00  1.2568256    25.4546  0.000e+00
     49.611     50.030    10.2895  36.553831    33.1434    187.030    -0.0004      7.977    89.0564 1.6526e+00  0.9918684    25.4546  0.000e+00
     49.662     50.081    10.2903  36.554765    33.1436    187.028    -0.0077      7.977    88.9790 1.6195e+00  0.3294752    25.4546  0.000e+00
     49.619     50.038    10.2909  36.555326    33.1437    186.602    -0.0004      7.977    88.9015 1.5962e+00 -0.0348410    25.4545  0.000e+00
     49.486     49.904    10.2911  36.552897    33.1411    186.601     0.0143      7.977    88.9015 1.5870e+00 -0.2997983    25.4525  0.000e+00
