Arg_Leg3_G14_NV.cnv
* Sea-Bird SBE 9 Data File:
* FileName = S:\CTD_Data\CTD\Data\Argentina 2014\Data\Leg3\Arg_Leg3_G14.hex
* Software Version Seasave V 7.21g
* Temperature SN = 5769
* Conductivity SN = 4244
* Number of Bytes Per Scan = 31
* Number of Voltage Words = 4
* Number of Scans Averaged by the Deck Unit = 24
* NMEA Latitude = 45 49.21 S
* NMEA Longitude = 065 25.37 W
* NMEA UTC (Time) = Feb 12 2014 14:52:10
* NMEA baud rate = 9600
** R/V Coriolis II
** MARES project, ARGENTINA 2014
** Chief scientist : Dr. Gustavo Ferreyra
** Co-Chief scientist : Dr. José Luis Esteves
# nquan = 13
# nvalues = 603                                   
# units = specified
# name 0 = depSM: Depth [salt water, m]
# name 1 = prDM: Pressure, Digiquartz [db]
# name 2 = t090C: Temperature [ITS-90, deg C]
# name 3 = c0mS/cm: Conductivity [mS/cm]
# name 4 = sal00: Salinity, Practical [PSU]
# name 5 = sbeox0Mm/Kg: Oxygen, SBE 43 [umol/Kg]
# name 6 = flECO-AFL: Fluorescence, WET Labs ECO-AFL/FL [mg/m^3]
# name 7 = ph: pH
# name 8 = CStarTr0: Beam Transmission, WET Labs C-Star [%]
# name 9 = par: PAR/Irradiance, Biospherical/Licor
# name 10 = upoly0: Upoly 0, Nitrate
# name 11 = sigma-é00: Density [sigma-theta, Kg/m^3]
# name 12 = flag:  0.000e+00
# span 0 =     -0.067,     76.320                 
# span 1 =     -0.067,     76.965                 
# span 2 =     9.8523,    14.3008                 
# span 3 =   4.078268,  40.274363                 
# span 4 =     2.7922,    33.2209                 
# span 5 =    151.728,    336.450                 
# span 6 =    -0.2715,    29.3549                 
# span 7 =      7.874,      8.261                 
# span 8 =    57.0891,    95.9250                 
# span 9 = 8.8324e-03, 1.8456e+03                 
# span 10 = -0.7634735,  7.6820393                
# span 11 =     1.4003,    25.5566                
# span 12 = 0.0000e+00, 0.0000e+00                
# interval = seconds: 1
# start_time = Feb 12 2014 14:52:10 [NMEA time, header]
# bad_flag = -9.990e-29
*END*
[from data line 223]
     75.727     76.367     9.8532  36.204730    33.1777    152.329    -0.0297      7.874    75.3451 1.4936e-02  7.1190051    25.5551  0.000e+00
     75.581     76.220     9.8535  36.204792    33.1776    152.325    -0.0150      7.874    75.5259 1.4581e-02  6.9534068    25.5549  0.000e+00
     75.746     76.385     9.8529  36.204482    33.1778    152.330    -0.0150      7.874    74.9578 1.4227e-02  6.5890906    25.5552  0.000e+00
     76.053     76.696     9.8526  36.204297    33.1778    152.337    -0.0224      7.879    74.5705 1.2318e-02  5.9929368    25.5552  0.000e+00
     76.316     76.960     9.8525  36.204298    33.1777    152.343    -0.0224      7.874    74.5705 1.1301e-02  5.3305436    25.5552  0.000e+00
     76.320     76.965     9.8527  36.204422    33.1777    151.907    -0.0224      7.874    74.7512 9.3178e-03  5.7942188    25.5551  0.000e+00
     75.968     76.610     9.8536  36.205103    33.1776    151.897    -0.0224      7.874    74.6479 1.0632e-02  6.4234923    25.5550  0.000e+00
     75.568     76.206     9.8532  36.204605    33.1777    152.160    -0.0150      7.874    74.8545 1.3875e-02  6.8540479    25.5551  0.000e+00
     75.467     76.104     9.8530  36.204357    33.1777    152.159    -0.0150      7.874    74.8803 1.4758e-02  7.0196462    25.5551  0.000e+00
     75.637     76.276     9.8528  36.204296    33.1777    152.163    -0.0224      7.874    74.3381 1.4051e-02  7.1521248    25.5551  0.000e+00
     75.624     76.263     9.8528  36.204296    33.1777    151.728    -0.0224      7.879    74.2348 1.4936e-02  7.2183641    25.5551  0.000e+00
     75.214     75.849     9.8537  36.204790    33.1776    152.152    -0.0224      7.874    74.3381 1.6196e-02  7.1852444    25.5549  0.000e+00
     74.674     75.304     9.8532  36.204230    33.1777    152.412    -0.0224      7.879    74.5963 1.9553e-02  7.1852444    25.5550  0.000e+00
     74.200     74.826     9.8529  36.203670    33.1777    152.135    -0.0004      7.874    74.6479 2.1888e-02  6.8209282    25.5551  0.000e+00
     73.893     74.517     9.8530  36.203483    33.1775    152.129    -0.0077      7.874    74.4413 2.5748e-02  6.8540479    25.5549  0.000e+00
     73.758     74.381     9.8533  36.203731    33.1776    152.125    -0.0150      7.879    74.3122 2.6167e-02  7.0527658    25.5549  0.000e+00
     73.560     74.181     9.8534  36.203854    33.1777    152.556    -0.0224      7.879    74.2606 2.8511e-02  6.8209282    25.5550  0.000e+00
     73.089     73.706     9.8531  36.203356    33.1776    152.548    -0.0224      7.874    74.5188 3.2053e-02  6.9534068    25.5550  0.000e+00
     72.476     73.088     9.8526  36.202610    33.1776    152.268    -0.0224      7.874    74.4930 3.6711e-02  7.0527658    25.5550  0.000e+00
     72.089     72.697     9.8532  36.202919    33.1776    152.259    -0.0150      7.879    74.5188 4.2401e-02  7.0858855    25.5549  0.000e+00
     71.913     72.520     9.8527  36.202422    33.1776    152.692    -0.0077      7.874    74.3381 4.1638e-02  7.0196462    25.5550  0.000e+00
     71.526     72.129     9.8530  36.202483    33.1776    152.684    -0.0077      7.874    74.4155 4.5520e-02  7.6820393    25.5549  0.000e+00
     70.817     71.414     9.8526  36.201922    33.1776    152.402    -0.0224      7.874    74.7512 5.2648e-02  6.9202872    25.5550  0.000e+00
     70.201     70.793     9.8531  36.201920    33.1775    152.388    -0.0224      7.874    74.7770 6.0930e-02  5.8273385    25.5548  0.000e+00
     69.947     70.537     9.8531  36.201609    33.1773    152.384    -0.0297      7.879    74.8287 6.5322e-02  5.6948598    25.5547  0.000e+00
     69.746     70.334     9.8531  36.201732    33.1775    152.379    -0.0297      7.879    74.7512 6.5964e-02  5.9929368    25.5548  0.000e+00
     69.149     69.732     9.8534  36.201544    33.1773    152.367    -0.0150      7.879    74.9320 7.6736e-02  6.0591761    25.5546  0.000e+00
     68.236     68.811     9.8537  36.201168    33.1770    152.349    -0.0224      7.879    74.9836 9.2034e-02  6.2578940    25.5543  0.000e+00
     67.485     68.053     9.8541  36.200918    33.1768    152.333    -0.0150      7.879    75.6808 1.0876e-01  6.6553299    25.5540  0.000e+00
     66.983     67.547     9.8541  36.200916    33.1769    152.757    -0.0077      7.879    75.9390 1.1739e-01  6.8540479    25.5541  0.000e+00
     66.451     67.011     9.8545  36.200852    33.1768    152.746    -0.0224      7.879    75.9648 1.2551e-01  6.0260564    25.5540  0.000e+00
     65.932     66.488     9.8588  36.202090    33.1743    152.889    -0.0224      7.879    76.8686 1.3870e-01  5.5955009    25.5513  0.000e+00
     65.516     66.067     9.8655  36.204073    33.1703    152.862    -0.0150      7.884    77.1010 1.5008e-01  5.5623812    25.5471  0.000e+00
     65.071     65.618     9.8715  36.206551    33.1676    153.435    -0.0150      7.888    79.7348 1.6335e-01  5.9266974    25.5439  0.000e+00
     64.514     65.057     9.8755  36.207852    33.1654    154.713    -0.0297      7.888    81.8780 1.7941e-01  7.2183641    25.5415  0.000e+00
     63.924     64.462     9.8756  36.208284    33.1661    156.331    -0.0297      7.888    80.9226 1.9463e-01  7.2846034    25.5420  0.000e+00
     63.410     63.943     9.8756  36.208654    33.1666    157.683    -0.0224      7.893    79.9930 2.1233e-01  6.4566120    25.5425  0.000e+00
     62.882     63.412     9.8771  36.209582    33.1665    158.060    -0.0150      7.893    80.1479 2.3054e-01  6.1916547    25.5421  0.000e+00
     62.238     62.761     9.8774  36.209704    33.1666    158.006    -0.0150      7.893    81.1550 2.5339e-01  6.7878085    25.5422  0.000e+00
     61.511     62.028     9.8796  36.210446    33.1657    157.779    -0.0224      7.893    82.7559 2.8461e-01  7.1190051    25.5410  0.000e+00
     60.923     61.435     9.8793  36.209699    33.1655    157.831    -0.0150      7.893    83.3757 3.1392e-01  7.2846034    25.5409  0.000e+00
     60.520     61.029     9.8727  36.206597    33.1685    157.741    -0.0150      7.893    83.9696 3.3488e-01  7.2846034    25.5444  0.000e+00
     60.117     60.622     9.8727  36.206410    33.1685    157.630    -0.0077      7.893    84.0212 3.5478e-01  6.5228513    25.5444  0.000e+00
     59.543     60.044     9.8826  36.210315    33.1636    156.888    -0.0077      7.893    84.8217 3.8536e-01  6.9865265    25.5389  0.000e+00
     58.845     59.339     9.8837  36.210622    33.1632    157.036    -0.0077      7.893    85.2090 4.3157e-01  7.4170821    25.5384  0.000e+00
     58.199     58.688     9.8834  36.210248    33.1635    157.724     0.0289      7.893    84.8475 4.7972e-01  6.9865265    25.5386  0.000e+00
     57.611     58.095     9.8841  36.210370    33.1632    158.740     0.0069      7.898    84.8733 5.1500e-01  6.7878085    25.5383  0.000e+00
     57.073     57.552     9.8852  36.210864    33.1629    159.323    -0.0004      7.898    85.3898 5.5773e-01  6.6884496    25.5379  0.000e+00
     56.240     56.712     9.8879  36.212287    33.1622    159.360    -0.0077      7.898    85.9578 6.2608e-01  6.5228513    25.5369  0.000e+00
     55.358     55.822     9.8911  36.214207    33.1617    159.229    -0.0077      7.898    85.9320 7.1277e-01  6.1916547    25.5359  0.000e+00
     54.548     55.006     9.8943  36.216127    33.1610    159.100     0.0216      7.898    85.6480 8.0818e-01  6.5228513    25.5348  0.000e+00
     54.264     54.720     9.8920  36.214451    33.1616    159.699     0.0289      7.898    86.2419 8.6028e-01  6.6884496    25.5356  0.000e+00
     54.167     54.621     9.8848  36.209923    33.1636    159.886     0.0143      7.898    86.5259 8.6284e-01  6.5890906    25.5384  0.000e+00
     53.732     54.183     9.8874  36.211596    33.1631    159.766     0.0143      7.898    86.7325 9.1555e-01  6.1585350    25.5376  0.000e+00
     53.103     53.549     9.9010  36.220835    33.1603    159.441     0.0143      7.898    86.9391 1.0004e+00  6.1916547    25.5331  0.000e+00
     52.648     53.089     9.9095  36.226602    33.1586    159.568     0.0143      7.903    87.0940 1.0736e+00  6.1916547    25.5304  0.000e+00
     52.744     53.186     9.9087  36.226106    33.1588    160.004     0.0143      7.903    87.1198 1.0673e+00  6.2910137    25.5307  0.000e+00
     52.902     53.346     9.9119  36.228464    33.1582    161.025     0.0143      7.903    87.2231 1.0333e+00  6.5228513    25.5297  0.000e+00
     52.792     53.235     9.9139  36.229828    33.1577    161.180     0.0436      7.902    87.9461 1.0517e+00  6.9202872    25.5290  0.000e+00
     52.596     53.038     9.9122  36.228959    33.1585    161.677     0.0509      7.903    88.4109 1.0863e+00  6.6553299    25.5299  0.000e+00
     52.661     53.103     9.9164  36.231937    33.1577    161.829     0.0362      7.902    88.4367 1.0799e+00  6.9202872    25.5285  0.000e+00
     52.756     53.199     9.9173  36.232620    33.1575    161.892     0.0582      7.902    88.5142 1.0548e+00  7.3177231    25.5283  0.000e+00
     52.605     53.046     9.9179  36.233178    33.1576    162.051     0.0436      7.902    88.5658 1.0704e+00  7.2183641    25.5282  0.000e+00
     52.426     52.866     9.9182  36.233363    33.1576    161.945     0.0436      7.902    88.6175 1.0959e+00  6.4897316    25.5281  0.000e+00
     52.406     52.846     9.9182  36.233425    33.1576    162.109     0.0509      7.902    88.4884 1.0991e+00  6.7215692    25.5282  0.000e+00
     52.507     52.947     9.9180  36.233301    33.1576    162.277     0.0582      7.902    88.5658 1.0863e+00  7.0527658    25.5282  0.000e+00
     52.487     52.927     9.9177  36.232867    33.1575    162.012     0.0509      7.902    88.6433 1.0959e+00  6.4897316    25.5281  0.000e+00
     52.232     52.670     9.9182  36.233300    33.1576    162.170     0.0362      7.907    88.5917 1.1486e+00  6.7546889    25.5282  0.000e+00
     52.021     52.457     9.9173  36.232741    33.1580    162.168     0.0436      7.902    88.5917 1.1966e+00  6.4897316    25.5286  0.000e+00
     52.017     52.453     9.9183  36.233238    33.1575    162.330     0.0582      7.907    88.5142 1.1931e+00  6.1254154    25.5281  0.000e+00
     51.910     52.346     9.9182  36.233237    33.1577    162.328     0.0729      7.902    88.6175 1.1827e+00  6.1254154    25.5282  0.000e+00
     51.419     51.850     9.9189  36.233794    33.1578    162.049     0.0436      7.907    88.6691 1.2502e+00  6.3241333    25.5282  0.000e+00
     50.734     51.159     9.9210  36.235715    33.1581    162.458     0.0362      7.902    88.5658 1.3725e+00  6.1916547    25.5280  0.000e+00
     50.210     50.631     9.9248  36.238691    33.1580    162.433     0.0582      7.907    88.5142 1.4889e+00  6.2578940    25.5273  0.000e+00
     50.033     50.453     9.9252  36.238628    33.1576    162.163     0.0436      7.907    88.5917 1.5461e+00  6.5228513    25.5269  0.000e+00
     50.207     50.628     9.9218  36.235961    33.1579    162.609     0.0362      7.907    88.5917 1.5150e+00  6.1254154    25.5277  0.000e+00
     50.439     50.862     9.9186  36.233356    33.1581    162.625     0.0509      7.907    88.5142 1.4547e+00  5.9266974    25.5284  0.000e+00
     50.369     50.791     9.9218  36.236085    33.1579    162.346     0.0582      7.907    88.4109 1.4717e+00  6.3903726    25.5277  0.000e+00
     50.199     50.619     9.9256  36.239559    33.1581    162.329     0.0655      7.907    88.3851 1.4975e+00  7.2846034    25.5272  0.000e+00
     50.124     50.544     9.9330  36.246011    33.1579    162.301     0.0655      7.907    88.7982 1.5238e+00  7.1190051    25.5258  0.000e+00
     50.104     50.524     9.9380  36.250292    33.1576    162.282     0.0582      7.907    89.0306 1.5372e+00  6.2578940    25.5248  0.000e+00
     50.101     50.521     9.9381  36.250354    33.1576    162.713     0.0655      7.907    89.0564 1.5461e+00  5.9929368    25.5248  0.000e+00
     50.159     50.579     9.9382  36.250479    33.1576    162.714     0.0509      7.907    89.0306 1.5416e+00  6.0260564    25.5248  0.000e+00
     50.294     50.716     9.9365  36.249300    33.1579    162.887     0.0655      7.907    89.0564 1.5150e+00  5.5292615    25.5253  0.000e+00
     50.398     50.820     9.9332  36.246509    33.1581    162.901     0.0582      7.907    89.0048 1.4975e+00  5.5292615    25.5260  0.000e+00
     50.440     50.863     9.9299  36.243282    33.1579    162.649     0.0582      7.907    88.9790 1.4846e+00  5.9929368    25.5264  0.000e+00
     50.317     50.739     9.9286  36.242227    33.1579    162.651     0.0509      7.907    89.0306 1.4846e+00  6.4897316    25.5266  0.000e+00
     50.038     50.458     9.9365  36.249175    33.1579    162.616     0.0582      7.907    89.1081 1.5327e+00  6.8209282    25.5253  0.000e+00
     49.915     50.333     9.9390  36.250726    33.1573    162.605     0.0655      7.907    89.1081 1.5641e+00  6.6222103    25.5244  0.000e+00
     50.072     50.492     9.9381  36.250292    33.1576    162.612     0.0729      7.907    89.0564 1.5372e+00  6.2578940    25.5248  0.000e+00
     50.286     50.707     9.9349  36.247873    33.1580    163.058     0.0802      7.912    89.0564 1.4932e+00  5.8273385    25.5256  0.000e+00
     50.338     50.760     9.9336  36.246819    33.1581    163.064     0.0655      7.907    89.1597 1.4975e+00  5.1980650    25.5259  0.000e+00
     50.264     50.686     9.9337  36.246942    33.1581    162.796     0.0582      7.907    89.0823 1.5283e+00  6.9534068    25.5260  0.000e+00
     50.242     50.663     9.9344  36.247377    33.1579    162.793     0.0582      7.907    89.1339 1.5506e+00  6.4897316    25.5257  0.000e+00
     50.348     50.770     9.9325  36.245888    33.1581    162.802     0.0509      7.907    89.0564 1.5150e+00  6.1254154    25.5262  0.000e+00
     50.428     50.851     9.9317  36.245330    33.1582    162.807     0.0509      7.907    89.0564 1.4674e+00  5.8935778    25.5264  0.000e+00
     50.350     50.773     9.9314  36.244957    33.1582    162.806     0.0436      7.907    88.9790 1.4717e+00  6.0922957    25.5264  0.000e+00
     50.257     50.678     9.9324  36.245639    33.1580    162.801     0.0436      7.907    89.0306 1.4932e+00  6.0260564    25.5261  0.000e+00
     50.258     50.680     9.9326  36.245950    33.1581    162.369     0.0582      7.907    89.0823 1.4932e+00  5.9598171    25.5261  0.000e+00
     50.196     50.617     9.9327  36.246074    33.1582    162.798     0.0582      7.907    89.0823 1.4975e+00  6.0591761    25.5261  0.000e+00
     50.018     50.437     9.9352  36.247810    33.1577    162.621     0.0509      7.907    89.0823 1.5416e+00  6.5890906    25.5254  0.000e+00
     49.933     50.351     9.9381  36.250230    33.1576    162.343     0.0509      7.907    89.0306 1.5824e+00  6.9865265    25.5248  0.000e+00
     50.111     50.531     9.9331  36.245949    33.1577    162.631     0.0582      7.912    88.9790 1.5551e+00  7.1190051    25.5257  0.000e+00
     50.394     50.816     9.9267  36.240428    33.1579    163.091     0.0582      7.912    89.1081 1.4803e+00  7.0196462    25.5269  0.000e+00
     50.517     50.941     9.9262  36.240119    33.1580    163.095     0.0582      7.907    88.9790 1.4589e+00  6.1916547    25.5271  0.000e+00
     50.561     50.985     9.9263  36.240367    33.1581    162.830     0.0582      7.907    88.9273 1.4547e+00  5.4961419    25.5271  0.000e+00
     50.607     51.032     9.9242  36.238134    33.1577    162.408     0.0436      7.907    88.9273 1.4295e+00  5.7610991    25.5272  0.000e+00
     50.457     50.880     9.9260  36.240056    33.1581    162.398     0.0436      7.907    88.8499 1.4379e+00  6.0591761    25.5272  0.000e+00
     50.091     50.511     9.9360  36.248927    33.1581    162.620     0.0436      7.907    88.9532 1.5194e+00  5.5292615    25.5255  0.000e+00
     49.844     50.262     9.9446  36.255379    33.1569    162.585     0.0509      7.907    89.0306 1.5916e+00  6.9202872    25.5232  0.000e+00
