Arg_L2_SF03_NV.cnv
* Sea-Bird SBE 9 Data File:
* FileName = S:\CTD_Data\CTD\Data\Argentina 2014\Data\Arg_L2_SF03.hex
* Software Version Seasave V 7.21g
* Temperature SN = 5769
* Conductivity SN = 4244
* Number of Bytes Per Scan = 31
* Number of Voltage Words = 4
* Number of Scans Averaged by the Deck Unit = 24
* NMEA Latitude = 45 56.69 S
* NMEA Longitude = 065 33.77 W
* NMEA UTC (Time) = Feb 07 2014 21:08:30
* NMEA baud rate = 9600
** R/V Coriolis II
** MARES project, ARGENTINA 2014
** Chief scientist : Dr. Gustavo Ferreyra
** Co-Chief scientist : Dr. José Luis Esteves
# nquan = 13
# nvalues = 641                                   
# units = specified
# name 0 = depSM: Depth [salt water, m]
# name 1 = prDM: Pressure, Digiquartz [db]
# name 2 = t090C: Temperature [ITS-90, deg C]
# name 3 = c0mS/cm: Conductivity [mS/cm]
# name 4 = sal00: Salinity, Practical [PSU]
# name 5 = sbeox0Mm/Kg: Oxygen, SBE 43 [umol/Kg]
# name 6 = flECO-AFL: Fluorescence, WET Labs ECO-AFL/FL [mg/m^3]
# name 7 = ph: pH
# name 8 = CStarTr0: Beam Transmission, WET Labs C-Star [%]
# name 9 = par: PAR/Irradiance, Biospherical/Licor
# name 10 = upoly0: Upoly 0, Nitrate
# name 11 = sigma-é00: Density [sigma-theta, Kg/m^3]
# name 12 = flag:  0.000e+00
# span 0 =     -0.415,     80.841                 
# span 1 =     -0.418,     81.525                 
# span 2 =     9.4636,    14.0688                 
# span 3 =   3.735515,  39.751513                 
# span 4 =     2.5633,    33.2971                 
# span 5 =    140.075,    273.972                 
# span 6 =    -0.0810,     1.2011                 
# span 7 =      7.828,      8.235                 
# span 8 =    44.1008,    97.2936                 
# span 9 = 1.0000e-12, 2.5282e+02                 
# span 10 = -0.7634735,  14.736526                
# span 11 =     1.2671,    25.7101                
# span 12 = 0.0000e+00, 0.0000e+00                
# interval = seconds: 1
# start_time = Feb 07 2014 21:08:30 [NMEA time, header]
# bad_flag = -9.990e-29
*END*
[from data line 445]
     36.436     36.741    13.4466  39.491229    33.1902    223.573     0.4611      8.194    96.5964 2.5817e+00 -0.5978752    24.9029  0.000e+00
     35.597     35.894    13.5113  39.551597    33.1908    224.513     0.5271      8.198    96.5964 2.8212e+00 -0.4985162    24.8903  0.000e+00
     35.190     35.484    13.5294  39.569201    33.1917    224.553     0.6150      8.198    96.4931 2.9448e+00 -0.5647556    24.8873  0.000e+00
     35.096     35.390    13.5359  39.576076    33.1925    225.584     0.5857      8.198    96.3124 2.8948e+00 -0.5978752    24.8866  0.000e+00
     34.818     35.109    13.5399  39.580767    33.1935    225.598     0.5271      8.203    96.3640 2.9280e+00 -0.4653966    24.8866  0.000e+00
     34.022     34.306    13.5333  39.576073    33.1952    225.232     0.5344      8.203    96.3640 3.1628e+00 -0.5316359    24.8892  0.000e+00
     33.066     33.342    13.5500  39.591171    33.1952    225.582     0.6003      8.203    96.3898 3.5450e+00 -0.5647556    24.8858  0.000e+00
     32.341     32.611    13.5501  39.592519    33.1967    225.656     0.7395      8.207    96.2349 3.8612e+00 -0.4985162    24.8869  0.000e+00
     31.828     32.093    13.5659  39.607107    33.1968    225.665     0.7688      8.207    96.0541 4.0526e+00 -0.5316359    24.8837  0.000e+00
     31.322     31.583    13.5693  39.610577    33.1973    225.938     0.7395      8.207    95.9250 4.2534e+00 -0.5647556    24.8834  0.000e+00
     30.604     30.860    13.5736  39.614495    33.1975    225.842     0.7762      8.207    95.8992 4.5279e+00 -0.4985162    24.8828  0.000e+00
     29.802     30.051    13.5749  39.616421    33.1985    225.758     0.7615      8.207    95.8217 4.9306e+00 -0.4985162    24.8832  0.000e+00
     29.196     29.439    13.5788  39.620212    33.1989    225.873     0.8567      8.212    95.8217 5.2782e+00 -0.4985162    24.8827  0.000e+00
     28.827     29.068    13.5823  39.623682    33.1993    226.356     0.8714      8.212    95.6410 5.4610e+00 -0.4985162    24.8823  0.000e+00
     28.463     28.700    13.5854  39.626767    33.1996    226.124     0.8348      8.212    95.5893 5.5705e+00 -0.4985162    24.8818  0.000e+00
     27.767     27.998    13.5888  39.630301    33.2002    225.676     0.8421      8.212    95.7185 5.9122e+00 -0.4985162    24.8816  0.000e+00
     26.781     27.004    13.5924  39.633769    33.2008    226.345     0.8494      8.212    95.6410 6.6217e+00 -0.5647556    24.8813  0.000e+00
     25.951     26.167    13.5947  39.635888    33.2011    225.953     0.8787      8.212    95.5635 7.3946e+00 -0.5978752    24.8811  0.000e+00
     25.581     25.794    13.5988  39.640066    33.2015    226.226     0.9154      8.212    95.5377 7.6934e+00 -0.4985162    24.8806  0.000e+00
     25.284     25.495    13.6024  39.643216    33.2015    226.406     0.9007      8.216    95.5635 7.6717e+00 -0.4985162    24.8798  0.000e+00
     24.435     24.639    13.6059  39.646814    33.2021    226.667     0.9154      8.216    95.3569 8.2572e+00 -0.4985162    24.8796  0.000e+00
     23.416     23.611    13.6122  39.652019    33.2020    226.252     0.9154      8.216    95.4602 9.4839e+00 -0.5978752    24.8781  0.000e+00
     22.864     23.055    13.6186  39.659091    33.2032    225.081     1.0179      8.216    95.4344 1.0207e+01 -0.5978752    24.8777  0.000e+00
     22.664     22.852    13.6214  39.661663    33.2033    226.337     0.9520      8.216    95.3311 1.0149e+01 -0.5647556    24.8772  0.000e+00
     22.364     22.551    13.6292  39.668801    33.2033    225.989     0.9740      8.216    95.1762 1.0381e+01 -0.4985162    24.8757  0.000e+00
     22.017     22.200    13.6289  39.668607    33.2035    226.078     0.9300      8.216    95.0729 1.0800e+01 -0.4985162    24.8759  0.000e+00
     21.578     21.758    13.6294  39.669184    33.2038    226.116     0.9373      8.216    95.2020 1.1267e+01 -0.4985162    24.8759  0.000e+00
     21.002     21.177    13.6302  39.669954    33.2040    225.330     0.9593      8.216    95.1504 1.2125e+01 -0.4985162    24.8760  0.000e+00
     20.618     20.790    13.6349  39.674584    33.2044    225.145     1.0106      8.216    95.0213 1.2830e+01 -0.4985162    24.8753  0.000e+00
     20.529     20.700    13.6379  39.677157    33.2043    225.333     1.0545      8.221    94.9696 1.2721e+01 -0.5647556    24.8746  0.000e+00
     20.421     20.591    13.6371  39.676513    33.2045    226.251     1.0472      8.221    94.8922 1.2473e+01 -0.4985162    24.8749  0.000e+00
     20.072     20.239    13.6376  39.677090    33.2047    225.169     0.9959      8.221    94.9696 1.2757e+01 -0.4985162    24.8750  0.000e+00
     19.635     19.798    13.6422  39.681528    33.2050    225.082     0.9520      8.221    94.9438 1.3613e+01 -0.5978752    24.8743  0.000e+00
     19.335     19.496    13.6470  39.685837    33.2050    226.021     1.0545      8.221    94.8147 1.4161e+01 -0.4985162    24.8733  0.000e+00
     19.383     19.545    13.6479  39.686802    33.2051    226.169     1.0326      8.221    94.7631 1.4002e+01 -0.4985162    24.8731  0.000e+00
     19.429     19.590    13.6505  39.689375    33.2052    225.242     1.0399      8.221    94.7889 1.3536e+01 -0.6309949    24.8727  0.000e+00
     19.379     19.540    13.6520  39.690726    33.2052    225.029     1.0106      8.221    94.7631 1.3574e+01 -0.4985162    24.8724  0.000e+00
     19.297     19.458    13.6530  39.691755    33.2053    226.142     1.0472      8.221    94.6856 1.3767e+01 -0.4985162    24.8723  0.000e+00
     19.348     19.509    13.6525  39.691369    33.2053    226.502     1.0619      8.221    94.7372 1.3690e+01 -0.6309949    24.8724  0.000e+00
     19.495     19.657    13.6526  39.691692    33.2055    226.453     1.0252      8.221    94.7631 1.3160e+01 -0.4985162    24.8725  0.000e+00
     19.589     19.752    13.6529  39.692014    33.2055    226.250     1.0106      8.221    94.7114 1.2830e+01 -0.4985162    24.8724  0.000e+00
     19.674     19.838    13.6515  39.690792    33.2056    225.698     1.0179      8.226    94.7372 1.2579e+01 -0.6309949    24.8728  0.000e+00
     19.722     19.886    13.6522  39.691628    33.2057    226.408     1.0106      8.226    94.7889 1.2367e+01 -0.6641145    24.8728  0.000e+00
     19.623     19.786    13.6511  39.690470    33.2056    226.615     1.0179      8.226    94.7889 1.2437e+01 -0.4985162    24.8729  0.000e+00
     19.478     19.640    13.6492  39.688797    33.2058    224.787     1.0179      8.226    94.6856 1.2830e+01 -0.5978752    24.8734  0.000e+00
     19.520     19.682    13.6507  39.690083    33.2057    225.849     1.0399      8.226    94.7631 1.2830e+01 -0.6972342    24.8730  0.000e+00
     19.665     19.829    13.6516  39.691178    33.2058    225.599     1.0326      8.226    94.8405 1.2367e+01 -0.5978752    24.8730  0.000e+00
     19.761     19.925    13.6480  39.687768    33.2058    225.361     1.0033      8.226    94.5823 1.2091e+01 -0.5316359    24.8737  0.000e+00
     19.784     19.948    13.6424  39.682815    33.2059    226.356     1.0179      8.226    94.7631 1.1888e+01 -0.4985162    24.8749  0.000e+00
     19.745     19.910    13.6438  39.684101    33.2060    224.720     1.0106      8.226    94.7114 1.1855e+01 -0.4985162    24.8747  0.000e+00
     19.771     19.935    13.6458  39.685903    33.2059    224.864     1.0106      8.226    94.8663 1.1888e+01 -0.4985162    24.8742  0.000e+00
     19.872     20.038    13.6471  39.687190    33.2060    226.034     1.0326      8.226    94.8405 1.1590e+01 -0.4985162    24.8740  0.000e+00
     19.839     20.004    13.6474  39.687640    33.2061    225.827     1.0326      8.226    94.7631 1.1460e+01 -0.4985162    24.8741  0.000e+00
     19.699     19.863    13.6528  39.692658    33.2061    225.949     0.9886      8.226    94.6339 1.1623e+01 -0.6972342    24.8730  0.000e+00
     19.666     19.830    13.6532  39.692915    33.2061    225.947     0.9740      8.226    94.7114 1.1755e+01 -0.7634735    24.8729  0.000e+00
     19.778     19.943    13.6528  39.692465    33.2060    225.748     1.0399      8.226    94.8405 1.1525e+01 -0.7634735    24.8728  0.000e+00
     19.878     20.044    13.6457  39.686032    33.2060    224.715     1.0545      8.226    94.8922 1.1363e+01 -0.6972342    24.8743  0.000e+00
     19.926     20.092    13.6416  39.682365    33.2062    225.448     1.0472      8.226    94.9180 1.1331e+01 -0.6641145    24.8753  0.000e+00
     20.002     20.169    13.6461  39.686740    33.2064    225.686     1.0252      8.226    94.7631 1.1109e+01 -0.5316359    24.8745  0.000e+00
     19.981     20.147    13.6480  39.688220    33.2061    225.624     1.0326      8.226    94.8147 1.0892e+01 -0.6641145    24.8739  0.000e+00
     19.863     20.028    13.6482  39.688605    33.2063    225.824     1.0912      8.226    94.7889 1.0985e+01 -0.6972342    24.8741  0.000e+00
     19.748     19.913    13.6496  39.689763    33.2062    225.966     1.0326      8.226    94.7114 1.1204e+01 -0.4985162    24.8737  0.000e+00
     19.703     19.867    13.6502  39.690277    33.2062    225.606     1.0326      8.226    94.7631 1.1299e+01 -0.7634735    24.8736  0.000e+00
     19.781     19.945    13.6524  39.692594    33.2064    226.461     1.0399      8.226    94.6598 1.1236e+01 -0.7634735    24.8733  0.000e+00
     19.966     20.132    13.6512  39.691501    33.2063    225.252     1.0472      8.226    94.7631 1.0954e+01 -0.5978752    24.8735  0.000e+00
     20.167     20.335    13.6480  39.688542    33.2063    225.728     1.0326      8.226    94.7372 1.0499e+01 -0.6972342    24.8741  0.000e+00
     20.198     20.366    13.6449  39.685840    33.2065    225.849     1.0179      8.226    94.8663 1.0236e+01 -0.5978752    24.8749  0.000e+00
     19.951     20.117    13.6478  39.688413    33.2064    225.215     1.0252      8.226    94.8147 1.0499e+01 -0.7634735    24.8742  0.000e+00
     19.652     19.816    13.6506  39.690727    33.2063    225.958     1.0179      8.226    94.7631 1.1267e+01 -0.7634735    24.8735  0.000e+00
     19.548     19.710    13.6498  39.689955    33.2063    225.247     1.0912      8.226    94.7631 1.1525e+01 -0.7634735    24.8737  0.000e+00
     19.763     19.928    13.6488  39.688991    33.2062    224.698     1.0839      8.226    94.8405 1.1109e+01 -0.5978752    24.8738  0.000e+00
     20.149     20.316    13.6485  39.689250    33.2065    226.186     1.0252      8.226    94.7889 1.0236e+01 -0.4985162    24.8741  0.000e+00
     20.205     20.373    13.6476  39.688285    33.2064    225.685     1.0179      8.226    94.7889 9.8945e+00 -0.6972342    24.8742  0.000e+00
     19.876     20.042    13.6477  39.688541    33.2066    225.773     1.0179      8.226    94.8147 1.0352e+01 -0.7634735    24.8744  0.000e+00
     19.727     19.891    13.6487  39.688991    33.2063    226.174     1.0545      8.226    94.8405 1.0985e+01 -0.7634735    24.8739  0.000e+00
     19.902     20.067    13.6475  39.687962    33.2063    225.419     1.1791      8.226    94.7631 1.0892e+01 -0.5978752    24.8742  0.000e+00
     20.018     20.184    13.6453  39.686032    33.2063    225.077     1.1644      8.226    94.7372 1.0589e+01 -0.4653966    24.8746  0.000e+00
     20.040     20.207    13.6444  39.685389    33.2065    225.642     1.0765      8.226    94.8147 1.0499e+01 -0.7303538    24.8750  0.000e+00
     20.095     20.262    13.6429  39.683974    33.2065    225.499     1.0619      8.226    94.9180 1.0236e+01 -0.7634735    24.8753  0.000e+00
     19.895     20.060    13.6418  39.682880    33.2065    226.006     1.0179      8.226    94.8663 1.0236e+01 -0.7634735    24.8755  0.000e+00
     19.429     19.590    13.6436  39.684229    33.2064    225.833     0.9886      8.226    94.9438 1.0954e+01 -0.7634735    24.8750  0.000e+00
     19.254     19.414    13.6430  39.683521    33.2063    224.710     1.0472      8.226    94.8147 1.1492e+01 -0.7634735    24.8751  0.000e+00
     19.400     19.562    13.6425  39.683199    33.2064    225.277     1.0619      8.226    94.8405 1.1236e+01 -0.7634735    24.8752  0.000e+00
     19.260     19.421    13.6433  39.683907    33.2064    226.746     1.0326      8.226    94.7372 1.1331e+01 -0.5978752    24.8751  0.000e+00
     18.793     18.950    13.6469  39.687379    33.2067    225.087     1.0033      8.226    94.9180 1.1888e+01 -0.4985162    24.8746  0.000e+00
     18.349     18.501    13.6520  39.691687    33.2065    224.438     1.0033      8.226    94.7372 1.2437e+01 -0.6641145    24.8734  0.000e+00
     17.869     18.018    13.6550  39.694259    33.2065    225.583     1.0326      8.226    94.6339 1.3122e+01 -0.6309949    24.8727  0.000e+00
     17.244     17.387    13.6579  39.696637    33.2065    225.552     1.0765      8.226    94.6339 1.4161e+01 -0.5647556    24.8721  0.000e+00
     16.591     16.729    13.6586  39.697149    33.2066    226.037     1.0985      8.226    94.7889 1.5455e+01 -0.4985162    24.8721  0.000e+00
     16.142     16.276    13.6583  39.696569    33.2064    225.314     1.0692      8.230    94.7631 1.6398e+01 -0.7303538    24.8720  0.000e+00
     15.956     16.088    13.6586  39.697018    33.2067    225.255     1.0545      8.230    94.6856 1.6725e+01 -0.5978752    24.8721  0.000e+00
     16.073     16.206    13.6597  39.697855    33.2065    225.662     1.1425      8.230    94.6856 1.6032e+01 -0.4985162    24.8718  0.000e+00
     15.881     16.013    13.6604  39.698498    33.2065    225.449     1.1205      8.226    94.7114 1.6352e+01 -0.4985162    24.8716  0.000e+00
     15.277     15.404    13.6634  39.701198    33.2067    225.417     1.0472      8.226    94.6081 1.7896e+01 -0.4985162    24.8711  0.000e+00
     14.765     14.888    13.6668  39.703963    33.2065    226.097     1.0545      8.230    94.7114 1.9366e+01 -0.4985162    24.8703  0.000e+00
     14.498     14.619    13.6696  39.706407    33.2065    226.077     1.1058      8.230    94.5565 2.0088e+01 -0.6972342    24.8697  0.000e+00
     14.160     14.278    13.6721  39.708722    33.2066    226.003     1.1132      8.230    94.7114 2.0721e+01 -0.6309949    24.8692  0.000e+00
     13.548     13.660    13.6788  39.714511    33.2065    225.954     1.0692      8.230    94.5565 2.1860e+01 -0.6641145    24.8678  0.000e+00
     12.945     13.053    13.6900  39.724870    33.2066    225.326     1.0692      8.230    94.5823 2.3522e+01 -0.4985162    24.8656  0.000e+00
     12.342     12.444    13.6964  39.730209    33.2064    225.989     1.1351      8.230    94.4532 2.5238e+01 -0.6309949    24.8640  0.000e+00
     11.604     11.701    13.7016  39.734841    33.2064    226.147     1.1498      8.230    94.5823 2.7931e+01 -0.6641145    24.8630  0.000e+00
     10.885     10.976    13.7043  39.736898    33.2062    225.353     1.1132      8.230    94.5565 3.1527e+01 -0.4985162    24.8623  0.000e+00
     10.356     10.442    13.7052  39.737410    33.2062    226.043     1.1132      8.230    94.5823 3.3921e+01 -0.4985162    24.8621  0.000e+00
      9.881      9.963    13.7024  39.734448    33.2061    225.537     1.0985      8.230    94.5048 3.5886e+01 -0.6972342    24.8625  0.000e+00
      9.209      9.285    13.6989  39.731356    33.2065    224.773     1.0619      8.230    94.5307 3.9159e+01 -0.5647556    24.8635  0.000e+00
      8.447      8.517    13.6977  39.730259    33.2068    225.517     1.0765      8.230    94.5307 4.3702e+01 -0.4985162    24.8640  0.000e+00
      7.720      7.784    13.7029  39.734439    33.2065    225.321     1.0326      8.230    94.5048 4.8910e+01 -0.4985162    24.8627  0.000e+00
      6.993      7.051    13.7052  39.736110    33.2064    225.795     1.1058      8.230    94.4790 5.4124e+01 -0.5978752    24.8621  0.000e+00
      6.271      6.323    13.7081  39.738682    33.2065    225.609     1.0765      8.230    94.5048 6.1430e+01 -0.4985162    24.8616  0.000e+00
      5.850      5.898    13.7107  39.740933    33.2066    225.534     1.0985      8.230    94.4790 6.5353e+01 -0.4985162    24.8611  0.000e+00
