Arg_Leg3_G01_NV.cnv
* Sea-Bird SBE 9 Data File:
* FileName = S:\CTD_Data\CTD\Data\Argentina 2014\Data\Leg3\Arg_Leg3_G01.hex
* Software Version Seasave V 7.21g
* Temperature SN = 5769
* Conductivity SN = 4244
* Number of Bytes Per Scan = 31
* Number of Voltage Words = 4
* Number of Scans Averaged by the Deck Unit = 24
* NMEA Latitude = 46 35.59 S
* NMEA Longitude = 066 55.08 W
* NMEA UTC (Time) = Feb 14 2014 18:30:14
* NMEA baud rate = 9600
** R/V Coriolis II
** MARES project, ARGENTINA 2014
** Chief scientist : Dr. Gustavo Ferreyra
** Co-Chief scientist : Dr. José Luis Esteves
# nquan = 13
# nvalues = 576                                   
# units = specified
# name 0 = depSM: Depth [salt water, m]
# name 1 = prDM: Pressure, Digiquartz [db]
# name 2 = t090C: Temperature [ITS-90, deg C]
# name 3 = c0mS/cm: Conductivity [mS/cm]
# name 4 = sal00: Salinity, Practical [PSU]
# name 5 = sbeox0Mm/Kg: Oxygen, SBE 43 [umol/Kg]
# name 6 = flECO-AFL: Fluorescence, WET Labs ECO-AFL/FL [mg/m^3]
# name 7 = ph: pH
# name 8 = CStarTr0: Beam Transmission, WET Labs C-Star [%]
# name 9 = par: PAR/Irradiance, Biospherical/Licor
# name 10 = upoly0: Upoly 0, Nitrate
# name 11 = sigma-é00: Density [sigma-theta, Kg/m^3]
# name 12 = flag:  0.000e+00
# span 0 =     -0.087,     79.138                 
# span 1 =     -0.087,     79.812                 
# span 2 =     8.4780,    15.6432                 
# span 3 =   2.073904,  41.251681                 
# span 4 =     1.3212,    33.4039                 
# span 5 =    143.136,    284.195                 
# span 6 =    -0.3374,    19.4135                 
# span 7 =      7.774,      8.302                 
# span 8 =    40.6149,    96.1058                 
# span 9 = 1.0000e-12, 1.7793e+03                 
# span 10 = -0.7634735,  4.2707145                
# span 11 =     0.0712,    25.9477                
# span 12 = 0.0000e+00, 0.0000e+00                
# interval = seconds: 1
# start_time = Feb 14 2014 18:30:14 [NMEA time, header]
# bad_flag = -9.990e-29
*END*
[from data line 556]
      1.032      1.040    15.2739  41.244363    33.2444    237.749     0.8641      8.260    81.9296 1.6035e+03 -0.6309949    24.5591  0.000e+00
      0.772      0.779    15.2732  41.243055    33.2439    238.841     0.7615      8.260    81.9296 1.6126e+03 -0.6309949    24.5589  0.000e+00
     -0.015     -0.015    15.2621  18.787341    13.9941    280.173     0.7176      8.260    81.7747 1.5811e+03 -0.6309949     9.7942  0.000e+00
     -0.064     -0.065    15.2347   6.504343     4.4572    284.195    19.4135      8.256    52.3896 1.6446e+03 -0.4985162     2.4966  0.000e+00
     -0.063     -0.063    15.2669   5.995670     4.0821    267.928    12.7981      8.256    77.9015 1.5990e+03 -0.4985162     2.2035  0.000e+00
     -0.067     -0.068    15.3091   5.125255     3.4488    256.570     0.5051      8.256    73.3052 1.4492e+03 -0.4985162     1.7106  0.000e+00
     -0.063     -0.063    15.3475   6.352705     4.3338    242.972     0.6370      8.255    73.7442 1.4370e+03 -0.4985162     2.3835  0.000e+00
     -0.061     -0.062    15.3932  20.141422    15.0470    220.989    -0.0737      8.241    71.2911 1.5031e+03 -0.4985162    10.5756  0.000e+00
     -0.078     -0.079    15.4218   7.103156     4.8751    235.892    -0.1249      8.232    65.7394 1.5945e+03 -0.4985162     2.7863  0.000e+00
     -0.082     -0.083    15.3834   4.404191     2.9289    238.888    -0.1835      8.223    63.5962 1.7106e+03 -0.4985162     1.2993  0.000e+00
     -0.087     -0.087    15.3237   3.832784     2.5303    241.060    -0.3374      8.209    63.9319 1.7793e+03 -0.4985162     1.0027  0.000e+00
     -0.084     -0.085    15.2743   3.031769     1.9758    247.007    -0.0444      8.191    69.3803 1.7793e+03 -0.4985162     0.5840  0.000e+00
     -0.077     -0.077    15.2509   2.392811     1.5393    255.727    -0.0810      8.168    75.5259 1.7397e+03 -0.4985162     0.2517  0.000e+00
     -0.061     -0.062    15.2771   2.087061     1.3318    264.349    -0.1396      8.135    72.9695 1.7106e+03 -0.5647556     0.0877  0.000e+00
     -0.073     -0.073    15.3300   2.073904     1.3212    269.902    -0.1396      8.094    69.7160 1.1836e+03 -0.5316359     0.0712  0.000e+00
     -0.059     -0.059    15.4472   9.096860     6.3542    259.615    -0.1835      8.098    68.9930 1.5630e+02 -0.4985162     3.9153  0.000e+00
     -0.064     -0.065    15.5633  18.600580    13.7377    240.376    -0.1542      8.102    69.0188 1.5499e+02 -0.4985162     9.5426  0.000e+00
     -0.070     -0.070    15.5863  21.134923    15.7818    231.253    -0.1176      8.107    66.9272 1.5154e+02 -0.4985162    11.1014  0.000e+00
     -0.058     -0.059    15.6161  23.136275    17.4093    225.017    -0.0663      8.111    61.3239 1.4245e+02 -0.5647556    12.3404  0.000e+00
     -0.065     -0.066    15.6432  16.827783    12.2947    235.724     0.1388      8.111    59.6455 1.4125e+02 -0.5316359     8.4246  0.000e+00
