Arg_Leg3_G11_NV.cnv
* Sea-Bird SBE 9 Data File:
* FileName = S:\CTD_Data\CTD\Data\Argentina 2014\Data\Leg3\Arg_Leg3_G11.hex
* Software Version Seasave V 7.21g
* Temperature SN = 5769
* Conductivity SN = 4244
* Number of Bytes Per Scan = 31
* Number of Voltage Words = 4
* Number of Scans Averaged by the Deck Unit = 24
* NMEA Latitude = 47 01.07 S
* NMEA Longitude = 065 25.59 W
* NMEA UTC (Time) = Feb 12 2014 00:36:28
* NMEA baud rate = 9600
** R/V Coriolis II
** MARES project, ARGENTINA 2014
** Chief scientist : Dr. Gustavo Ferreyra
** Co-Chief scientist : Dr. José Luis Esteves
# nquan = 13
# nvalues = 472                                   
# units = specified
# name 0 = depSM: Depth [salt water, m]
# name 1 = prDM: Pressure, Digiquartz [db]
# name 2 = t090C: Temperature [ITS-90, deg C]
# name 3 = c0mS/cm: Conductivity [mS/cm]
# name 4 = sal00: Salinity, Practical [PSU]
# name 5 = sbeox0Mm/Kg: Oxygen, SBE 43 [umol/Kg]
# name 6 = flECO-AFL: Fluorescence, WET Labs ECO-AFL/FL [mg/m^3]
# name 7 = ph: pH
# name 8 = CStarTr0: Beam Transmission, WET Labs C-Star [%]
# name 9 = par: PAR/Irradiance, Biospherical/Licor
# name 10 = upoly0: Upoly 0, Nitrate
# name 11 = sigma-é00: Density [sigma-theta, Kg/m^3]
# name 12 = flag:  0.000e+00
# span 0 =     -0.160,     70.148                 
# span 1 =     -0.161,     70.747                 
# span 2 =    11.8024,    13.0234                 
# span 3 =   3.025236,  38.891305                 
# span 4 =     2.0916,    33.4591                 
# span 5 =    191.653,    274.011                 
# span 6 =    -0.1249,     1.6040                 
# span 7 =      7.767,      8.107                 
# span 8 =    68.6831,    87.8170                 
# span 9 = 1.0000e-12, 7.7976e-01                 
# span 10 = -0.7634735, -0.4653966                
# span 11 =     1.0092,    25.3253                
# span 12 = 0.0000e+00, 0.0000e+00                
# interval = seconds: 1
# start_time = Feb 12 2014 00:36:28 [NMEA time, header]
# bad_flag = -9.990e-29
*END*
[from data line 223]
     69.819     70.416    11.8176  37.904451    33.0951    216.320     0.4392      8.093    79.2184 1.0000e-12 -0.6309949    25.1455  0.000e+00
     69.761     70.357    11.8198  37.906156    33.0948    215.914     0.4318      8.093    79.6315 1.0000e-12 -0.6309949    25.1449  0.000e+00
     69.690     70.286    11.8201  37.906219    33.0946    215.911     0.4392      8.093    80.1479 1.0000e-12 -0.6309949    25.1447  0.000e+00
     69.668     70.263    11.8184  37.904703    33.0947    216.154     0.4318      8.088    80.0188 1.0000e-12 -0.6309949    25.1451  0.000e+00
     69.722     70.317    11.8121  37.899841    33.0955    216.184     0.4831      8.093    80.2512 1.0000e-12 -0.6309949    25.1469  0.000e+00
     69.788     70.384    11.8097  37.898009    33.0959    216.590     0.4831      8.088    80.1221 1.0000e-12 -0.6309949    25.1476  0.000e+00
     69.795     70.392    11.8071  37.896052    33.0962    216.602     0.4538      8.093    80.0188 1.0000e-12 -0.6309949    25.1484  0.000e+00
     69.761     70.357    11.8099  37.898641    33.0963    215.959     0.4392      8.093    79.9156 1.0000e-12 -0.6309949    25.1479  0.000e+00
     69.795     70.392    11.8161  37.903125    33.0951    216.327     0.4465      8.093    79.8897 1.0000e-12 -0.6309949    25.1458  0.000e+00
     69.831     70.427    11.8157  37.902873    33.0952    216.565     0.4758      8.093    79.7090 1.0000e-12 -0.6309949    25.1460  0.000e+00
     69.747     70.343    11.8157  37.902872    33.0952    216.327     0.4685      8.093    80.0188 1.0000e-12 -0.6309949    25.1460  0.000e+00
     69.671     70.266    11.8151  37.902304    33.0952    215.934     0.4465      8.093    79.8381 1.0000e-12 -0.6309949    25.1461  0.000e+00
     69.734     70.330    11.8146  37.901988    33.0954    215.938     0.5051      8.093    79.9672 1.0000e-12 -0.6309949    25.1463  0.000e+00
     69.842     70.439    11.8133  37.900915    33.0955    216.182     0.5710      8.093    80.0705 1.0000e-12 -0.6309949    25.1466  0.000e+00
     69.842     70.439    11.8130  37.900852    33.0956    216.183     0.4831      8.093    79.5282 1.0000e-12 -0.6309949    25.1468  0.000e+00
     69.777     70.373    11.8137  37.901230    33.0955    216.573     0.4392      8.093    79.4508 1.0000e-12 -0.6309949    25.1466  0.000e+00
     69.757     70.353    11.8165  37.903883    33.0955    216.559     0.4831      8.088    80.0447 1.0000e-12 -0.6309949    25.1461  0.000e+00
     69.778     70.375    11.8208  37.906725    33.0944    215.912     0.5198      8.093    80.3029 1.0000e-12 -0.6309949    25.1444  0.000e+00
     69.768     70.365    11.8162  37.902872    33.0948    215.932     0.4904      8.093    80.3029 1.0000e-12 -0.6309949    25.1456  0.000e+00
     69.666     70.262    11.8127  37.900472    33.0956    216.574     0.4611      8.093    79.9156 1.0000e-12 -0.6309949    25.1469  0.000e+00
     69.612     70.207    11.8155  37.902619    33.0952    216.166     0.4758      8.093    80.1479 1.0000e-12 -0.6309949    25.1460  0.000e+00
     69.750     70.346    11.8139  37.901420    33.0954    215.942     0.4831      8.093    80.1479 1.0000e-12 -0.6309949    25.1465  0.000e+00
     69.936     70.533    11.8115  37.899589    33.0957    216.193     0.4831      8.093    79.4508 1.0000e-12 -0.6309949    25.1472  0.000e+00
     69.987     70.585    11.8121  37.900157    33.0957    216.192     0.4685      8.093    79.2184 1.0000e-12 -0.6309949    25.1471  0.000e+00
     69.801     70.397    11.8135  37.901104    33.0955    216.181     0.4392      8.093    79.6832 1.0000e-12 -0.6309949    25.1466  0.000e+00
     69.169     69.760    11.8132  37.900849    33.0957    216.164     0.4099      8.093    79.7090 1.0000e-12 -0.6309949    25.1468  0.000e+00
     68.420     69.005    11.8210  37.906973    33.0951    216.502     0.4392      8.093    78.9343 1.0000e-12 -0.6309949    25.1449  0.000e+00
     67.832     68.411    11.8357  37.918340    33.0933    216.420     0.4465      8.093    78.4695 1.0000e-12 -0.6309949    25.1407  0.000e+00
     67.363     67.938    11.8427  37.922886    33.0917    216.536     0.4685      8.093    78.0306 1.0000e-12 -0.6309949    25.1382  0.000e+00
     66.825     67.396    11.8539  37.932170    33.0910    216.470     0.4904      8.093    78.0306 1.0000e-12 -0.6309949    25.1355  0.000e+00
     66.103     66.667    11.8716  37.946446    33.0894    216.136     0.4904      8.093    78.2888 1.0000e-12 -0.6309949    25.1310  0.000e+00
     65.298     65.855    11.9118  37.979937    33.0866    215.932     0.4758      8.093    78.1597 1.0000e-12 -0.6309949    25.1213  0.000e+00
     64.555     65.106    11.9769  38.030893    33.0785    216.013     0.4904      8.092    78.1855 1.0000e-12 -0.6309949    25.1029  0.000e+00
     63.889     64.434    12.0332  38.077068    33.0736    216.910     0.4978      8.092    78.8052 1.0000e-12 -0.6309949    25.0885  0.000e+00
     63.185     63.724    12.1056  38.137003    33.0677    216.719     0.5051      8.092    79.6573 1.0000e-12 -0.6309949    25.0702  0.000e+00
     62.431     62.963    12.1520  38.176072    33.0647    216.572     0.5491      8.092    79.8639 1.0000e-12 -0.6309949    25.0592  0.000e+00
     61.754     62.280    12.1860  38.202041    33.0599    216.559     0.5710      8.092    80.0447 1.0000e-12 -0.6309949    25.0490  0.000e+00
     61.128     61.649    12.2131  38.224089    33.0575    216.734     0.5271      8.092    80.4836 1.0000e-12 -0.6309949    25.0420  0.000e+00
     60.457     60.973    12.2037  38.214264    33.0566    216.918     0.5857      8.092    80.7935 1.0000e-12 -0.6309949    25.0431  0.000e+00
     59.824     60.334    12.2148  38.226175    33.0586    216.775     0.6589      8.092    80.9742 1.0000e-12 -0.6309949    25.0425  0.000e+00
     59.164     59.668    12.2184  38.228771    33.0581    216.512     0.5784      8.092    81.0775 1.0000e-12 -0.6309949    25.0415  0.000e+00
     58.293     58.790    12.2288  38.237450    33.0577    216.213     0.6443      8.091    80.7418 1.0000e-12 -0.6309949    25.0391  0.000e+00
     57.380     57.868    12.2430  38.248538    33.0562    216.510     0.5710      8.091    80.2771 1.0000e-12 -0.6309949    25.0353  0.000e+00
     56.619     57.101    12.2523  38.257157    33.0567    216.830     0.5710      8.091    80.2771 1.0000e-12 -0.6309949    25.0338  0.000e+00
     55.887     56.363    12.2656  38.266853    33.0545    216.908     0.6443      8.091    81.3616 1.0000e-12 -0.6309949    25.0296  0.000e+00
     55.348     55.819    12.2613  38.262794    33.0547    216.686     0.6296      8.091    82.2395 1.0000e-12 -0.6309949    25.0306  0.000e+00
     54.974     55.442    12.2373  38.239529    33.0536    216.560     0.6003      8.091    81.8522 1.0000e-12 -0.6309949    25.0342  0.000e+00
     54.478     54.942    12.1939  38.209617    33.0633    217.117     0.6663      8.092    81.9296 1.0000e-12 -0.6309949    25.0500  0.000e+00
     53.657     54.114    12.2836  38.282632    33.0548    216.309     0.7102      8.091    82.2912 1.0000e-12 -0.6309949    25.0264  0.000e+00
     52.635     53.083    12.3071  38.302414    33.0535    215.949     0.5710      8.091    82.1620 1.0000e-12 -0.6309949    25.0208  0.000e+00
     51.635     52.073    12.3608  38.346943    33.0494    216.290     0.6516      8.091    82.4461 1.0000e-12 -0.6309949    25.0074  0.000e+00
     50.774     51.205    12.4094  38.386033    33.0444    216.431     0.6956      8.091    83.7113 1.0000e-12 -0.6309949    24.9943  0.000e+00
     50.082     50.507    12.4352  38.407552    33.0426    216.833     0.6956      8.091    84.5635 1.0000e-12 -0.6309949    24.9879  0.000e+00
     49.638     50.059    12.3923  38.367622    33.0423    217.557     0.6882      8.091    84.6151 1.0000e-12 -0.6309949    24.9959  0.000e+00
     49.209     49.627    12.4017  38.387996    33.0537    217.797     0.6370      8.091    84.4860 1.0000e-12 -0.6309949    25.0029  0.000e+00
     48.480     48.892    12.4943  38.458670    33.0403    217.299     0.6296      8.090    84.7959 1.0000e-12 -0.6309949    24.9747  0.000e+00
     47.635     48.040    12.5083  38.470928    33.0400    217.902     0.6663      8.095    85.2865 1.0000e-12 -0.6309949    24.9718  0.000e+00
     46.877     47.275    12.5441  38.499202    33.0360    218.255     0.7835      8.095    85.2865 1.0000e-12 -0.6309949    24.9617  0.000e+00
     46.164     46.556    12.5566  38.509241    33.0349    218.646     0.8274      8.095    86.2161 1.0000e-12 -0.6309949    24.9585  0.000e+00
     45.453     45.838    12.5638  38.515912    33.0352    219.281     0.8201      8.095    86.5001 1.0000e-12 -0.6309949    24.9573  0.000e+00
     44.799     45.179    12.5806  38.529704    33.0339    219.653     0.8641      8.095    86.8100 1.0000e-12 -0.6641145    24.9531  0.000e+00
     44.198     44.573    12.6089  38.552844    33.0315    219.597     0.8567      8.095    86.8874 1.0000e-12 -0.6641145    24.9457  0.000e+00
     43.547     43.917    12.6262  38.566196    33.0293    219.967     0.8421      8.095    86.7841 1.0000e-12 -0.6641145    24.9407  0.000e+00
     42.714     43.077    12.6369  38.575542    33.0291    220.205     0.9666      8.099    86.9907 1.0000e-12 -0.6641145    24.9384  0.000e+00
     41.773     42.127    12.6572  38.592013    33.0274    220.927     0.9373      8.099    86.8100 1.0000e-12 -0.6641145    24.9331  0.000e+00
     40.948     41.295    12.6684  38.601170    33.0267    221.539     1.0472      8.099    86.7325 1.0000e-12 -0.6641145    24.9304  0.000e+00
     40.330     40.672    12.6633  38.598242    33.0286    221.788     1.0106      8.099    86.9132 1.0000e-12 -0.6641145    24.9328  0.000e+00
     39.829     40.166    12.6767  38.607910    33.0264    221.805     1.0106      8.099    86.9907 1.0000e-12 -0.6972342    24.9285  0.000e+00
     39.262     39.594    12.6846  38.614589    33.0260    221.092     1.0326      8.099    87.1198 1.0000e-12 -0.6972342    24.9267  0.000e+00
     38.552     38.878    12.6867  38.615795    33.0256    221.374     1.0985      8.099    87.1198 1.0000e-12 -0.6972342    24.9259  0.000e+00
     37.724     38.043    12.6858  38.615219    33.0262    222.103     1.1571      8.099    87.1715 1.0000e-12 -0.6972342    24.9265  0.000e+00
     36.816     37.128    12.7450  38.668043    33.0250    222.484     1.1498      8.099    87.1198 1.0000e-12 -0.6972342    24.9141  0.000e+00
     35.956     36.260    12.7847  38.697838    33.0190    222.218     1.1644      8.099    87.1456 1.0000e-12 -0.6972342    24.9017  0.000e+00
     35.286     35.584    12.7867  38.699364    33.0190    222.654     1.3036      8.103    87.1198 1.0000e-12 -0.6972342    24.9013  0.000e+00
     34.756     35.050    12.7835  38.697324    33.0201    223.180     1.3476      8.099    87.0682 1.0000e-12 -0.6972342    24.9027  0.000e+00
     34.199     34.488    12.7842  38.698150    33.0205    223.625     1.3696      8.099    87.1198 1.0000e-12 -0.6972342    24.9029  0.000e+00
     33.477     33.760    12.7865  38.699930    33.0204    223.157     1.4648      8.103    87.0682 1.0000e-12 -0.7303538    24.9024  0.000e+00
     32.658     32.934    12.7862  38.699354    33.0205    222.482     1.4135      8.103    87.0424 1.0000e-12 -0.7303538    24.9024  0.000e+00
     31.903     32.173    12.7851  38.698205    33.0206    223.583     1.3110      8.103    87.1456 1.0000e-12 -0.7303538    24.9027  0.000e+00
     31.229     31.493    12.7819  38.695273    33.0210    223.579     1.4428      8.103    87.1198 1.0000e-12 -0.7303538    24.9036  0.000e+00
     30.513     30.771    12.7791  38.692596    33.0212    222.918     1.3549      8.103    87.0682 1.0000e-12 -0.7303538    24.9043  0.000e+00
     29.719     29.970    12.7757  38.689918    33.0219    222.538     1.2817      8.103    87.0682 1.0000e-12 -0.7303538    24.9055  0.000e+00
     28.974     29.218    12.7808  38.693991    33.0216    223.610     1.3476      8.103    87.0424 1.0000e-12 -0.7303538    24.9043  0.000e+00
     28.404     28.644    12.7868  38.698829    33.0212    223.039     1.4208      8.103    86.9907 1.0000e-12 -0.7303538    24.9028  0.000e+00
     27.852     28.087    12.7844  38.696088    33.0209    223.500     1.4428      8.103    87.0165 1.0000e-12 -0.7303538    24.9030  0.000e+00
     27.148     27.377    12.7845  38.696722    33.0217    223.913     1.4868      8.103    87.0424 1.0000e-12 -0.7634735    24.9036  0.000e+00
     26.325     26.547    12.8011  38.709520    33.0197    222.047     1.4062      8.103    87.0424 1.0000e-12 -0.7634735    24.8988  0.000e+00
     25.483     25.698    12.8078  38.714485    33.0189    222.737     1.3842      8.103    87.0682 1.0000e-12 -0.7634735    24.8969  0.000e+00
     24.667     24.875    12.8133  38.718813    33.0185    222.968     1.3915      8.103    87.0424 1.0000e-12 -0.7634735    24.8954  0.000e+00
     24.049     24.251    12.8261  38.728812    33.0172    222.460     1.3842      8.103    87.0165 1.0000e-12 -0.7634735    24.8919  0.000e+00
     23.940     24.142    12.8157  38.719893    33.0178    222.721     1.2157      8.103    86.9649 1.0000e-12 -0.7634735    24.8944  0.000e+00
     23.948     24.150    12.8451  38.746650    33.0175    222.954     1.1644      8.103    86.9649 1.0000e-12 -0.7634735    24.8884  0.000e+00
     23.718     23.918    12.8999  38.793364    33.0141    222.327     1.1937      8.103    87.0165 1.0000e-12 -0.7634735    24.8750  0.000e+00
     23.198     23.393    12.9578  38.838632    33.0067    221.840     1.2304      8.103    87.0165 1.0000e-12 -0.7634735    24.8579  0.000e+00
     22.646     22.837    12.9304  38.815227    33.0086    224.747     1.2890      8.103    86.9907 1.0000e-12 -0.7634735    24.8648  0.000e+00
     22.315     22.503    12.9190  38.806236    33.0102    223.312     1.4135      8.103    86.9391 1.0000e-12 -0.7634735    24.8682  0.000e+00
     22.171     22.358    12.9629  38.845516    33.0092    223.076     1.4795      8.103    86.9391 1.0000e-12 -0.7634735    24.8588  0.000e+00
     22.060     22.246    12.9796  38.857316    33.0058    223.857     1.3549      8.103    86.9132 1.0000e-12 -0.7634735    24.8530  0.000e+00
     21.891     22.075    12.9826  38.860250    33.0061    222.981     1.2230      8.103    86.9132 1.0000e-12 -0.7634735    24.8526  0.000e+00
     21.541     21.722    12.9789  38.857378    33.0067    222.987     1.1718      8.103    86.8616 1.0000e-12 -0.7634735    24.8537  0.000e+00
     21.001     21.178    12.9785  38.856674    33.0066    223.710     1.1644      8.103    86.8874 1.0000e-12 -0.7634735    24.8537  0.000e+00
     20.492     20.665    12.9690  38.849082    33.0079    223.738     1.3769      8.103    86.8874 1.0000e-12 -0.7634735    24.8566  0.000e+00
     20.214     20.384    12.9628  38.844042    33.0086    223.329     1.4282      8.103    86.8874 1.0000e-12 -0.7634735    24.8583  0.000e+00
     20.179     20.349    12.9679  38.847932    33.0079    223.674     1.4575      8.107    86.8874 1.0000e-12 -0.7634735    24.8568  0.000e+00
     20.324     20.495    12.9605  38.841682    33.0084    223.712     1.4795      8.103    86.8874 1.0000e-12 -0.7634735    24.8586  0.000e+00
     20.335     20.507    12.9545  38.836772    33.0090    223.157     1.3183      8.103    86.9907 1.0000e-12 -0.7634735    24.8603  0.000e+00
     20.256     20.427    12.9511  38.833519    33.0089    222.434     1.1864      8.103    86.9391 1.0000e-12 -0.7634735    24.8609  0.000e+00
     20.191     20.362    12.9438  38.827907    33.0100    224.153     1.1864      8.103    86.9132 1.0000e-12 -0.7634735    24.8631  0.000e+00
     20.094     20.263    12.9491  38.832371    33.0096    224.186     1.1864      8.103    86.9391 1.0000e-12 -0.7634735    24.8618  0.000e+00
     20.011     20.179    12.9505  38.833454    33.0094    222.582     1.1718      8.103    86.9391 1.0000e-12 -0.7634735    24.8614  0.000e+00
