Arg_L2_SF13_NV.cnv
* Sea-Bird SBE 9 Data File:
* FileName = S:\CTD_Data\CTD\Data\Argentina 2014\Data\Arg_L2_SF13.hex
* Software Version Seasave V 7.21g
* Temperature SN = 5769
* Conductivity SN = 4244
* Number of Bytes Per Scan = 31
* Number of Voltage Words = 4
* Number of Scans Averaged by the Deck Unit = 24
* NMEA Latitude = 45 56.75 S
* NMEA Longitude = 065 33.81 W
* NMEA UTC (Time) = Feb 08 2014 01:58:05
* NMEA baud rate = 9600
** R/V Coriolis II
** MARES project, ARGENTINA 2014
** Chief scientist : Dr. Gustavo Ferreyra
** Co-Chief scientist : Dr. José Luis Esteves
# nquan = 13
# nvalues = 357                                   
# units = specified
# name 0 = depSM: Depth [salt water, m]
# name 1 = prDM: Pressure, Digiquartz [db]
# name 2 = t090C: Temperature [ITS-90, deg C]
# name 3 = c0mS/cm: Conductivity [mS/cm]
# name 4 = sal00: Salinity, Practical [PSU]
# name 5 = sbeox0Mm/Kg: Oxygen, SBE 43 [umol/Kg]
# name 6 = flECO-AFL: Fluorescence, WET Labs ECO-AFL/FL [mg/m^3]
# name 7 = ph: pH
# name 8 = CStarTr0: Beam Transmission, WET Labs C-Star [%]
# name 9 = par: PAR/Irradiance, Biospherical/Licor
# name 10 = upoly0: Upoly 0, Nitrate
# name 11 = sigma-é00: Density [sigma-theta, Kg/m^3]
# name 12 = flag:  0.000e+00
# span 0 =     -0.280,     87.349                 
# span 1 =     -0.282,     88.090                 
# span 2 =     9.7825,    13.7967                 
# span 3 =   3.876285,  39.849986                 
# span 4 =     2.6829,    33.2373                 
# span 5 =    152.965,    264.163                 
# span 6 =    -0.1249,     1.3696                 
# span 7 =      7.879,      8.211                 
# span 8 =    10.7133,    97.5776                 
# span 9 = 1.0000e-12, 7.2354e-01                 
# span 10 = -0.6972342,  2.9128085                
# span 11 =     1.3935,    25.6135                
# span 12 = 0.0000e+00, 0.0000e+00                
# interval = seconds: 1
# start_time = Feb 08 2014 01:58:05 [NMEA time, header]
# bad_flag = -9.990e-29
*END*
[from data line 334]
     -0.278     -0.281    13.5642   4.608365     3.2196    229.228    -0.1249      8.142    55.7722 6.9227e-02 -0.4653966     1.7987  0.000e+00
     -0.277     -0.279    13.5277   4.363389     3.0405    226.577    -0.1249      8.147    57.5539 7.5336e-02 -0.4653966     1.6656  0.000e+00
     -0.280     -0.282    13.4979   3.876285     2.6829    223.339    -0.1249      8.156    59.1032 2.7265e-01 -0.4653966     1.3935  0.000e+00
     -0.275     -0.278    13.4679   5.602731     3.9756    218.252    -0.1249      8.157    60.0845 6.0554e-01 -0.4653966     2.3956  0.000e+00
     -0.264     -0.266    13.4815   7.748797     5.6241    220.928    -0.1249      8.110    62.8474 6.5514e-01 -0.4653966     3.6643  0.000e+00
     -0.263     -0.265    13.4556  19.203023    15.0128    226.327    -0.1249      8.059    62.2793 7.0425e-01 -0.4653966    10.8902  0.000e+00
     -0.264     -0.266    13.4326  25.123238    20.1515    228.667    -0.1176      8.040    61.2981 7.0850e-01 -0.4653966    14.8472  0.000e+00
     -0.263     -0.265    13.4162  24.094692    19.2571    222.796    -0.1176      8.031    62.4601 7.0637e-01 -0.4653966    14.1617  0.000e+00
     -0.262     -0.264    13.4014  35.327298    29.3698    198.856    -0.1249      8.027    62.6925 7.0637e-01 -0.4653966    21.9586  0.000e+00
     -0.260     -0.262    13.5586  39.348943    32.9749    187.182    -0.1249      8.031    61.9178 7.0850e-01 -0.4653966    24.7128  0.000e+00
     -0.265     -0.267    13.6033  39.348488    32.9359    184.639    -0.1249      8.030    61.0399 7.0850e-01 -0.4653966    24.6736  0.000e+00
     -0.269     -0.271    13.5869  39.353748    32.9550    185.094    -0.1176      8.030    60.8591 7.1063e-01 -0.4653966    24.6916  0.000e+00
     -0.273     -0.275    13.5727  39.354199    32.9677    182.597    -0.1249      8.031    60.9366 7.2354e-01 -0.4653966    24.7044  0.000e+00
     -0.275     -0.277    13.5616  38.589834    32.2643    178.736    -0.1249      8.026    61.0657 7.1491e-01 -0.4653966    24.1629  0.000e+00
     -0.272     -0.274    13.5418  38.622607    32.3116    175.177    -0.1249      8.026    61.2723 7.0425e-01 -0.4653966    24.2034  0.000e+00
     -0.270     -0.273    13.6174  36.735738    30.5000    175.102    -0.1176      8.026    61.4788 7.0637e-01 -0.4653966    22.7889  0.000e+00
     -0.269     -0.271    13.6818  34.109551    28.0434    179.856    -0.1249      8.021    61.5563 7.1491e-01 -0.4653966    20.8806  0.000e+00
     -0.266     -0.268    13.6813  38.049421    31.6625    180.443    -0.1249      8.016    61.6596 7.1063e-01 -0.4653966    23.6739  0.000e+00
     -0.268     -0.270    13.6811  37.982450    31.6006    181.903    -0.1249      8.007    61.8145 7.1922e-01 -0.4653966    23.6261  0.000e+00
     -0.271     -0.273    13.6814  38.067073    31.6787    178.634    -0.1249      8.007    61.6596 7.2354e-01 -0.4653966    23.6864  0.000e+00
     -0.272     -0.274    13.6804  38.178882    31.7831    174.732    -0.1249      8.007    61.1948 7.0850e-01 -0.4653966    23.7672  0.000e+00
     -0.272     -0.274    13.6748  38.105426    31.7197    171.053    -0.1249      8.002    61.1948 7.1277e-01 -0.4653966    23.7194  0.000e+00
     -0.271     -0.273    13.6665  38.018050    31.6456    167.853    -0.1249      8.002    61.2723 7.1706e-01 -0.4653966    23.6638  0.000e+00
