Arg_L1_tst_NV.cnv
* Sea-Bird SBE 9 Data File:
* FileName = S:\CTD_Data\CTD\Data\Argentina 2014\Data\Arg_L1_tst.hex
* Software Version Seasave V 7.21g
* Temperature SN = 5769
* Conductivity SN = 4244
* Number of Bytes Per Scan = 31
* Number of Voltage Words = 4
* Number of Scans Averaged by the Deck Unit = 24
* NMEA Latitude = 39 57.64 S
* NMEA Longitude = 055 42.24 W
* NMEA UTC (Time) = Jan 31 2014 21:41:35
* NMEA baud rate = 9600
** R/V Coriolis II
** MARES project, ARGENTINA 2014
** Chief scientist : Dr. Gustavo Ferreyra
** Co-Chief scientist : Dr. José Luis Esteves
** Cast 001
# nquan = 13
# nvalues = 1505                                  
# units = specified
# name 0 = depSM: Depth [salt water, m]
# name 1 = prDM: Pressure, Digiquartz [db]
# name 2 = t090C: Temperature [ITS-90, deg C]
# name 3 = c0mS/cm: Conductivity [mS/cm]
# name 4 = sal00: Salinity, Practical [PSU]
# name 5 = sbeox0Mm/Kg: Oxygen, SBE 43 [umol/Kg]
# name 6 = flECO-AFL: Fluorescence, WET Labs ECO-AFL/FL [mg/m^3]
# name 7 = ph: pH
# name 8 = CStarTr0: Beam Transmission, WET Labs C-Star [%]
# name 9 = par: PAR/Irradiance, Biospherical/Licor
# name 10 = upoly0: Upoly 0, Nitrate
# name 11 = sigma-é00: Density [sigma-theta, Kg/m^3]
# name 12 = flag:  0.000e+00
# span 0 =     -0.244,    300.969                 
# span 1 =     -0.246,    303.514                 
# span 2 =     3.9784,    14.4428                 
# span 3 =   3.730820,  39.305579                 
# span 4 =     2.6528,    34.1174                 
# span 5 =    173.648,    291.908                 
# span 6 =    -0.2788,    19.4502                 
# span 7 =      8.008,      8.191                 
# span 8 =     6.4785,    99.7208                 
# span 9 = 3.4694e-04, 4.3746e+02                 
# span 10 = -4.4038905,  23.220735                
# span 11 =     1.5190,    27.0849                
# span 12 = 0.0000e+00, 0.0000e+00                
# interval = seconds: 1
# start_time = Jan 31 2014 21:41:35 [NMEA time, header]
# bad_flag = -9.990e-29
*END*
[from data line 334]
    208.026    209.738     4.3130  32.180276    34.1155    221.182    -0.1176      8.022    99.5401 7.0872e-03  17.821678    27.0514  0.000e+00
    208.455    210.170     4.3122  32.179922    34.1156    221.198    -0.1176      8.022    99.5659 6.1579e-03  18.020416    27.0516  0.000e+00
    209.025    210.746     4.3110  32.179036    34.1156    221.636    -0.1176      8.022    99.5659 5.6990e-03  18.451016    27.0518  0.000e+00
    209.841    211.568     4.3095  32.178268    34.1158    221.668    -0.1176      8.022    99.5659 5.5469e-03  18.749123    27.0521  0.000e+00
    210.696    212.431     4.3081  32.177560    34.1159    221.095    -0.1176      8.022    99.5659 5.2440e-03  18.815369    27.0523  0.000e+00
    211.270    213.010     4.3059  32.175904    34.1159    221.124    -0.1176      8.022    99.5917 6.1579e-03  18.881615    27.0525  0.000e+00
    211.629    213.373     4.3061  32.176201    34.1159    221.548    -0.1176      8.022    99.5917 5.6990e-03  18.848492    27.0525  0.000e+00
    212.127    213.875     4.3024  32.173004    34.1157    221.584    -0.1176      8.022    99.5917 4.4942e-03  18.616631    27.0528  0.000e+00
    212.832    214.586     4.2994  32.170697    34.1157    221.622    -0.1176      8.022    99.5917 7.0872e-03  18.616631    27.0531  0.000e+00
    213.667    215.428     4.2956  32.167679    34.1157    221.669    -0.1249      8.022    99.5659 7.0872e-03  18.285400    27.0535  0.000e+00
    214.402    216.170     4.2905  32.163950    34.1161    221.718    -0.1249      8.022    99.5659 7.0872e-03  18.384770    27.0544  0.000e+00
    214.901    216.673     4.2905  32.163952    34.1159    221.733    -0.1176      8.022    99.5917 7.2437e-03  18.583508    27.0542  0.000e+00
    215.485    217.263     4.2897  32.163480    34.1159    221.148    -0.1176      8.022    99.5917 5.6990e-03  17.921047    27.0543  0.000e+00
    216.317    218.101     4.2891  32.163364    34.1159    221.176    -0.1176      8.022    99.5917 3.4620e-03  18.384770    27.0544  0.000e+00
    217.163    218.955     4.2889  32.163544    34.1159    221.617    -0.1176      8.022    99.5401 5.6990e-03  18.318524    27.0544  0.000e+00
    217.684    219.480     4.2889  32.163724    34.1158    221.025    -0.1176      8.022    99.5917 7.0872e-03  18.119785    27.0543  0.000e+00
    218.005    219.804     4.2889  32.163962    34.1159    221.034    -0.1176      8.022    99.5917 6.6206e-03  18.219154    27.0544  0.000e+00
    218.491    220.295     4.2889  32.164141    34.1158    221.464    -0.1176      8.022    99.5917 6.3117e-03  18.914738    27.0543  0.000e+00
    219.209    221.019     4.2889  32.164261    34.1157    221.486    -0.1176      8.022    99.5917 6.9313e-03  18.616631    27.0542  0.000e+00
    220.051    221.868     4.2870  32.163020    34.1157    221.521    -0.1176      8.022    99.5917 7.7156e-03  18.484139    27.0545  0.000e+00
    220.817    222.641     4.2827  32.159825    34.1160    221.568    -0.1176      8.022    99.5917 6.1579e-03  19.510953    27.0551  0.000e+00
    221.431    223.261     4.2818  32.159294    34.1160    221.591    -0.1176      8.022    99.5917 5.0932e-03  19.179723    27.0552  0.000e+00
    221.978    223.812     4.2816  32.159414    34.1160    221.608    -0.1249      8.022    99.6175 6.9313e-03  19.146600    27.0553  0.000e+00
    222.563    224.402     4.2812  32.159298    34.1160    221.628    -0.1103      8.022    99.6175 6.1579e-03  19.014108    27.0553  0.000e+00
    223.236    225.082     4.2809  32.159300    34.1159    221.041    -0.1103      8.022    99.6175 6.3117e-03  18.782246    27.0553  0.000e+00
    223.921    225.773     4.2771  32.156460    34.1162    221.082    -0.1176      8.022    99.5917 7.5579e-03  19.809061    27.0559  0.000e+00
    224.587    226.444     4.2757  32.155514    34.1162    221.526    -0.1176      8.022    99.5917 7.4005e-03  18.550385    27.0561  0.000e+00
    225.334    227.198     4.2719  32.152615    34.1163    221.570    -0.1249      8.022    99.5917 5.6990e-03  18.583508    27.0566  0.000e+00
    226.045    227.915     4.2700  32.151493    34.1165    221.601    -0.1176      8.022    99.6175 6.4659e-03  19.312215    27.0569  0.000e+00
    226.592    228.467     4.2680  32.149955    34.1165    221.629    -0.1176      8.022    99.6175 6.0045e-03  18.947862    27.0572  0.000e+00
    227.131    229.011     4.2668  32.149246    34.1166    221.041    -0.1176      8.022    99.5917 6.6206e-03  18.782246    27.0574  0.000e+00
    227.703    229.587     4.2664  32.149129    34.1166    221.061    -0.1176      8.022    99.6175 7.5579e-03  18.782246    27.0574  0.000e+00
    228.310    230.201     4.2657  32.148598    34.1164    221.500    -0.1176      8.022    99.6175 6.9313e-03  18.848492    27.0573  0.000e+00
    229.049    230.946     4.2642  32.147653    34.1165    220.920    -0.1249      8.022    99.6175 6.4659e-03  19.080354    27.0575  0.000e+00
    229.925    231.829     4.2618  32.145939    34.1164    220.959    -0.1249      8.022    99.6175 4.9428e-03  18.649754    27.0578  0.000e+00
    230.696    232.607     4.2599  32.144817    34.1167    221.411    -0.1103      8.022    99.5917 5.0932e-03  18.649754    27.0582  0.000e+00
    231.257    233.174     4.2589  32.144108    34.1166    221.433    -0.1176      8.022    99.6175 5.6990e-03  18.716000    27.0582  0.000e+00
    231.786    233.707     4.2571  32.142866    34.1167    221.458    -0.1176      8.022    99.6434 5.8515e-03  18.716000    27.0585  0.000e+00
    232.329    234.255     4.2546  32.141092    34.1169    221.488    -0.1176      8.022    99.6434 6.6206e-03  18.417893    27.0589  0.000e+00
    232.993    234.925     4.2515  32.138726    34.1170    220.915    -0.1176      8.022    99.6434 6.1579e-03  18.053539    27.0593  0.000e+00
    233.800    235.739     4.2457  32.134348    34.1174    220.970    -0.1176      8.022    99.6434 6.7757e-03  17.954170    27.0603  0.000e+00
    234.511    236.456     4.2439  32.132870    34.1171    220.809    -0.1249      8.022    99.6434 6.0045e-03  18.152908    27.0602  0.000e+00
    234.914    236.863     4.2433  32.132694    34.1174    220.824    -0.1249      8.022    99.6434 5.8515e-03  18.616631    27.0605  0.000e+00
    235.344    237.296     4.2422  32.131689    34.1171    220.651    -0.1176      8.022    99.6692 8.1915e-03  19.345338    27.0604  0.000e+00
    236.135    238.094     4.2413  32.131336    34.1172    220.679    -0.1176      8.022    99.6175 7.5579e-03  19.279092    27.0606  0.000e+00
    237.046    239.013     4.2400  32.130688    34.1173    221.132    -0.1249      8.022    99.6434 6.7757e-03  18.815369    27.0608  0.000e+00
    237.696    239.669     4.2320  32.123586    34.1169    221.198    -0.1249      8.022    99.6434 7.8738e-03  18.980985    27.0613  0.000e+00
    238.202    240.180     4.2291  32.121280    34.1169    220.617    -0.1249      8.022    99.6692 7.8738e-03  18.947862    27.0617  0.000e+00
    238.951    240.936     4.2272  32.119921    34.1168    220.649    -0.1249      8.017    99.6434 6.9313e-03  18.947862    27.0618  0.000e+00
    239.828    241.820     4.2235  32.116845    34.1166    221.117    -0.1176      8.017    99.6692 7.2437e-03  18.881615    27.0620  0.000e+00
    240.481    242.479     4.2219  32.115664    34.1165    220.532    -0.1176      8.017    99.6434 6.6206e-03  18.318524    27.0621  0.000e+00
    240.829    242.830     4.2219  32.115842    34.1165    219.928    -0.1176      8.017    99.6434 5.5469e-03  18.318524    27.0621  0.000e+00
    241.257    243.262     4.2223  32.116199    34.1163    220.360    -0.1176      8.017    99.6692 5.0932e-03  19.080354    27.0619  0.000e+00
    241.893    243.904     4.2219  32.116083    34.1162    220.801    -0.1176      8.017    99.6692 8.1915e-03  19.312215    27.0619  0.000e+00
    242.622    244.640     4.2176  32.112889    34.1166    220.233    -0.1249      8.017    99.6692 7.8738e-03  18.848492    27.0626  0.000e+00
    243.351    245.375     4.2166  32.112063    34.1162    220.260    -0.1176      8.017    99.6692 7.8738e-03  19.279092    27.0624  0.000e+00
    244.089    246.120     4.2150  32.111118    34.1164    220.712    -0.1103      8.017    99.6692 7.8738e-03  18.451016    27.0628  0.000e+00
    244.753    246.789     4.2145  32.110943    34.1164    220.735    -0.1103      8.017    99.6434 6.6206e-03  18.417893    27.0628  0.000e+00
    245.402    247.444     4.2134  32.110234    34.1163    220.760    -0.1103      8.017    99.6434 7.7156e-03  19.047231    27.0628  0.000e+00
    246.206    248.255     4.2120  32.109468    34.1164    220.176    -0.1176      8.017    99.6692 7.5579e-03  19.643446    27.0631  0.000e+00
    246.993    249.049     4.2090  32.106925    34.1161    220.217    -0.1249      8.017    99.6692 7.8738e-03  18.616631    27.0632  0.000e+00
    247.531    249.592     4.2035  32.102429    34.1162    220.070    -0.1249      8.017    99.6692 7.2437e-03  18.583508    27.0638  0.000e+00
    247.959    250.023     4.2028  32.101780    34.1160    220.703    -0.1176      8.017    99.6950 7.5579e-03  19.047231    27.0637  0.000e+00
    248.560    250.631     4.1976  32.097344    34.1158    221.173    -0.1176      8.017    99.6692 7.8738e-03  18.517262    27.0641  0.000e+00
    249.306    251.383     4.1944  32.095216    34.1162    220.174    -0.1176      8.017    99.6692 9.4805e-03  18.914738    27.0648  0.000e+00
    249.970    252.053     4.1953  32.096224    34.1161    220.188    -0.1103      8.017    99.6692 8.5111e-03  19.014108    27.0647  0.000e+00
    250.483    252.570     4.1948  32.095811    34.1158    220.013    -0.1030      8.017    99.6692 9.1555e-03  19.080354    27.0645  0.000e+00
    251.007    253.099     4.1925  32.094038    34.1159    220.042    -0.1103      8.017    99.6692 1.0136e-02  19.279092    27.0647  0.000e+00
    251.688    253.786     4.1825  32.085106    34.1154    220.543    -0.1176      8.017    99.6692 8.5111e-03  18.417893    27.0654  0.000e+00
    252.531    254.637     4.1740  32.077121    34.1143    220.618    -0.1176      8.017    99.6692 1.0799e-02  18.716000    27.0655  0.000e+00
    253.409    255.522     4.1575  32.063223    34.1145    220.737    -0.1249      8.017    99.6692 9.4805e-03  18.947862    27.0673  0.000e+00
    254.066    256.185     4.1544  32.060682    34.1144    220.157    -0.1176      8.017    99.6692 1.0136e-02  19.014108    27.0676  0.000e+00
    254.503    256.627     4.1544  32.060861    34.1144    220.169    -0.1176      8.017    99.6692 9.9713e-03  19.709692    27.0676  0.000e+00
    255.093    257.221     4.1527  32.059620    34.1143    220.621    -0.1103      8.017    99.6692 1.0136e-02  19.279092    27.0677  0.000e+00
    255.852    257.988     4.1521  32.059268    34.1142    220.028    -0.1176      8.017    99.6434 7.8738e-03  19.179723    27.0676  0.000e+00
    256.528    258.670     4.1520  32.059507    34.1142    220.049    -0.1176      8.017    99.6175 9.1555e-03  19.345338    27.0677  0.000e+00
    257.098    259.245     4.1520  32.059567    34.1140    220.491    -0.1176      8.017    99.6692 8.5111e-03  19.113477    27.0675  0.000e+00
    257.757    259.910     4.1515  32.059451    34.1140    220.513    -0.1103      8.017    99.6692 9.4805e-03  18.616631    27.0676  0.000e+00
    258.515    260.675     4.1492  32.057738    34.1139    220.548    -0.1103      8.017    99.6692 9.3178e-03  18.517262    27.0677  0.000e+00
    259.216    261.382     4.1464  32.055316    34.1136    219.966    -0.1249      8.017    99.6692 9.9713e-03  18.682877    27.0678  0.000e+00
    259.753    261.924     4.1452  32.054371    34.1134    220.608    -0.1249      8.017    99.6692 9.3178e-03  18.682877    27.0678  0.000e+00
    260.237    262.412     4.1408  32.050469    34.1132    220.455    -0.1176      8.017    99.6692 1.0136e-02  18.583508    27.0681  0.000e+00
    260.830    263.010     4.1357  32.046154    34.1130    220.075    -0.1103      8.018    99.6692 9.6436e-03  18.682877    27.0685  0.000e+00
    261.588    263.775     4.1319  32.042904    34.1127    220.546    -0.1176      8.018    99.6692 9.9713e-03  18.749123    27.0686  0.000e+00
    262.458    264.653     4.1290  32.040660    34.1126    220.588    -0.1030      8.018    99.6434 9.6436e-03  18.848492    27.0689  0.000e+00
    263.188    265.389     4.1261  32.038237    34.1124    220.626    -0.1103      8.018    99.6434 8.8324e-03  18.815369    27.0690  0.000e+00
    263.663    265.869     4.1227  32.035401    34.1123    220.039    -0.1103      8.018    99.6434 1.0632e-02  19.080354    27.0693  0.000e+00
    264.127    266.337     4.1163  32.029667    34.1120    220.090    -0.1176      8.018    99.6692 9.1555e-03  19.113477    27.0697  0.000e+00
    264.763    266.978     4.1124  32.026358    34.1117    220.558    -0.1103      8.018    99.6434 8.3511e-03  18.782246    27.0699  0.000e+00
    265.558    267.780     4.1100  32.024409    34.1115    220.596    -0.1103      8.018    99.6434 8.0324e-03  19.146600    27.0699  0.000e+00
    266.332    268.562     4.1061  32.021278    34.1115    220.641    -0.1176      8.018    99.6434 9.8073e-03  18.848492    27.0704  0.000e+00
    266.965    269.201     4.1039  32.019684    34.1115    220.672    -0.1176      8.018    99.6434 9.9713e-03  18.749123    27.0706  0.000e+00
    267.603    269.844     4.1033  32.019391    34.1114    220.694    -0.1249      8.018    99.6434 8.9937e-03  18.848492    27.0706  0.000e+00
    268.316    270.563     4.1027  32.019393    34.1116    220.718    -0.1249      8.018    99.6434 8.6715e-03  19.179723    27.0708  0.000e+00
    268.962    271.215     4.1024  32.019277    34.1115    220.116    -0.1249      8.018    99.6175 8.1915e-03  19.179723    27.0708  0.000e+00
    269.449    271.707     4.1020  32.019160    34.1116    220.133    -0.1249      8.018    99.6175 7.8738e-03  18.848492    27.0709  0.000e+00
    269.964    272.227     4.1014  32.018984    34.1117    220.580    -0.1249      8.018    99.6434 7.4005e-03  18.716000    27.0710  0.000e+00
    270.667    272.936     4.0997  32.017627    34.1115    220.611    -0.1176      8.018    99.6434 6.9313e-03  19.113477    27.0711  0.000e+00
    271.495    273.772     4.0956  32.014733    34.1118    220.657    -0.1176      8.018    99.6434 9.3178e-03  19.544076    27.0718  0.000e+00
    272.273    274.557     4.0915  32.011425    34.1117    220.704    -0.1249      8.018    99.5917 8.8324e-03  19.742815    27.0721  0.000e+00
    272.862    275.151     4.0902  32.010481    34.1117    220.105    -0.1176      8.018    99.6175 7.4005e-03  19.709692    27.0722  0.000e+00
    273.287    275.580     4.0883  32.009123    34.1119    220.128    -0.1176      8.018    99.5917 1.0466e-02  19.279092    27.0726  0.000e+00
    273.772    276.069     4.0882  32.009065    34.1117    220.573    -0.1176      8.018    99.6175 1.0466e-02  19.510953    27.0724  0.000e+00
    274.464    276.768     4.0855  32.006998    34.1116    220.609    -0.1176      8.013    99.6434 8.9937e-03  19.643446    27.0727  0.000e+00
    275.334    277.645     4.0852  32.007238    34.1117    220.011    -0.1176      8.018    99.6434 9.6436e-03  19.775938    27.0727  0.000e+00
    276.169    278.487     4.0833  32.005467    34.1112    220.048    -0.1176      8.018    99.6434 9.1555e-03  19.875307    27.0726  0.000e+00
    276.744    279.069     4.0728  31.997312    34.1121    220.553    -0.1249      8.018    99.6434 8.9937e-03  19.544076    27.0744  0.000e+00
    277.193    279.521     4.0682  31.993177    34.1118    220.593    -0.1249      8.013    99.6175 1.0301e-02  19.444707    27.0746  0.000e+00
    277.793    280.127     4.0670  31.992588    34.1120    220.617    -0.1249      8.018    99.6175 8.0324e-03  19.378461    27.0749  0.000e+00
    278.407    280.746     4.0670  31.992885    34.1121    220.635    -0.1249      8.018    99.6175 9.3178e-03  19.279092    27.0749  0.000e+00
