Arg_L2_SF06_NV.cnv
* Sea-Bird SBE 9 Data File:
* FileName = S:\CTD_Data\CTD\Data\Argentina 2014\Data\Arg_L2_SF06.hex
* Software Version Seasave V 7.21g
* Temperature SN = 5769
* Conductivity SN = 4244
* Number of Bytes Per Scan = 31
* Number of Voltage Words = 4
* Number of Scans Averaged by the Deck Unit = 24
* NMEA Latitude = 45 56.70 S
* NMEA Longitude = 065 33.71 W
* NMEA UTC (Time) = Feb 07 2014 03:00:59
* NMEA baud rate = 9600
** R/V Coriolis II
** MARES project, ARGENTINA 2014
** Chief scientist : Dr. Gustavo Ferreyra
** Co-Chief scientist : Dr. José Luis Esteves
# nquan = 13
# nvalues = 413                                   
# units = specified
# name 0 = depSM: Depth [salt water, m]
# name 1 = prDM: Pressure, Digiquartz [db]
# name 2 = t090C: Temperature [ITS-90, deg C]
# name 3 = c0mS/cm: Conductivity [mS/cm]
# name 4 = sal00: Salinity, Practical [PSU]
# name 5 = sbeox0Mm/Kg: Oxygen, SBE 43 [umol/Kg]
# name 6 = flECO-AFL: Fluorescence, WET Labs ECO-AFL/FL [mg/m^3]
# name 7 = ph: pH
# name 8 = CStarTr0: Beam Transmission, WET Labs C-Star [%]
# name 9 = par: PAR/Irradiance, Biospherical/Licor
# name 10 = upoly0: Upoly 0, Nitrate
# name 11 = sigma-é00: Density [sigma-theta, Kg/m^3]
# name 12 = flag:  0.000e+00
# span 0 =     -0.403,     84.520                 
# span 1 =     -0.406,     85.237                 
# span 2 =     9.8716,    13.9856                 
# span 3 =   4.837814,  39.838940                 
# span 4 =     3.3550,    33.2350                 
# span 5 =    159.156,    254.751                 
# span 6 =    -0.1249,     1.3769                 
# span 7 =      7.902,      8.221                 
# span 8 =     8.4410,    97.5776                 
# span 9 = 1.0000e-12, 1.1352e+00                 
# span 10 = -0.6309949,  3.7739197                
# span 11 =     1.8443,    25.5877                
# span 12 = 0.0000e+00, 0.0000e+00                
# interval = seconds: 1
# start_time = Feb 07 2014 03:00:59 [NMEA time, header]
# bad_flag = -9.990e-29
*END*
[from data line 334]
      7.874      7.939    13.7786  39.831618    33.2313    220.903     1.1351      8.216    94.7372 1.3700e-02 -0.5978752    24.8664  0.000e+00
      7.683      7.747    13.7781  39.831231    33.2314    222.210     1.1278      8.216    94.6081 1.9553e-02 -0.6309949    24.8665  0.000e+00
      7.465      7.527    13.7774  39.830586    33.2316    222.005     1.1058      8.216    94.7372 1.8415e-02 -0.5978752    24.8668  0.000e+00
      7.070      7.129    13.7779  39.830971    33.2316    221.588     1.0765      8.216    94.7631 1.8604e-02 -0.6309949    24.8667  0.000e+00
      6.495      6.549    13.7772  39.829873    33.2314    221.928     1.0545      8.220    94.6598 1.8040e-02 -0.5647556    24.8667  0.000e+00
      5.810      5.858    13.7766  39.829226    33.2316    222.264     1.0619      8.216    94.7114 1.5115e-02 -0.5978752    24.8670  0.000e+00
      5.266      5.310    13.7773  39.829482    33.2315    223.454     1.0985      8.216    94.6081 2.0130e-02 -0.6309949    24.8667  0.000e+00
      5.149      5.192    13.7774  39.829932    33.2319    221.133     1.0472      8.220    94.5565 2.7437e-02 -0.6309949    24.8670  0.000e+00
      5.232      5.276    13.7773  39.829739    33.2318    221.387     1.0472      8.216    94.5565 2.4507e-02 -0.6309949    24.8669  0.000e+00
      5.178      5.220    13.7771  39.829546    33.2317    223.653     1.1351      8.216    94.5048 3.2735e-02 -0.6309949    24.8669  0.000e+00
      4.629      4.668    13.7769  39.829286    33.2319    221.624     1.0252      8.220    94.4790 3.0262e-02 -0.6309949    24.8671  0.000e+00
      3.777      3.808    13.7772  39.829090    33.2318    222.051     1.0106      8.220    94.5565 2.9821e-02 -0.6309949    24.8669  0.000e+00
      3.285      3.312    13.7773  39.829152    33.2320    222.490     1.0985      8.220    94.5565 2.5957e-02 -0.5978752    24.8670  0.000e+00
      3.533      3.562    13.7773  39.829153    33.2319    222.597     1.0326      8.220    94.4532 1.8982e-02 -0.5978752    24.8669  0.000e+00
      3.949      3.981    13.7774  39.829541    33.2320    222.458     0.9886      8.220    94.4274 1.3005e-02 -0.6309949    24.8670  0.000e+00
      3.801      3.832    13.7770  39.829025    33.2319    222.757     0.9959      8.220    94.6081 2.3069e-03 -0.6309949    24.8671  0.000e+00
      3.219      3.246    13.7759  39.827863    33.2320    222.947     0.9959      8.220    94.6081 1.0000e-12 -0.6309949    24.8673  0.000e+00
      2.813      2.836    13.7755  39.827282    33.2320    222.535     1.0326      8.220    94.6081 1.0000e-12 -0.5978752    24.8674  0.000e+00
      2.755      2.778    13.7756  39.827282    33.2319    222.180     1.1132      8.220    94.5565 4.8439e-04 -0.6309949    24.8673  0.000e+00
      2.541      2.562    13.7754  39.827345    33.2322    224.288     1.1058      8.220    94.6081 2.0988e-04 -0.6309949    24.8676  0.000e+00
      2.261      2.280    13.7750  39.826764    33.2321    224.131     1.1132      8.220    94.7114 7.3199e-05 -0.6309949    24.8676  0.000e+00
      2.190      2.209    13.7746  39.826378    33.2322    221.514     1.1864      8.220    94.8147 1.0000e-12 -0.6309949    24.8677  0.000e+00
      2.123      2.140    13.7750  39.826635    33.2321    222.768     1.0912      8.220    94.6339 1.0381e-03 -0.6309949    24.8676  0.000e+00
      1.634      1.648    13.7744  39.825860    33.2321    224.267     1.0399      8.220    94.7631 2.0988e-04 -0.6309949    24.8676  0.000e+00
      1.535      1.548    13.7752  39.826890    33.2324    222.599     1.0619      8.220    94.7372 1.0000e-12 -0.5978752    24.8677  0.000e+00
      1.896      1.912    13.7756  39.827278    33.2322    222.557     0.9959      8.220    94.6856 5.5469e-03 -0.5978752    24.8675  0.000e+00
      1.986      2.003    13.7759  39.827536    33.2322    223.163     0.9959      8.220    94.7631 8.1915e-03 -0.5978752    24.8674  0.000e+00
      1.747      1.761    13.7759  39.827664    33.2324    222.954     1.0326      8.220    94.7114 8.9907e-04 -0.6309949    24.8676  0.000e+00
      1.671      1.684    13.7759  39.826955    33.2318    222.601     1.0399      8.220    94.7114 1.0000e-12 -0.5978752    24.8671  0.000e+00
      1.907      1.923    13.7774  39.828567    33.2319    222.601     1.0472      8.220    94.7114 7.3199e-05 -0.5978752    24.8669  0.000e+00
      1.920      1.936    13.7765  39.827987    33.2321    222.806     1.0619      8.220    94.6339 1.0000e-12 -0.6309949    24.8672  0.000e+00
      2.057      2.074    13.7761  39.827730    33.2322    223.868     1.0985      8.220    94.8147 1.0000e-12 -0.6309949    24.8674  0.000e+00
      2.165      2.183    13.7762  39.828246    33.2325    222.814     1.0399      8.220    94.6339 7.3199e-05 -0.6309949    24.8676  0.000e+00
      1.719      1.733    13.7754  39.827213    33.2325    223.257     1.0326      8.220    94.7631 1.0000e-12 -0.6309949    24.8678  0.000e+00
      1.230      1.240    13.7757  39.826438    33.2317    223.495     1.1278      8.220    94.7372 1.0000e-12 -0.6309949    24.8671  0.000e+00
      1.133      1.142    13.7760  39.826502    33.2315    223.239     1.0252      8.220    94.6598 1.0000e-12 -0.5978752    24.8668  0.000e+00
      1.610      1.623    13.7770  39.827921    33.2317    222.041     0.9227      8.220    94.6856 1.0000e-12 -0.5978752    24.8668  0.000e+00
      2.183      2.202    13.7764  39.828310    33.2324    222.914     0.8934      8.220    94.7372 1.1775e-03 -0.5978752    24.8675  0.000e+00
      1.850      1.865    13.7764  39.828180    33.2325    223.358     0.9740      8.220    94.7114 4.8439e-04 -0.5978752    24.8675  0.000e+00
      1.203      1.213    13.7765  39.828049    33.2325    221.326     1.0472      8.220    94.7114 1.0000e-12 -0.6309949    24.8676  0.000e+00
      1.078      1.087    13.7763  39.827726    33.2324    221.525     1.0106      8.220    94.7372 1.0000e-12 -0.5978752    24.8675  0.000e+00
      1.527      1.540    13.7770  39.828437    33.2323    223.397     0.9227      8.220    94.6339 1.0000e-12 -0.5316359    24.8673  0.000e+00
      1.748      1.763    13.7780  39.828437    33.2313    221.991     0.9080      8.220    94.5823 1.0000e-12 -0.4985162    24.8663  0.000e+00
      1.585      1.598    13.7788  39.828050    33.2303    221.732     0.9666      8.220    94.6081 2.0988e-04 -0.6309949    24.8654  0.000e+00
      1.410      1.422    13.7788  39.828114    33.2304    223.237     1.0472      8.220    94.1175 1.0000e-12 -0.4985162    24.8655  0.000e+00
      1.318      1.329    13.7780  39.827276    33.2304    222.333     1.1205      8.220    92.2583 1.0000e-12 -0.4985162    24.8656  0.000e+00
      1.287      1.298    13.7766  39.827211    33.2315    221.581     1.0326      8.220    90.2959 1.0000e-12 -0.4985162    24.8668  0.000e+00
      1.321      1.332    13.7757  39.825987    33.2312    223.046     1.1278      8.220    91.5612 9.4805e-03 -0.4653966    24.8667  0.000e+00
      1.440      1.452    13.7771  39.827727    33.2316    223.244     1.1351      8.220    91.5612 3.0262e-02 -0.4653966    24.8667  0.000e+00
      1.320      1.331    13.7775  39.827791    33.2314    222.987     0.9959      8.220    90.4250 1.5294e-02 -0.4985162    24.8665  0.000e+00
      1.087      1.096    13.7783  39.828113    33.2311    220.865     1.0619      8.220    89.5471 3.2507e-02 -0.4985162    24.8661  0.000e+00
      1.268      1.278    13.7786  39.828178    33.2308    221.372     1.1205      8.220    88.8499 1.0136e-02 -0.4985162    24.8658  0.000e+00
      1.290      1.301    13.7784  39.828242    33.2310    223.637     1.0326      8.220    87.4039 2.1297e-02 -0.4653966    24.8660  0.000e+00
      0.873      0.881    13.7778  39.827918    33.2313    221.817     0.9959      8.220    87.1973 1.8228e-02 -0.4985162    24.8663  0.000e+00
      0.642      0.648    13.7773  39.827595    33.2316    220.856     0.9959      8.220    89.2630 3.0706e-02 -0.4653966    24.8667  0.000e+00
      0.652      0.658    13.7766  39.827145    33.2318    222.017     1.0106      8.220    90.5283 1.3352e-02 -0.4985162    24.8669  0.000e+00
      0.689      0.695    13.7769  39.827467    33.2318    222.217     1.1278      8.220    91.0705 1.5115e-02 -0.4985162    24.8669  0.000e+00
      0.614      0.619    13.7764  39.827209    33.2320    222.720     1.1132      8.220    91.2255 2.4498e-03 -0.4653966    24.8672  0.000e+00
      0.235      0.237    13.7772  39.827078    33.2313    222.707     0.9813      8.220    91.9485 1.0000e-12 -0.4653966    24.8665  0.000e+00
      0.048      0.048    13.7771  39.826562    33.2310    221.948     0.9740      8.220    91.7936 1.0000e-12 -0.4653966    24.8662  0.000e+00
      0.282      0.284    13.7764  39.827208    33.2321    221.956     1.0912      8.220    93.1621 1.0000e-12 -0.4985162    24.8673  0.000e+00
      0.717      0.723    13.7766  39.827854    33.2324    220.760     1.0985      8.220    93.6527 1.0000e-12 -0.4985162    24.8674  0.000e+00
      0.675      0.680    13.7766  39.827982    33.2325    221.815     1.0326      8.220    93.3687 1.0381e-03 -0.4985162    24.8675  0.000e+00
     -0.075     -0.075    13.7765  39.453296    32.8845    224.198     0.9740      8.220    90.9156 3.4620e-03 -0.4985162    24.5986  0.000e+00
     -0.396     -0.399    13.7752  31.696734    25.7945    236.389     1.0106      8.220    55.0492 5.7003e-02 -0.4985162    19.1293  0.000e+00
     -0.080     -0.081    13.7766  39.706530    33.1198    220.508     1.2011      8.220     8.4410 2.2128e-01 -0.5316359    24.7804  0.000e+00
      0.031      0.031    13.7766  39.805817    33.2122    223.437     1.3769      8.220    15.2063 2.9218e-01 -0.5978752    24.8518  0.000e+00
     -0.251     -0.253    13.7753  33.634492    27.5440    231.962     0.9520      8.220    28.8143 2.9027e-01 -0.4653966    20.4774  0.000e+00
     -0.386     -0.389    13.7632   8.111031     5.8639    254.751     1.1718      8.220    42.4482 3.3921e-01 -0.4653966     3.8074  0.000e+00
     -0.387     -0.390    13.7971  22.009188    17.2687    230.846     0.1241      8.220    77.4108 3.7215e-01 -0.4653966    12.5664  0.000e+00
     -0.390     -0.393    13.8253  22.997349    18.1052    226.091    -0.1176      8.220    76.5329 2.4093e-01 -0.4653966    13.2043  0.000e+00
     -0.392     -0.395    13.8764  21.363847    16.6818    219.291     0.1681      8.215    67.6502 1.3198e-01 -0.4985162    12.1017  0.000e+00
     -0.399     -0.402    13.9033  19.503158    15.0922    215.764     0.6370      8.211    65.5070 9.7675e-02 -0.4985162    10.8761  0.000e+00
     -0.403     -0.406    13.9370   6.518147     4.6176    228.775     0.1974      8.210    62.0211 1.0354e-01 -0.4653966     2.8223  0.000e+00
     -0.397     -0.400    13.9735   4.837814     3.3550    229.131    -0.1249      8.206    60.6784 1.4953e-01 -0.4985162     1.8443  0.000e+00
     -0.393     -0.396    13.9856   6.206485     4.3763    225.003    -0.1249      8.206    61.8403 3.4692e-01 -0.4985162     2.6292  0.000e+00
     -0.399     -0.402    13.9851   7.896369     5.6649    219.367    -0.1249      8.201    63.7253 4.7528e-01 -0.4653966     3.6209  0.000e+00
     -0.387     -0.390    13.9717  23.885006    18.8003    197.364    -0.1249      8.201    64.0868 9.8574e-01 -0.4985162    13.7125  0.000e+00
     -0.387     -0.390    13.9346  39.459181    32.7548    183.588    -0.1249      8.201    65.4296 1.1352e+00 -0.4653966    24.4660  0.000e+00
