Arg_L2_F3_NV.cnv
* Sea-Bird SBE 9 Data File:
* FileName = S:\CTD_Data\CTD\Data\Argentina 2014\Data\Arg_L2_F3.hex
* Software Version Seasave V 7.21g
* Temperature SN = 5769
* Conductivity SN = 4244
* Number of Bytes Per Scan = 31
* Number of Voltage Words = 4
* Number of Scans Averaged by the Deck Unit = 24
* NMEA Latitude = 46 35.91 S
* NMEA Longitude = 065 44.19 W
* NMEA UTC (Time) = Feb 06 2014 00:16:20
* NMEA baud rate = 9600
** R/V Coriolis II
** MARES project, ARGENTINA 2014
** Chief scientist : Dr. Gustavo Ferreyra
** Co-Chief scientist : Dr. José Luis Esteves
# nquan = 13
# nvalues = 703                                   
# units = specified
# name 0 = depSM: Depth [salt water, m]
# name 1 = prDM: Pressure, Digiquartz [db]
# name 2 = t090C: Temperature [ITS-90, deg C]
# name 3 = c0mS/cm: Conductivity [mS/cm]
# name 4 = sal00: Salinity, Practical [PSU]
# name 5 = sbeox0Mm/Kg: Oxygen, SBE 43 [umol/Kg]
# name 6 = flECO-AFL: Fluorescence, WET Labs ECO-AFL/FL [mg/m^3]
# name 7 = ph: pH
# name 8 = CStarTr0: Beam Transmission, WET Labs C-Star [%]
# name 9 = par: PAR/Irradiance, Biospherical/Licor
# name 10 = upoly0: Upoly 0, Nitrate
# name 11 = sigma-é00: Density [sigma-theta, Kg/m^3]
# name 12 = flag:  0.000e+00
# span 0 =     -0.308,     85.281                 
# span 1 =     -0.310,     86.010                 
# span 2 =    12.2702,    12.4991                 
# span 3 =   6.016962,  38.509709                 
# span 4 =     4.4206,    33.0923                 
# span 5 =    180.413,    263.320                 
# span 6 =    -0.1249,     0.3732                 
# span 7 =      8.161,      8.170                 
# span 8 =    69.1479,    90.2442                 
# span 9 = 1.0000e-12, 4.1957e-01                 
# span 10 = -0.7634735,  2.0516974                
# span 11 =     2.8936,    25.0224                
# span 12 = 0.0000e+00, 0.0000e+00                
# interval = seconds: 1
# start_time = Feb 06 2014 00:16:20 [NMEA time, header]
# bad_flag = -9.990e-29
*END*
[from data line 334]
     60.052     60.561    12.4696  38.492459    33.0895    219.964     0.2560      8.165    84.8733 1.0000e-12 -0.2666786    25.0179  0.000e+00
     59.957     60.466    12.4703  38.492903    33.0894    219.958     0.2121      8.165    84.3827 1.0000e-12 -0.2666786    25.0177  0.000e+00
     60.015     60.524    12.4717  38.494238    33.0895    219.954     0.2121      8.165    84.6409 1.0000e-12 -0.3329179    25.0175  0.000e+00
     60.116     60.626    12.4722  38.494811    33.0894    219.954     0.2194      8.165    84.8733 1.0000e-12 -0.2666786    25.0174  0.000e+00
     60.117     60.627    12.4720  38.494493    33.0894    219.955     0.2194      8.165    85.0024 1.0000e-12 -0.5647556    25.0173  0.000e+00
     60.199     60.710    12.4713  38.493794    33.0893    219.961     0.2194      8.165    85.3123 1.0000e-12 -0.6641145    25.0174  0.000e+00
     60.338     60.850    12.4703  38.493223    33.0895    219.969     0.2121      8.165    84.9508 1.0000e-12 -0.5978752    25.0178  0.000e+00
     60.232     60.743    12.4705  38.493413    33.0896    219.965     0.2121      8.165    85.0283 1.0000e-12  0.0313983    25.0178  0.000e+00
     59.866     60.374    12.4700  38.492713    33.0895    219.957     0.2121      8.165    84.8991 1.0000e-12 -0.5316359    25.0179  0.000e+00
     59.583     60.088    12.4697  38.492267    33.0894    219.951     0.2340      8.165    84.3569 1.0000e-12 -0.6641145    25.0178  0.000e+00
     59.634     60.140    12.4698  38.492330    33.0894    219.571     0.2340      8.165    83.8921 1.0000e-12 -0.6641145    25.0178  0.000e+00
     59.998     60.507    12.4716  38.494238    33.0895    219.954     0.2194      8.165    83.5306 1.0000e-12 -0.6641145    25.0176  0.000e+00
     60.385     60.897    12.4730  38.495638    33.0894    220.182     0.2267      8.165    83.0142 1.0000e-12 -0.6641145    25.0172  0.000e+00
     60.399     60.911    12.4726  38.495129    33.0893    219.961     0.2340      8.165    83.8146 1.0000e-12 -0.3991573    25.0172  0.000e+00
     60.106     60.616    12.4709  38.493603    33.0895    219.960     0.2267      8.165    83.9179 1.0000e-12 -0.4322769    25.0177  0.000e+00
     59.976     60.484    12.4718  38.494365    33.0895    219.952     0.2340      8.165    83.5822 1.0000e-12 -0.6641145    25.0175  0.000e+00
     60.211     60.721    12.4724  38.495192    33.0896    219.956     0.2853      8.165    83.6339 1.0000e-12 -0.6641145    25.0174  0.000e+00
     60.301     60.813    12.4715  38.494303    33.0895    220.343     0.2340      8.165    83.1949 1.0000e-12 -0.6641145    25.0176  0.000e+00
     59.954     60.463    12.4714  38.494047    33.0895    220.334     0.1901      8.165    83.5306 1.0000e-12 -0.6641145    25.0176  0.000e+00
     59.742     60.248    12.4712  38.493665    33.0894    220.105     0.2121      8.165    83.8146 1.0000e-12 -0.6641145    25.0176  0.000e+00
     59.954     60.463    12.4709  38.493539    33.0895    219.732     0.2194      8.165    82.6785 1.0000e-12 -0.6641145    25.0176  0.000e+00
     60.195     60.706    12.4706  38.493349    33.0895    219.740     0.2267      8.165    82.5752 1.0000e-12 -0.2997983    25.0177  0.000e+00
     60.151     60.661    12.4705  38.493349    33.0896    219.964     0.2267      8.165    83.6081 1.0000e-12 -0.0679607    25.0178  0.000e+00
     60.053     60.563    12.4705  38.493285    33.0895    219.961     0.2194      8.165    83.8405 1.0000e-12  0.0313983    25.0177  0.000e+00
     60.189     60.700    12.4706  38.493476    33.0896    219.964     0.2194      8.165    83.9437 1.0000e-12 -0.6641145    25.0178  0.000e+00
     60.317     60.828    12.4709  38.493731    33.0895    219.966     0.2414      8.165    84.4602 1.0000e-12  0.6275521    25.0176  0.000e+00
     60.055     60.564    12.4711  38.493730    33.0895    219.958     0.2194      8.165    84.2020 1.0000e-12  0.9256291    25.0176  0.000e+00
     59.719     60.226    12.4711  38.493729    33.0896    219.949     0.2047      8.165    84.3827 1.0000e-12  0.4619538    25.0176  0.000e+00
     59.899     60.407    12.4709  38.493475    33.0895    219.955     0.2194      8.165    83.6339 1.0000e-12 -0.5647556    25.0176  0.000e+00
     60.426     60.938    12.4710  38.493795    33.0894    219.969     0.2047      8.165    82.4719 1.0000e-12 -0.2666786    25.0176  0.000e+00
     60.508     61.021    12.4714  38.494240    33.0895    219.589     0.1974      8.165    82.8592 1.0000e-12 -0.5316359    25.0176  0.000e+00
     59.998     60.507    12.4706  38.493285    33.0895    219.959     0.1901      8.165    83.9437 1.0000e-12 -0.6641145    25.0177  0.000e+00
     59.597     60.103    12.4702  38.492648    33.0894    220.175     0.2194      8.165    82.4719 1.0000e-12 -0.6641145    25.0177  0.000e+00
     59.745     60.251    12.4702  38.492839    33.0895    220.335     0.2121      8.165    81.6973 1.0000e-12 -0.6641145    25.0178  0.000e+00
     60.059     60.568    12.4702  38.492904    33.0895    220.344     0.2047      8.165    81.8780 1.0000e-12 -0.4322769    25.0178  0.000e+00
     60.085     60.594    12.4700  38.492840    33.0895    219.740     0.2121      8.165    83.1949 1.0000e-12 -0.4653966    25.0179  0.000e+00
     60.011     60.520    12.4699  38.492649    33.0895    219.358     0.2121      8.165    84.3311 1.0000e-12 -0.6309949    25.0178  0.000e+00
     60.182     60.693    12.4683  38.491252    33.0895    219.975     0.2194      8.165    84.6668 1.0000e-12 -0.6641145    25.0181  0.000e+00
     60.398     60.910    12.4658  38.489092    33.0895    220.217     0.2633      8.165    84.3827 1.0000e-12 -0.1010803    25.0186  0.000e+00
     60.335     60.847    12.4667  38.489918    33.0896    219.987     0.2487      8.165    85.1574 1.0000e-12 -0.2666786    25.0185  0.000e+00
     60.025     60.534    12.4677  38.490743    33.0896    219.974     0.1974      8.165    84.5635 1.0000e-12 -0.6641145    25.0183  0.000e+00
     59.804     60.311    12.4685  38.491187    33.0894    219.964     0.2194      8.165    83.7372 1.0000e-12 -0.6641145    25.0181  0.000e+00
     59.861     60.368    12.4691  38.491823    33.0894    219.582     0.2560      8.165    83.7113 1.0000e-12 -0.2997983    25.0179  0.000e+00
     60.015     60.524    12.4704  38.493094    33.0895    219.961     0.2560      8.165    84.3569 1.0000e-12 -0.3991573    25.0177  0.000e+00
     60.022     60.531    12.4691  38.491823    33.0894    220.192     0.2340      8.165    84.5893 1.0000e-12 -0.5647556    25.0179  0.000e+00
     59.927     60.435    12.4670  38.489980    33.0895    219.975     0.2047      8.165    85.0283 1.0000e-12 -0.6641145    25.0184  0.000e+00
     59.956     60.464    12.4690  38.491696    33.0893    219.966     0.2267      8.165    85.0541 1.0000e-12 -0.6641145    25.0179  0.000e+00
     60.192     60.703    12.4705  38.493286    33.0895    219.966     0.2633      8.165    85.0024 1.0000e-12 -0.6641145    25.0177  0.000e+00
     60.355     60.867    12.4708  38.493477    33.0893    219.969     0.2487      8.165    84.7184 1.0000e-12 -0.6641145    25.0175  0.000e+00
     60.209     60.720    12.4699  38.492650    33.0894    219.589     0.2047      8.165    85.1574 1.0000e-12 -0.6641145    25.0178  0.000e+00
     59.978     60.487    12.4692  38.492014    33.0895    219.966     0.1974      8.165    84.8733 1.0000e-12 -0.6641145    25.0180  0.000e+00
     59.902     60.410    12.4680  38.490870    33.0895    220.194     0.2047      8.165    84.4602 1.0000e-12 -0.3991573    25.0182  0.000e+00
     60.041     60.550    12.4686  38.491252    33.0893    219.590     0.2780      8.165    84.7184 1.0000e-12 -0.4322769    25.0179  0.000e+00
     60.150     60.660    12.4677  38.490362    33.0892    219.598     0.2414      8.165    84.8991 1.0000e-12 -0.6309949    25.0180  0.000e+00
     60.014     60.523    12.4674  38.490425    33.0895    219.438     0.1901      8.165    84.9508 1.0000e-12 -0.2335590    25.0183  0.000e+00
     59.895     60.403    12.4679  38.490679    33.0894    219.814     0.1828      8.165    84.4085 1.0000e-12 -0.2335590    25.0181  0.000e+00
     60.034     60.543    12.4647  38.487820    33.0894    220.057     0.2340      8.165    84.5635 1.0000e-12 -0.4653966    25.0188  0.000e+00
     60.062     60.571    12.4630  38.486549    33.0897    219.841     0.2340      8.165    84.9508 1.0000e-12 -0.4985162    25.0193  0.000e+00
     59.698     60.204    12.4640  38.487056    33.0894    219.827     0.2047      8.165    85.1315 1.0000e-12  0.0313983    25.0189  0.000e+00
     59.043     59.544    12.4646  38.487308    33.0894    219.425     0.1901      8.165    83.9954 1.0000e-12 -0.3329179    25.0188  0.000e+00
     58.351     58.845    12.4641  38.486543    33.0894    219.788     0.2121      8.165    83.0142 1.0000e-12 -0.3660376    25.0188  0.000e+00
     57.712     58.201    12.4646  38.486922    33.0896    219.992     0.2487      8.165    82.8076 1.0000e-12 -0.4653966    25.0189  0.000e+00
     57.066     57.550    12.4654  38.487237    33.0895    220.127     0.2780      8.165    82.9109 1.0000e-12 -0.6972342    25.0186  0.000e+00
     56.416     56.894    12.4667  38.487997    33.0894    220.484     0.2853      8.165    83.0142 1.0000e-12 -0.6972342    25.0183  0.000e+00
     55.806     56.279    12.4672  38.488503    33.0896    220.240     0.2853      8.165    82.8076 1.0000e-12 -0.4985162    25.0184  0.000e+00
     55.174     55.642    12.4675  38.488183    33.0893    219.617     0.2780      8.165    82.8076 1.0000e-12 -0.4985162    25.0181  0.000e+00
     54.367     54.828    12.4653  38.486019    33.0895    219.604     0.2633      8.165    82.6010 1.0000e-12 -0.6309949    25.0186  0.000e+00
     53.491     53.944    12.4652  38.485381    33.0894    219.804     0.2267      8.165    82.6010 1.0000e-12 -0.5647556    25.0185  0.000e+00
     52.834     53.281    12.4652  38.485315    33.0896    219.786     0.2414      8.165    82.7818 1.0000e-12 -0.5978752    25.0186  0.000e+00
     52.429     52.873    12.4656  38.485313    33.0894    219.773     0.2414      8.165    82.8851 1.0000e-12 -0.6309949    25.0184  0.000e+00
     51.937     52.376    12.4647  38.484358    33.0895    219.763     0.2487      8.165    83.4790 1.0000e-12 -0.5978752    25.0186  0.000e+00
     51.092     51.524    12.4640  38.483338    33.0895    219.743     0.2267      8.165    83.8146 1.0000e-12 -0.4322769    25.0187  0.000e+00
     50.135     50.559    12.4643  38.483080    33.0894    220.095     0.2194      8.165    83.1174 1.0000e-12 -0.6641145    25.0186  0.000e+00
     49.378     49.795    12.4641  38.482569    33.0894    220.075     0.2487      8.165    82.9109 1.0000e-12 -0.7303538    25.0186  0.000e+00
     48.747     49.159    12.4639  38.482313    33.0895    219.834     0.2487      8.165    82.9367 1.0000e-12 -0.7303538    25.0188  0.000e+00
     48.131     48.538    12.4636  38.481866    33.0896    219.818     0.2487      8.165    83.2982 1.0000e-12 -0.7303538    25.0189  0.000e+00
     47.483     47.884    12.4634  38.481291    33.0896    219.801     0.2267      8.165    83.8146 1.0000e-12 -0.7303538    25.0188  0.000e+00
     46.880     47.277    12.4631  38.480590    33.0894    219.406     0.2047      8.165    83.8921 1.0000e-12 -0.6309949    25.0187  0.000e+00
     46.319     46.710    12.4626  38.479953    33.0894    219.393     0.3000      8.165    83.1691 1.0000e-12 -0.6309949    25.0188  0.000e+00
     45.497     45.881    12.4623  38.479187    33.0893    219.974     0.2707      8.165    83.0658 1.0000e-12 -0.7303538    25.0188  0.000e+00
     44.399     44.774    12.4624  38.478865    33.0894    219.943     0.2121      8.165    83.2207 1.0000e-12 -0.7634735    25.0188  0.000e+00
     43.486     43.853    12.4627  38.478544    33.0892    219.693     0.2340      8.165    82.9367 1.0000e-12 -0.7634735    25.0186  0.000e+00
     43.043     43.406    12.4628  38.478606    33.0894    219.680     0.2267      8.165    82.5494 1.0000e-12 -0.7303538    25.0187  0.000e+00
     42.709     43.069    12.4629  38.478477    33.0892    219.291     0.1974      8.165    82.4203 1.0000e-12 -0.7303538    25.0185  0.000e+00
     42.060     42.415    12.4625  38.477967    33.0894    219.275     0.2121      8.165    82.7301 1.0000e-12 -0.7303538    25.0187  0.000e+00
     41.210     41.558    12.4624  38.477392    33.0893    219.475     0.2340      8.165    83.0142 1.0000e-12 -0.7303538    25.0187  0.000e+00
     40.408     40.749    12.4623  38.476944    33.0893    219.832     0.2340      8.165    82.7559 1.0000e-12 -0.7634735    25.0187  0.000e+00
     39.670     40.005    12.4622  38.476687    33.0894    219.812     0.2707      8.165    82.7301 1.0000e-12 -0.6972342    25.0188  0.000e+00
     38.997     39.326    12.4621  38.476303    33.0895    219.192     0.3219      8.165    82.9109 1.0000e-12 -0.5647556    25.0188  0.000e+00
     38.279     38.602    12.4618  38.475919    33.0896    219.173     0.3659      8.165    83.2982 1.0000e-12 -0.7303538    25.0189  0.000e+00
     37.556     37.872    12.4622  38.475980    33.0897    219.374     0.3366      8.165    83.2724 1.0000e-12 -0.7634735    25.0189  0.000e+00
     36.874     37.185    12.4622  38.475342    33.0894    219.734     0.3513      8.165    83.1433 1.0000e-12 -0.7634735    25.0186  0.000e+00
     36.199     36.503    12.4615  38.474387    33.0893    219.718     0.3000      8.165    82.9883 1.0000e-12 -0.7634735    25.0187  0.000e+00
     35.450     35.748    12.4607  38.473494    33.0895    219.100     0.3073      8.165    83.2724 1.0000e-12 -0.7634735    25.0190  0.000e+00
     34.749     35.041    12.4603  38.472920    33.0895    219.460     0.3073      8.165    83.2982 1.0000e-12 -0.7303538    25.0191  0.000e+00
     34.195     34.483    12.4602  38.472409    33.0894    218.911     0.2853      8.165    83.4531 1.0000e-12 -0.7303538    25.0190  0.000e+00
     33.628     33.911    12.4611  38.473233    33.0896    219.047     0.2707      8.165    83.7372 1.0000e-12 -0.7634735    25.0189  0.000e+00
     32.855     33.132    12.4611  38.472913    33.0896    219.470     0.2487      8.165    83.4015 1.0000e-12 -0.7634735    25.0189  0.000e+00
     31.996     32.265    12.4606  38.471766    33.0894    218.849     0.2194      8.165    82.9883 1.0000e-12 -0.7634735    25.0188  0.000e+00
     31.276     31.539    12.4604  38.471445    33.0895    218.829     0.2267      8.165    82.9367 1.0000e-12 -0.7634735    25.0190  0.000e+00
     30.644     30.902    12.4606  38.471252    33.0894    218.277     0.2780      8.165    83.6081 1.0000e-12 -0.7634735    25.0188  0.000e+00
     30.027     30.279    12.4607  38.471123    33.0895    218.638     0.2414      8.165    83.4531 1.0000e-12 -0.7634735    25.0189  0.000e+00
     29.383     29.630    12.4608  38.470993    33.0896    219.064     0.2707      8.165    83.4790 1.0000e-12 -0.7634735    25.0189  0.000e+00
     28.697     28.938    12.4604  38.470292    33.0895    218.068     0.2707      8.165    83.3757 1.0000e-12 -0.7634735    25.0189  0.000e+00
     28.023     28.258    12.4600  38.469527    33.0894    218.430     0.2560      8.165    83.4273 1.0000e-12 -0.7634735    25.0189  0.000e+00
     27.373     27.603    12.4598  38.469143    33.0895    218.857     0.2853      8.165    83.3498 1.0000e-12 -0.7634735    25.0189  0.000e+00
     26.670     26.894    12.4604  38.469395    33.0895    218.990     0.3000      8.165    83.6081 1.0000e-12 -0.7634735    25.0188  0.000e+00
     25.963     26.181    12.4613  38.470028    33.0895    217.833     0.2780      8.165    83.5306 1.0000e-12 -0.7634735    25.0187  0.000e+00
     25.317     25.530    12.4624  38.470660    33.0895    218.344     0.2633      8.165    83.5048 1.0000e-12 -0.7634735    25.0184  0.000e+00
     24.655     24.862    12.4625  38.470531    33.0896    218.991     0.2853      8.165    83.4531 1.0000e-12 -0.7303538    25.0185  0.000e+00
