Arg_Leg3_G9_NV.cnv
* Sea-Bird SBE 9 Data File:
* FileName = S:\CTD_Data\CTD\Data\Argentina 2014\Data\Leg3\Arg_Leg3_G9.hex
* Software Version Seasave V 7.21g
* Temperature SN = 5769
* Conductivity SN = 4244
* Number of Bytes Per Scan = 31
* Number of Voltage Words = 4
* Number of Scans Averaged by the Deck Unit = 24
* NMEA Latitude = 46 38.83 S
* NMEA Longitude = 066 12.41 W
* NMEA UTC (Time) = Feb 14 2014 08:50:07
* NMEA baud rate = 9600
** R/V Coriolis II
** MARES project, ARGENTINA 2014
** Chief scientist : Dr. Gustavo Ferreyra
** Co-Chief scientist : Dr. José Luis Esteves
# nquan = 13
# nvalues = 518                                   
# units = specified
# name 0 = depSM: Depth [salt water, m]
# name 1 = prDM: Pressure, Digiquartz [db]
# name 2 = t090C: Temperature [ITS-90, deg C]
# name 3 = c0mS/cm: Conductivity [mS/cm]
# name 4 = sal00: Salinity, Practical [PSU]
# name 5 = sbeox0Mm/Kg: Oxygen, SBE 43 [umol/Kg]
# name 6 = flECO-AFL: Fluorescence, WET Labs ECO-AFL/FL [mg/m^3]
# name 7 = ph: pH
# name 8 = CStarTr0: Beam Transmission, WET Labs C-Star [%]
# name 9 = par: PAR/Irradiance, Biospherical/Licor
# name 10 = upoly0: Upoly 0, Nitrate
# name 11 = sigma-é00: Density [sigma-theta, Kg/m^3]
# name 12 = flag:  0.000e+00
# span 0 =     -0.019,     74.671                 
# span 1 =     -0.019,     75.308                 
# span 2 =     9.0749,    14.9727                 
# span 3 =  10.392001,  41.139966                 
# span 4 =     7.4613,    33.4059                 
# span 5 =    148.807,    295.281                 
# span 6 =    -0.1249,     1.8824                 
# span 7 =      7.834,      8.243                 
# span 8 =    48.4130,    96.0541                 
# span 9 = 1.0000e-12, 6.6310e-01                 
# span 10 = -0.7634735,  5.0655863                
# span 11 =     4.8773,    25.8139                
# span 12 = 0.0000e+00, 0.0000e+00                
# interval = seconds: 1
# start_time = Feb 14 2014 08:50:07 [NMEA time, header]
# bad_flag = -9.990e-29
*END*
[from data line 223]
     68.208     68.788     9.2205  35.776323    33.3274    150.071     0.0216      7.843    70.9296 1.0000e-12  3.6083214    25.7748  0.000e+00
     67.478     68.052     9.2641  35.809720    33.3216    150.080     0.0143      7.848    72.4273 1.0000e-12  3.6083214    25.7632  0.000e+00
     66.887     67.455     9.3355  35.863577    33.3110    150.448     0.0289      7.852    73.7183 1.0000e-12 -0.0679607    25.7435  0.000e+00
     66.403     66.968     9.3729  35.891321    33.3051    150.928     0.0362      7.857    73.9766 1.0000e-12  0.5613128    25.7329  0.000e+00
     65.822     66.382     9.4037  35.914931    33.3010    151.147     0.0216      7.857    74.3381 1.0000e-12  1.0912274    25.7247  0.000e+00
     65.044     65.597     9.4502  35.949800    33.2940    151.755     0.0069      7.861    75.8874 1.0000e-12 -0.6309949    25.7117  0.000e+00
     64.290     64.836     9.5395  36.017107    33.2807    151.775     0.0069      7.866    76.2747 1.0000e-12  2.5484923    25.6868  0.000e+00
     63.655     64.196     9.6225  36.079758    33.2684    152.424     0.0069      7.870    77.9531 1.0000e-12  1.4555436    25.6636  0.000e+00
     62.935     63.470     9.7480  36.171892    33.2469    153.632     0.0069      7.879    79.5540 1.0000e-12  1.0912274    25.6263  0.000e+00
     62.071     62.598     9.8564  36.252206    33.2293    154.777    -0.0004      7.889    80.6386 1.0000e-12  3.5752017    25.5946  0.000e+00
     61.377     61.898     9.9903  36.341469    33.1973    156.862    -0.0077      7.907    80.9742 1.0000e-12  1.9523385    25.5473  0.000e+00
     61.002     61.520    10.0149  36.362463    33.1962    160.763    -0.0077      7.921    82.3944 1.0000e-12  2.2835350    25.5423  0.000e+00
     60.453     60.966    10.0984  36.428832    33.1871    164.488    -0.0077      7.930    84.3827 1.0000e-12  1.9854581    25.5212  0.000e+00
     59.470     59.974    10.1355  36.468253    33.1934    167.300    -0.0150      7.935    86.6034 1.0000e-12  0.1969966    25.5198  0.000e+00
     58.515     59.011    10.2937  36.622936    33.2054    169.074    -0.0077      7.934    85.0024 1.0000e-12 -0.5647556    25.5024  0.000e+00
     57.921     58.413    10.2298  36.555985    33.1966    170.518    -0.0004      7.939    84.9766 1.0000e-12 -0.6309949    25.5063  0.000e+00
     57.482     57.970    10.2239  36.568873    33.2151    169.568    -0.0004      7.944    85.0283 1.0000e-12 -0.6309949    25.5218  0.000e+00
     56.899     57.381    10.4774  36.773754    33.1902    167.595    -0.0077      7.948    85.1315 1.0000e-12 -0.6309949    25.4590  0.000e+00
     56.026     56.501    10.4989  36.792099    33.1894    168.215    -0.0297      7.948    85.1574 1.0000e-12 -0.6309949    25.4547  0.000e+00
     55.325     55.794    10.5184  36.807326    33.1873    169.360    -0.0297      7.952    85.1057 1.0000e-12  0.7600308    25.4496  0.000e+00
     55.105     55.571    10.5307  36.818937    33.1878    170.702    -0.0224      7.952    85.0799 1.0000e-12  0.4619538    25.4479  0.000e+00
     55.012     55.479    10.5426  36.828988    33.1871    172.048    -0.0077      7.957    85.1832 1.0000e-12 -0.2666786    25.4453  0.000e+00
     54.647     55.110    10.5553  36.840039    33.1867    172.293    -0.0077      7.957    85.7771 1.0000e-12  2.3166547    25.4428  0.000e+00
     54.057     54.514    10.5616  36.843659    33.1849    172.561    -0.0004      7.962    86.0869 1.0000e-12  0.6275521    25.4403  0.000e+00
     53.545     53.999    10.5604  36.846093    33.1886    173.362     0.0069      7.962    85.6222 1.0000e-12 -0.2004393    25.4434  0.000e+00
     53.211     53.662    10.5678  36.851400    33.1873    173.306     0.0143      7.962    85.7254 1.0000e-12  0.1638769    25.4411  0.000e+00
     53.015     53.463    10.6165  36.890440    33.1822    173.513     0.0143      7.966    85.9320 1.0000e-12  5.0655863    25.4286  0.000e+00
     52.864     53.312    10.6400  36.910060    33.1806    173.907    -0.0004      7.966    86.4226 1.0000e-12  0.7600308    25.4233  0.000e+00
     52.743     53.189    10.6576  36.924497    33.1791    174.071    -0.0150      7.966    87.4813 1.0000e-12 -0.4985162    25.4191  0.000e+00
     52.598     53.043    10.6860  36.946999    33.1759    174.862    -0.0004      7.971    88.2043 1.0000e-12 -0.6641145    25.4116  0.000e+00
     52.390     52.834    10.7086  36.965255    33.1737    175.672     0.0069      7.975    88.6175 1.0000e-12 -0.6641145    25.4060  0.000e+00
     52.149     52.591    10.7428  36.992584    33.1700    176.597     0.0143      7.980    88.5400 1.0000e-12  0.1969966    25.3971  0.000e+00
     51.880     52.320    10.7587  37.005594    33.1687    178.003     0.0216      7.984    88.3076 1.0000e-12  1.1905863    25.3933  0.000e+00
     51.545     51.981    10.7570  37.005155    33.1700    179.636     0.0289      7.984    87.8945 1.0000e-12  1.4224239    25.3946  0.000e+00
     51.208     51.641    10.7526  37.003465    33.1724    180.615     0.0216      7.984    87.6621 1.0000e-12  0.2963556    25.3972  0.000e+00
     51.024     51.456    10.7796  37.025548    33.1700    180.397     0.0289      7.989    87.9719 1.0000e-12 -0.5978752    25.3907  0.000e+00
     51.011     51.443    10.8129  37.051518    33.1657    180.000     0.0362      7.994    89.2630 1.0000e-12 -0.6641145    25.3814  0.000e+00
     50.982     51.413    10.8187  37.056463    33.1654    180.624     0.0362      7.994    90.2959 1.0000e-12 -0.6641145    25.3802  0.000e+00
     50.727     51.156    10.8215  37.059216    33.1657    181.915     0.0289      7.994    90.4508 1.0000e-12 -0.6641145    25.3800  0.000e+00
     50.355     50.781    10.8291  37.065411    33.1652    182.933     0.0362      7.998    90.1926 1.0000e-12  0.3957145    25.3782  0.000e+00
     50.209     50.634    10.8276  37.064973    33.1662    183.331     0.0509      7.998    89.5212 1.0000e-12 -0.2004393    25.3792  0.000e+00
     50.236     50.661    10.8522  37.085319    33.1642    183.219     0.0436      7.998    89.7278 1.0000e-12 -0.6641145    25.3733  0.000e+00
     50.281     50.706    10.8598  37.091831    33.1637    183.424     0.0509      7.998    90.0893 1.0000e-12 -0.6641145    25.3716  0.000e+00
     50.339     50.765    10.8550  37.088325    33.1646    183.929     0.0362      7.998    90.2442 1.0000e-12 -0.6641145    25.3732  0.000e+00
     50.233     50.658    10.8597  37.092645    33.1646    183.981     0.0289      7.998    90.2959 1.0000e-12 -0.6641145    25.3724  0.000e+00
     50.149     50.574    10.8670  37.098593    33.1640    183.613     0.0289      7.998    90.2184 1.0000e-12 -0.6641145    25.3706  0.000e+00
     50.413     50.839    10.8538  37.087448    33.1647    183.995     0.0436      7.998    90.1926 1.0000e-12 -0.5316359    25.3735  0.000e+00
     50.735     51.165    10.8316  37.069795    33.1671    184.251     0.0436      7.998    90.4766 1.0000e-12  0.3294752    25.3792  0.000e+00
     50.708     51.137    10.8321  37.070483    33.1674    183.748     0.0362      7.998    90.7349 1.0000e-12 -0.4653966    25.3794  0.000e+00
     50.412     50.839    10.8418  37.078683    33.1669    183.453     0.0289      7.998    90.5541 1.0000e-12 -0.6641145    25.3773  0.000e+00
     50.214     50.639    10.8540  37.088637    33.1658    183.401     0.0436      7.998    90.1410 1.0000e-12 -0.6641145    25.3743  0.000e+00
     50.407     50.833    10.8566  37.090454    33.1652    183.807     0.0582      7.998    90.1410 1.0000e-12 -0.6641145    25.3734  0.000e+00
     50.731     51.160    10.8345  37.072424    33.1671    183.901     0.0436      8.003    90.4508 1.0000e-12 -0.2335590    25.3787  0.000e+00
     50.643     51.072    10.8371  37.075178    33.1675    183.638     0.0362      7.998    90.6058 1.0000e-12 -0.3991573    25.3786  0.000e+00
     50.251     50.676    10.8519  37.087135    33.1662    183.571     0.0362      7.998    90.4508 1.0000e-12 -0.2004393    25.3750  0.000e+00
     50.214     50.639    10.8581  37.092206    33.1657    183.957     0.0582      7.998    90.1668 1.0000e-12  1.7867402    25.3735  0.000e+00
     50.627     51.056    10.8438  37.080061    33.1663    184.435     0.0436      8.003    90.2442 1.0000e-12 -0.2666786    25.3765  0.000e+00
     50.836     51.266    10.8309  37.069921    33.1678    184.241     0.0436      8.003    90.4508 1.0000e-12 -0.6641145    25.3799  0.000e+00
     50.595     51.023    10.8441  37.081063    33.1671    183.933     0.0436      7.998    90.6574 1.0000e-12 -0.6641145    25.3770  0.000e+00
     50.330     50.756    10.8541  37.089201    33.1662    183.888     0.0436      8.003    90.3475 1.0000e-12 -0.6641145    25.3746  0.000e+00
     50.432     50.859    10.8572  37.091456    33.1656    183.878     0.0655      8.003    90.2442 1.0000e-12 -0.6641145    25.3736  0.000e+00
     50.675     51.104    10.8408  37.078121    33.1671    183.948     0.0655      8.003    90.3992 1.0000e-12 -0.4985162    25.3777  0.000e+00
     50.772     51.201    10.8337  37.072299    33.1677    183.979     0.0436      7.998    90.5799 1.0000e-12 -0.2335590    25.3794  0.000e+00
     50.566     50.994    10.8420  37.079686    33.1676    183.940     0.0289      7.998    90.6832 1.0000e-12  0.0645179    25.3778  0.000e+00
     50.273     50.699    10.8552  37.090454    33.1665    183.882     0.0289      7.998    90.3734 1.0000e-12 -0.2666786    25.3746  0.000e+00
     50.348     50.774    10.8605  37.094649    33.1658    183.863     0.0509      8.003    90.1668 1.0000e-12 -0.5316359    25.3732  0.000e+00
     50.772     51.201    10.8355  37.073614    33.1673    184.383     0.0436      8.003    90.2442 1.0000e-12 -0.6641145    25.3787  0.000e+00
     50.890     51.321    10.8280  37.068356    33.1689    184.826     0.0436      8.003    90.4766 1.0000e-12 -0.6641145    25.3813  0.000e+00
     50.559     50.987    10.8470  37.083129    33.1665    184.083     0.0362      7.998    90.4766 1.0000e-12 -0.6641145    25.3761  0.000e+00
     50.398     50.824    10.8497  37.085821    33.1668    183.407     0.0582      7.998    90.2184 1.0000e-12 -0.6641145    25.3758  0.000e+00
     50.640     51.068    10.8373  37.075366    33.1675    183.711     0.0655      7.998    90.2442 1.0000e-12 -0.6641145    25.3786  0.000e+00
     50.912     51.342    10.8258  37.066040    33.1685    184.013     0.0582      7.998    90.5025 1.0000e-12 -0.6641145    25.3814  0.000e+00
     50.832     51.262    10.8287  37.068857    33.1688    183.999     0.0509      7.998    90.5799 1.0000e-12 -0.6641145    25.3811  0.000e+00
     50.528     50.956    10.8435  37.080562    33.1671    183.934     0.0436      7.998    90.5025 1.0000e-12 -0.6641145    25.3772  0.000e+00
     50.449     50.876    10.8479  37.084381    33.1670    183.915     0.0509      7.998    90.2959 1.0000e-12 -0.6641145    25.3763  0.000e+00
     50.658     51.087    10.8388  37.076618    33.1674    183.956     0.0655      8.003    90.3475 1.0000e-12 -0.6641145    25.3782  0.000e+00
     50.798     51.228    10.8322  37.071423    33.1682    183.985     0.0655      8.003    90.5025 1.0000e-12 -0.6641145    25.3800  0.000e+00
     50.712     51.141    10.8340  37.073175    33.1683    183.976     0.0436      7.998    90.5799 1.0000e-12  0.7931504    25.3797  0.000e+00
     50.607     51.035    10.8381  37.076180    33.1677    184.369     0.0216      8.003    90.4766 1.0000e-12  0.2301162    25.3785  0.000e+00
     50.634     51.062    10.8368  37.075053    33.1677    184.375     0.0436      7.998    90.4250 1.0000e-12 -0.4322769    25.3788  0.000e+00
     50.763     51.192    10.8306  37.069858    33.1681    183.741     0.0436      7.998    90.5283 1.0000e-12  0.4288342    25.3802  0.000e+00
     50.814     51.244    10.8270  37.067104    33.1685    183.756     0.0436      7.998    90.5799 1.0000e-12 -0.4985162    25.3812  0.000e+00
     50.737     51.167    10.8295  37.069107    33.1683    183.995     0.0289      7.998    90.5799 1.0000e-12 -0.6641145    25.3806  0.000e+00
     50.722     51.151    10.8311  37.070358    33.1681    183.577     0.0362      7.998    90.5541 1.0000e-12 -0.6641145    25.3801  0.000e+00
     50.829     51.259    10.8265  37.066540    33.1684    183.597     0.0436      7.998    90.5541 1.0000e-12 -0.6641145    25.3812  0.000e+00
     50.933     51.364    10.8227  37.063536    33.1688    183.864     0.0436      7.998    90.5541 1.0000e-12 -0.6641145    25.3822  0.000e+00
     50.961     51.392    10.8198  37.061220    33.1692    184.288     0.0436      7.998    90.4766 1.0000e-12 -0.2666786    25.3829  0.000e+00
     50.892     51.322    10.8203  37.061721    33.1692    183.873     0.0436      7.998    90.4766 1.0000e-12  0.0313983    25.3829  0.000e+00
     50.669     51.098    10.8259  37.066039    33.1686    183.596     0.0436      7.998    90.4766 1.0000e-12  0.0313983    25.3814  0.000e+00
     50.575     51.003    10.8332  37.072111    33.1680    183.403     0.0582      7.998    90.3992 1.0000e-12 -0.6309949    25.3797  0.000e+00
     50.788     51.218    10.8267  37.066603    33.1684    183.434     0.0802      7.998    90.4508 1.0000e-12 -0.6641145    25.3811  0.000e+00
     50.909     51.339    10.8235  37.064287    33.1689    184.111     0.0582      7.998    90.5283 1.0000e-12 -0.6641145    25.3821  0.000e+00
     50.797     51.227    10.8257  37.065977    33.1687    183.688     0.0362      7.998    90.4508 1.0000e-12 -0.6641145    25.3815  0.000e+00
     50.798     51.228    10.8264  37.066415    33.1684    183.847     0.0436      7.998    90.5025 1.0000e-12 -0.6641145    25.3812  0.000e+00
     50.937     51.368    10.8206  37.061846    33.1690    184.123     0.0509      7.998    90.4766 1.0000e-12 -0.6641145    25.3827  0.000e+00
     50.999     51.431    10.8183  37.060094    33.1694    183.884     0.0436      7.998    90.4250 1.0000e-12 -0.6641145    25.3834  0.000e+00
     50.917     51.348    10.8188  37.060469    33.1694    183.468     0.0362      7.998    90.3475 1.0000e-12 -0.5978752    25.3833  0.000e+00
     50.797     51.227    10.8230  37.063598    33.1687    183.449     0.0362      7.998    90.4250 1.0000e-12 -0.0679607    25.3820  0.000e+00
     50.797     51.227    10.8241  37.064600    33.1687    183.695     0.0362      7.998    90.4766 1.0000e-12 -0.4985162    25.3818  0.000e+00
     50.910     51.341    10.8216  37.062660    33.1690    183.296     0.0436      7.998    90.4766 1.0000e-12 -0.0348410    25.3825  0.000e+00
     51.030     51.462    10.8183  37.060156    33.1694    183.723     0.0509      7.998    90.3992 1.0000e-12  0.7600308    25.3834  0.000e+00
     50.941     51.372    10.8187  37.060532    33.1695    183.558     0.0582      7.998    90.3217 1.0000e-12 -0.3991573    25.3834  0.000e+00
     50.478     50.905    10.8341  37.073112    33.1682    183.236     0.0362      7.998    90.3992 1.0000e-12 -0.3991573    25.3797  0.000e+00
     50.153     50.577    10.8434  37.080373    33.1672    183.443     0.0362      7.998    90.2959 1.0000e-12 -0.5316359    25.3773  0.000e+00
     50.379     50.806    10.8407  37.078182    33.1674    183.459     0.0509      8.003    90.2701 1.0000e-12 -0.6641145    25.3779  0.000e+00
     50.477     50.904    10.8363  37.075241    33.1684    183.889     0.0436      8.003    90.3217 1.0000e-12 -0.6641145    25.3794  0.000e+00
     50.129     50.553    10.8568  37.092144    33.1668    184.211     0.0436      8.003    90.3217 1.0000e-12 -0.6641145    25.3745  0.000e+00
     49.897     50.319    10.8630  37.097027    33.1661    183.931     0.0436      8.003    90.2959 1.0000e-12 -0.6641145    25.3729  0.000e+00
     49.858     50.280    10.8691  37.102475    33.1661    184.068     0.0582      8.003    90.1926 1.0000e-12 -0.6641145    25.3718  0.000e+00
     49.796     50.217    10.8743  37.106795    33.1657    184.867     0.0729      8.003    90.1410 1.0000e-12 -0.6641145    25.3706  0.000e+00
