Arg_L2_SF09_NV.cnv
* Sea-Bird SBE 9 Data File:
* FileName = S:\CTD_Data\CTD\Data\Argentina 2014\Data\Arg_L2_SF09.hex
* Software Version Seasave V 7.21g
* Temperature SN = 5769
* Conductivity SN = 4244
* Number of Bytes Per Scan = 31
* Number of Voltage Words = 4
* Number of Scans Averaged by the Deck Unit = 24
* NMEA Latitude = 45 56.25 S
* NMEA Longitude = 065 33.98 W
* NMEA UTC (Time) = Feb 07 2014 18:00:47
* NMEA baud rate = 9600
** R/V Coriolis II
** MARES project, ARGENTINA 2014
** Chief scientist : Dr. Gustavo Ferreyra
** Co-Chief scientist : Dr. José Luis Esteves
# nquan = 13
# nvalues = 313                                   
# units = specified
# name 0 = depSM: Depth [salt water, m]
# name 1 = prDM: Pressure, Digiquartz [db]
# name 2 = t090C: Temperature [ITS-90, deg C]
# name 3 = c0mS/cm: Conductivity [mS/cm]
# name 4 = sal00: Salinity, Practical [PSU]
# name 5 = sbeox0Mm/Kg: Oxygen, SBE 43 [umol/Kg]
# name 6 = flECO-AFL: Fluorescence, WET Labs ECO-AFL/FL [mg/m^3]
# name 7 = ph: pH
# name 8 = CStarTr0: Beam Transmission, WET Labs C-Star [%]
# name 9 = par: PAR/Irradiance, Biospherical/Licor
# name 10 = upoly0: Upoly 0, Nitrate
# name 11 = sigma-é00: Density [sigma-theta, Kg/m^3]
# name 12 = flag:  0.000e+00
# span 0 =     -0.315,     85.459                 
# span 1 =     -0.318,     86.184                 
# span 2 =     9.0085,    14.1360                 
# span 3 =   1.435945,  40.209756                 
# span 4 =     0.9322,    33.3387                 
# span 5 =    132.888,    277.825                 
# span 6 =    -0.3520,     1.3696                 
# span 7 =      7.773,      8.225                 
# span 8 =    51.8990,    97.3452                 
# span 9 = 1.0000e-12, 1.8198e+03                 
# span 10 = -0.7634735,  15.465159                
# span 11 =    -0.0082,    25.8166                
# span 12 = 0.0000e+00, 0.0000e+00                
# interval = seconds: 1
# start_time = Feb 07 2014 18:00:47 [NMEA time, header]
# bad_flag = -9.990e-29
*END*
      1.714      1.728    14.1053  40.179351    33.2734    220.631     0.2121      8.210    94.3241 1.3622e+03 -0.5978752    24.8312  0.000e+00
      1.800      1.815    14.0998  40.173532    33.2727    220.659     0.2194      8.205    94.2208 1.1803e+03 -0.4985162    24.8318  0.000e+00
      1.655      1.668    14.0722  40.148127    33.2732    220.432     0.2560      8.205    94.0917 1.4821e+03 -0.5647556    24.8379  0.000e+00
      1.839      1.854    14.1124  40.186657    33.2739    219.908     0.2340      8.205    94.1175 1.5901e+03 -0.5647556    24.8301  0.000e+00
      2.468      2.488    14.1059  40.180582    33.2737    220.152     0.2121      8.210    94.2466 1.0400e+03 -0.5978752    24.8313  0.000e+00
      2.845      2.869    14.1062  40.181747    33.2744    220.704     0.2340      8.210    94.2724 1.2071e+03 -0.4985162    24.8318  0.000e+00
      3.452      3.481    14.1305  40.203735    33.2734    219.920     0.2340      8.210    94.1692 9.3199e+02 -0.5647556    24.8260  0.000e+00
      4.365      4.402    14.1313  40.204774    33.2733    218.705     0.2194      8.210    94.2983 1.0637e+03 -0.6641145    24.8258  0.000e+00
      5.026      5.068    14.1360  40.209756    33.2736    220.828     0.2267      8.210    94.4015 7.5268e+02 -0.4985162    24.8250  0.000e+00
      5.257      5.301    14.1280  40.201350    33.2727    221.810     0.2414      8.210    94.2983 6.6884e+02 -0.4985162    24.8260  0.000e+00
      5.746      5.794    14.0802  40.157515    33.2732    221.054     0.2340      8.210    94.2983 6.5213e+02 -0.6641145    24.8364  0.000e+00
      6.696      6.752    14.0521  40.132442    33.2740    219.965     0.2633      8.210    94.3241 6.7262e+02 -0.4985162    24.8428  0.000e+00
      7.569      7.632    14.0292  40.110346    33.2730    219.745     0.3293      8.215    94.2724 5.3713e+02 -0.4985162    24.8469  0.000e+00
      7.979      8.045    14.0207  40.102659    33.2731    220.738     0.3586      8.215    94.1175 5.8440e+02 -0.6641145    24.8487  0.000e+00
      8.299      8.368    14.0158  40.097492    33.2724    220.271     0.3513      8.215    93.9884 4.4241e+02 -0.4985162    24.8492  0.000e+00
      8.980      9.054    13.9962  40.079020    33.2720    220.529     0.3952      8.215    94.0142 4.7999e+02 -0.4985162    24.8530  0.000e+00
      9.864      9.946    13.9733  40.057647    33.2716    220.707     0.4611      8.215    93.9884 3.9982e+02 -0.6641145    24.8575  0.000e+00
     10.594     10.682    13.9605  40.045317    33.2710    220.587     0.5198      8.215    93.9884 3.6031e+02 -0.4985162    24.8597  0.000e+00
     11.057     11.148    13.9484  40.033180    33.2700    220.855     0.5491      8.215    93.9884 4.0207e+02 -0.4985162    24.8614  0.000e+00
     11.707     11.804    13.9339  40.019239    33.2695    219.188     0.5857      8.220    93.8851 2.9345e+02 -0.5978752    24.8640  0.000e+00
     12.560     12.664    13.9202  40.006139    33.2688    219.975     0.6663      8.220    93.8851 3.2198e+02 -0.4985162    24.8663  0.000e+00
     13.206     13.315    13.9075  39.993944    33.2682    221.052     0.7395      8.220    93.8335 2.4929e+02 -0.4985162    24.8685  0.000e+00
     13.568     13.681    13.8984  39.985040    33.2677    220.704     0.8055      8.220    93.8076 2.6744e+02 -0.5978752    24.8700  0.000e+00
     14.097     14.214    13.8887  39.975815    33.2673    221.115     0.7908      8.220    93.8593 2.2912e+02 -0.4985162    24.8718  0.000e+00
     14.793     14.916    13.8797  39.967753    33.2674    221.526     0.8641      8.220    93.9109 2.0764e+02 -0.4985162    24.8736  0.000e+00
     15.480     15.609    13.8742  39.962723    33.2672    219.964     0.9520      8.220    93.7818 2.3302e+02 -0.6309949    24.8747  0.000e+00
     16.159     16.293    13.8690  39.957629    33.2667    219.806     1.0252      8.220    93.8593 1.7839e+02 -0.4985162    24.8754  0.000e+00
     16.911     17.051    13.8629  39.951762    33.2662    220.659     1.0619      8.220    93.8593 1.5674e+02 -0.4985162    24.8763  0.000e+00
     17.630     17.777    13.8557  39.944798    33.2657    220.713     1.1498      8.225    93.8335 1.5896e+02 -0.4985162    24.8774  0.000e+00
     18.200     18.352    13.8538  39.943252    33.2656    220.385     1.2377      8.225    93.7044 1.2946e+02 -0.4985162    24.8777  0.000e+00
     18.769     18.925    13.8473  39.936353    33.2646    220.432     1.2597      8.225    93.7560 1.3466e+02 -0.4985162    24.8783  0.000e+00
     19.456     19.618    13.8418  39.931067    33.2643    220.678     1.2890      8.225    93.8851 1.2658e+02 -0.4985162    24.8792  0.000e+00
     20.212     20.380    13.8368  39.926233    33.2638    220.723     1.3329      8.225    93.9368 1.0874e+02 -0.4985162    24.8799  0.000e+00
     20.902     21.076    13.8352  39.924946    33.2637    221.102     1.3256      8.225    93.9368 1.0513e+02 -0.4985162    24.8801  0.000e+00
     21.385     21.563    13.8350  39.924883    33.2636    220.058     1.3256      8.225    93.8851 9.0572e+01 -0.4985162    24.8801  0.000e+00
     21.767     21.949    13.8339  39.923724    33.2634    219.520     1.3696      8.225    93.9109 9.0827e+01 -0.4985162    24.8802  0.000e+00
     22.340     22.526    13.8255  39.916052    33.2633    220.885     1.3549      8.225    93.9884 8.6829e+01 -0.4985162    24.8818  0.000e+00
     23.207     23.400    13.8206  39.911800    33.2632    220.428     1.2890      8.225    94.0917 7.4383e+01 -0.4985162    24.8828  0.000e+00
     24.143     24.344    13.8169  39.908450    33.2630    219.713     1.2817      8.225    94.1433 6.5537e+01 -0.4985162    24.8834  0.000e+00
     24.719     24.925    13.8163  39.908195    33.2630    219.076     1.2743      8.220    94.2724 5.8561e+01 -0.4985162    24.8836  0.000e+00
     24.997     25.205    13.8168  39.908712    33.2629    218.224     1.2890      8.220    94.4015 5.7097e+01 -0.5978752    24.8835  0.000e+00
     25.562     25.775    13.8140  39.906264    33.2629    219.213     1.2890      8.220    94.5048 5.7097e+01 -0.4985162    24.8840  0.000e+00
     26.375     26.595    13.8107  39.904075    33.2633    219.149     1.2377      8.220    94.5823 5.4737e+01 -0.4985162    24.8851  0.000e+00
     27.174     27.401    13.8065  39.900725    33.2635    218.987     1.1571      8.220    94.7889 4.5973e+01 -0.5978752    24.8861  0.000e+00
     27.924     28.157    13.8017  39.896860    33.2638    219.789     1.0912      8.220    94.9180 4.3457e+01 -0.4985162    24.8873  0.000e+00
     28.613     28.852    13.8003  39.895896    33.2638    220.522     1.0765      8.220    95.0987 3.8179e+01 -0.4985162    24.8876  0.000e+00
     28.931     29.172    13.7998  39.895574    33.2638    218.914     1.0252      8.220    95.3311 3.5484e+01 -0.6309949    24.8878  0.000e+00
     29.022     29.265    13.7967  39.892674    33.2638    218.171     0.9520      8.220    95.4861 3.7540e+01 -0.4985162    24.8884  0.000e+00
     29.551     29.797    13.7936  39.890419    33.2641    218.656     0.9886      8.220    95.4602 3.5987e+01 -0.4985162    24.8893  0.000e+00
     30.541     30.796    13.7842  39.882817    33.2648    219.282     0.8934      8.220    95.6410 3.1174e+01 -0.6641145    24.8918  0.000e+00
     31.581     31.844    13.7652  39.864966    33.2643    219.247     0.6882      8.216    95.8476 2.2740e+01 -0.4985162    24.8953  0.000e+00
     32.386     32.656    13.7220  39.824245    33.2636    218.550     0.5491      8.216    96.2607 2.2548e+01 -0.4985162    24.9036  0.000e+00
     32.345     32.615    13.7436  39.844089    33.2633    218.301     0.4538      8.216    96.4931 2.5813e+01 -0.6641145    24.8990  0.000e+00
     32.629     32.901    13.7314  39.832428    33.2629    218.061     0.5051      8.216    96.4931 2.5524e+01 -0.4985162    24.9012  0.000e+00
     33.495     33.774    13.6009  39.698830    33.2514    218.892     0.4758      8.217    96.5706 2.4331e+01 -0.4653966    24.9189  0.000e+00
     34.560     34.849    13.2544  39.351486    33.2273    219.133     0.3366      8.209    96.6739 1.9311e+01 -0.4985162    24.9702  0.000e+00
     35.532     35.829    12.7617  38.864603    33.1980    219.587     0.2194      8.192    97.0095 1.6867e+01 -0.4985162    25.0448  0.000e+00
     35.866     36.166    12.7945  38.902826    33.2053    215.313     0.1388      8.183    97.2678 1.8669e+01 -0.4985162    25.0441  0.000e+00
     36.042     36.344    12.6419  38.747167    33.1913    215.227     0.1022      8.179    97.1645 1.8616e+01 -0.5978752    25.0630  0.000e+00
     36.594     36.899    12.5194  38.625482    33.1828    215.497     0.1315      8.174    97.3452 1.7795e+01 -0.4985162    25.0801  0.000e+00
     37.405     37.718    12.3923  38.506877    33.1811    214.164     0.1022      8.170    97.3452 1.6631e+01 -0.4985162    25.1031  0.000e+00
     38.367     38.688    12.2558  38.377436    33.1770    213.385     0.0655      8.161    97.2161 1.4566e+01 -0.5647556    25.1261  0.000e+00
     39.321     39.651    12.0128  38.149528    33.1722    212.837     0.0655      8.153    97.0095 1.3160e+01 -0.4985162    25.1682  0.000e+00
     39.806     40.140    11.9701  38.121485    33.1828    210.827     0.0655      8.144    96.8546 1.3049e+01 -0.5647556    25.1845  0.000e+00
     39.802     40.135    12.0965  38.231630    33.1771    208.495     0.0655      8.134    96.7513 1.2939e+01 -0.6309949    25.1563  0.000e+00
     40.099     40.434    12.0134  38.137246    33.1594    208.311     0.0655      8.134    96.7513 1.2866e+01 -0.6641145    25.1583  0.000e+00
     40.901     41.243    11.4160  37.597084    33.1659    210.901     0.0509      8.118    96.2091 1.2194e+01 -0.4985162    25.2737  0.000e+00
     41.913     42.264    11.1032  37.311713    33.1656    209.412     0.0436      8.100    95.8217 1.0470e+01 -0.4653966    25.3297  0.000e+00
     42.923     43.282    10.9203  37.144791    33.1648    204.367     0.0509      8.082    94.5565 9.4572e+00 -0.4985162    25.3617  0.000e+00
     43.460     43.824    10.8477  37.094313    33.1802    199.848     0.0582      8.069    92.3875 9.2982e+00 -0.6641145    25.3864  0.000e+00
     43.522     43.887    10.9128  37.126249    33.1530    196.320     0.0509      8.064    92.2583 9.4039e+00 -0.7303538    25.3538  0.000e+00
     43.803     44.170    10.7865  37.018013    33.1595    194.559     0.0582      8.059    93.2912 9.2982e+00 -0.5978752    25.3811  0.000e+00
     44.503     44.876    10.6318  36.874850    33.1565    195.002     0.0582      8.051    91.6128 8.5180e+00 -0.4985162    25.4057  0.000e+00
     45.453     45.834    10.4171  36.686576    33.1626    194.777     0.0362      8.042    90.5283 7.1680e+00 -0.0017214    25.4476  0.000e+00
     46.405     46.794    10.3174  36.599216    33.1652    193.237     0.0143      8.024    89.4696 6.1865e+00  0.5613128    25.4667  0.000e+00
     46.878     47.272    10.3494  36.627873    33.1647    189.735     0.0143      8.019    88.5917 6.1167e+00  0.2301162    25.4609  0.000e+00
     46.935     47.329    10.3243  36.602021    33.1615    187.034     0.0143      8.019    88.6691 6.0822e+00  0.0976376    25.4627  0.000e+00
     47.365     47.762    10.3296  36.601897    33.1563    186.103     0.0216      8.019    88.7724 5.8455e+00  0.0976376    25.4577  0.000e+00
     48.249     48.654    10.2068  36.499498    33.1648    186.836    -0.0004      8.010    88.3851 5.0011e+00  0.5613128    25.4852  0.000e+00
     49.275     49.689    10.1321  36.439484    33.1720    186.452    -0.0077      8.001    88.2043 4.0874e+00  1.6211419    25.5035  0.000e+00
     50.196     50.618    10.0666  36.388456    33.1799    184.552    -0.0077      7.991    88.4625 3.7743e+00  2.4160137    25.5207  0.000e+00
     50.515     50.939    10.0833  36.400886    33.1771    181.310    -0.0150      7.987    89.6503 3.6683e+00  1.1574667    25.5157  0.000e+00
     50.493     50.917    10.0669  36.388271    33.1793    178.441    -0.0077      7.987    89.5471 3.6371e+00  1.1905863    25.5202  0.000e+00
     50.751     51.177    10.0489  36.368947    33.1761    176.808    -0.0150      7.982    89.4438 3.5653e+00  2.6809709    25.5207  0.000e+00
     51.439     51.871    10.0120  36.346526    33.1869    176.091    -0.0004      7.978    90.3217 3.1718e+00  1.0581077    25.5353  0.000e+00
     52.366     52.806     9.9834  36.334916    33.2010    175.941    -0.0077      7.968    90.5799 2.6340e+00  1.0912274    25.5512  0.000e+00
     53.358     53.807     9.9698  36.325046    33.2030    173.932    -0.0224      7.959    90.7865 2.2691e+00  1.1243470    25.5550  0.000e+00
     54.172     54.628     9.9493  36.306297    33.2024    170.553    -0.0224      7.954    90.9414 2.2176e+00  1.1905863    25.5580  0.000e+00
     54.676     55.136     9.9354  36.295372    33.2038    167.935    -0.0150      7.954    91.0189 2.1363e+00  1.4224239    25.5614  0.000e+00
     55.193     55.657     9.9284  36.291153    33.2058    167.117    -0.0150      7.950    90.9414 1.9766e+00  1.4224239    25.5641  0.000e+00
     55.727     56.196     9.9178  36.284762    33.2088    166.310    -0.0224      7.950    90.8898 1.8233e+00  1.2899453    25.5683  0.000e+00
     56.156     56.628     9.9210  36.291406    33.2124    165.948    -0.0297      7.945    90.8640 1.7061e+00  1.0581077    25.5705  0.000e+00
     56.604     57.080     9.9288  36.303265    33.2171    165.568    -0.0150      7.945    90.8898 1.5962e+00  1.0912274    25.5729  0.000e+00
     57.245     57.727     9.9717  36.355062    33.2300    164.691    -0.0077      7.940    90.8640 1.4505e+00  1.7536205    25.5758  0.000e+00
     58.051     58.539     9.9990  36.392345    33.2425    164.304    -0.0224      7.940    90.8898 1.2873e+00  1.2899453    25.5810  0.000e+00
     58.872     59.368    10.0177  36.418453    33.2514    164.115    -0.0224      7.935    90.9673 1.1862e+00  0.5944325    25.5849  0.000e+00
     59.592     60.093    10.0273  36.432693    33.2567    164.125    -0.0004      7.935    91.0705 1.1154e+00  0.1307573    25.5874  0.000e+00
     60.297     60.805    10.0315  36.440530    33.2605    163.462    -0.0297      7.930    91.1480 1.0242e+00  1.5549026    25.5897  0.000e+00
     60.997     61.511    10.0328  36.448989    33.2676    163.399    -0.0297      7.930    91.2771 9.2645e-01  1.9192188    25.5950  0.000e+00
     61.531     62.049    10.0362  36.456516    33.2718    163.164    -0.0224      7.930    91.4579 8.5773e-01  1.8198598    25.5978  0.000e+00
     61.866     62.387    10.0371  36.458570    33.2730    162.837    -0.0224      7.930    91.6386 8.1059e-01  1.1574667    25.5985  0.000e+00
     62.308     62.832    10.0374  36.461308    33.2753    162.348    -0.0077      7.926    91.6903 7.6591e-01 -0.5316359    25.6003  0.000e+00
     63.026     63.557    10.0372  36.465789    33.2797    162.029    -0.0150      7.926    91.6128 6.8959e-01 -0.3991573    25.6037  0.000e+00
     63.844     64.382    10.0361  36.467720    33.2823    161.983    -0.0297      7.926    91.4320 6.1854e-01  0.2963556    25.6060  0.000e+00
     64.475     65.019    10.0319  36.467163    33.2853    161.248    -0.0297      7.921    91.3288 6.0371e-01  1.3893043    25.6091  0.000e+00
     65.021     65.569    10.0302  36.468036    33.2875    160.934    -0.0297      7.921    91.2513 5.6978e-01  1.6542615    25.6111  0.000e+00
     65.754     66.308    10.0016  36.443351    33.2885    160.554    -0.0297      7.916    91.1997 5.0247e-01  1.6873812    25.6166  0.000e+00
     66.573     67.134     9.9893  36.435706    33.2917    159.419    -0.0297      7.912    91.0964 4.4525e-01  0.9587487    25.6212  0.000e+00
     67.239     67.806     9.9779  36.424145    33.2901    158.548    -0.0224      7.907    90.9156 4.1957e-01  0.1307573    25.6219  0.000e+00
     67.656     68.227     9.9768  36.423649    33.2904    157.469    -0.0297      7.907    90.8640 4.0025e-01  0.2632359    25.6223  0.000e+00
     68.040     68.614     9.9690  36.415321    33.2890    156.413    -0.0297      7.907    90.8381 3.7930e-01  0.5944325    25.6225  0.000e+00
