Arg_Leg3_G7_NV.cnv
* Sea-Bird SBE 9 Data File:
* FileName = S:\CTD_Data\CTD\Data\Argentina 2014\Data\Leg3\Arg_Leg3_G7.hex
* Software Version Seasave V 7.21g
* Temperature SN = 5769
* Conductivity SN = 4244
* Number of Bytes Per Scan = 31
* Number of Voltage Words = 4
* Number of Scans Averaged by the Deck Unit = 24
* NMEA Latitude = 45 49.72 S
* NMEA Longitude = 066 11.71 W
* NMEA UTC (Time) = Feb 13 2014 17:38:11
* NMEA baud rate = 9600
** R/V Coriolis II
** MARES project, ARGENTINA 2014
** Chief scientist : Dr. Gustavo Ferreyra
** Co-Chief scientist : Dr. José Luis Esteves
# nquan = 13
# nvalues = 702                                   
# units = specified
# name 0 = depSM: Depth [salt water, m]
# name 1 = prDM: Pressure, Digiquartz [db]
# name 2 = t090C: Temperature [ITS-90, deg C]
# name 3 = c0mS/cm: Conductivity [mS/cm]
# name 4 = sal00: Salinity, Practical [PSU]
# name 5 = sbeox0Mm/Kg: Oxygen, SBE 43 [umol/Kg]
# name 6 = flECO-AFL: Fluorescence, WET Labs ECO-AFL/FL [mg/m^3]
# name 7 = ph: pH
# name 8 = CStarTr0: Beam Transmission, WET Labs C-Star [%]
# name 9 = par: PAR/Irradiance, Biospherical/Licor
# name 10 = upoly0: Upoly 0, Nitrate
# name 11 = sigma-é00: Density [sigma-theta, Kg/m^3]
# name 12 = flag:  0.000e+00
# span 0 =      0.009,     90.773                 
# span 1 =      0.009,     91.543                 
# span 2 =     8.0210,    15.8464                 
# span 3 =   5.025940,  42.122242                 
# span 4 =     3.3572,    33.5463                 
# span 5 =    132.988,    274.661                 
# span 6 =    -0.1835,    29.3549                 
# span 7 =      7.705,      8.246                 
# span 8 =    63.7770,    94.8922                 
# span 9 = 1.0000e-12, 1.9089e+03                 
# span 10 = -0.7634735,  3.4427231                
# span 11 =     1.6010,    26.0226                
# span 12 = 0.0000e+00, 0.0000e+00                
# interval = seconds: 1
# start_time = Feb 13 2014 17:38:11 [NMEA time, header]
# bad_flag = -9.990e-29
*END*
[from data line 667]
      2.162      2.180    15.7836  42.063126    33.5447    213.779     0.1828      8.207    92.6198 1.0637e+03 -0.4985162    24.6772  0.000e+00
      2.185      2.203    15.7831  42.062731    33.5447    214.423     0.1974      8.207    92.6457 1.2346e+03 -0.4985162    24.6774  0.000e+00
      1.991      2.007    15.7863  42.065827    33.5448    214.899     0.1974      8.207    92.6457 1.2037e+03 -0.4985162    24.6767  0.000e+00
      1.829      1.844    15.7876  42.066814    33.5446    215.499     0.1974      8.207    92.6198 1.3432e+03 -0.4985162    24.6762  0.000e+00
      2.088      2.105    15.7862  42.065629    33.5447    213.735     0.1901      8.207    92.6198 1.0255e+03 -0.4985162    24.6766  0.000e+00
      2.150      2.168    15.7861  42.065630    33.5448    213.210     0.1901      8.207    92.6198 1.0879e+03 -0.4985162    24.6767  0.000e+00
      2.063      2.080    15.7869  42.066222    33.5446    214.723     0.1974      8.207    92.6198 1.2208e+03 -0.4985162    24.6764  0.000e+00
      2.132      2.149    15.7873  42.066749    33.5447    214.403     0.1901      8.207    92.6457 1.1347e+03 -0.4985162    24.6764  0.000e+00
      1.991      2.007    15.7878  42.067210    33.5448    213.725     0.2121      8.207    92.6457 1.0169e+03 -0.4985162    24.6763  0.000e+00
      2.168      2.186    15.7870  42.066354    33.5446    215.831     0.2267      8.207    92.6457 1.3661e+03 -0.4985162    24.6764  0.000e+00
      2.230      2.249    15.7868  42.066486    33.5449    214.087     0.2121      8.207    92.6457 1.0429e+03 -0.4985162    24.6766  0.000e+00
      1.988      2.004    15.7868  42.066090    33.5447    213.987     0.2047      8.207    92.6198 9.3989e+02 -0.4985162    24.6765  0.000e+00
      2.071      2.088    15.7868  42.066288    33.5448    215.685     0.1974      8.207    92.6715 1.9089e+03 -0.4985162    24.6765  0.000e+00
      2.156      2.174    15.7869  42.066420    33.5447    213.878     0.1901      8.207    92.6198 8.2586e+02 -0.4985162    24.6765  0.000e+00
      1.865      1.881    15.7864  42.065628    33.5446    213.521     0.1901      8.207    92.6198 1.2734e+03 -0.5647556    24.6765  0.000e+00
      1.313      1.324    15.7850  42.064177    33.5448    215.496     0.1828      8.207    92.6457 1.4209e+03 -0.5316359    24.6769  0.000e+00
      1.051      1.060    15.7843  42.063385    33.5447    215.492     0.1974      8.207    92.6198 1.4989e+03 -0.4985162    24.6770  0.000e+00
      0.747      0.753    15.7865  42.065360    33.5447    215.732     0.1974      8.207    92.5940 1.4738e+03 -0.5647556    24.6765  0.000e+00
      0.162      0.164    15.7866  42.064172    33.5438    213.796     0.1974      8.207    86.3452 1.4697e+03 -0.5316359    24.6758  0.000e+00
      0.019      0.019    15.7859  39.960673    31.6782    237.416     2.0948      8.203    80.7677 1.4905e+03 -0.4985162    23.2416  0.000e+00
      0.009      0.009    15.4475   7.932852     5.4848    274.661    22.4978      8.204    87.8170 1.2105e+03 -0.4985162     3.2492  0.000e+00
      0.013      0.013    15.3795   6.230139     4.2410    233.756    29.3549      8.209    79.7348 1.4738e+03 -0.4985162     2.3070  0.000e+00
      0.015      0.015    15.5500   5.025940     3.3572    229.810    29.3549      8.208    76.6104 1.2734e+03 -0.4985162     1.6010  0.000e+00
      0.015      0.015    15.6654   6.327752     4.2812    229.162    15.3989      8.203    75.0611 3.9534e+02 -0.4985162     2.2905  0.000e+00
      0.016      0.016    15.7145   9.482581     6.6002    217.422    -0.1176      8.194    73.8733 1.5373e+03 -0.4985162     4.0577  0.000e+00
      0.019      0.019    15.7265  10.876665     7.6491    210.962     8.5344      8.175    73.8474 1.4780e+03 -0.4985162     4.8581  0.000e+00
      0.018      0.018    15.7347  15.909941    11.5414    200.651    23.3476      8.157    74.6737 1.4614e+03 -0.4985162     7.8321  0.000e+00
      0.014      0.014    15.6947  21.573813    16.0960    188.876    -0.1835      8.143    75.0352 1.4492e+03 -0.4985162    11.3210  0.000e+00
      0.019      0.019    15.6915  19.895821    14.7358    185.955    -0.1176      8.129    74.7770 1.3893e+03 -0.4985162    10.2817  0.000e+00
      0.017      0.017    15.4924  15.852709    11.5666    189.492    -0.1176      8.093    73.8216 1.4989e+03 -0.4985162     7.8954  0.000e+00
      0.024      0.024    15.5457  18.682950    13.8101    199.052    -0.1176      8.005    71.0329 2.0706e+02 -0.4985162     9.6012  0.000e+00
      0.027      0.027    15.6314  21.250923    15.8584    214.170    -0.1176      7.945    66.6690 1.4692e+02 -0.4985162    11.1513  0.000e+00
      0.018      0.018    15.7761  24.726376    18.6485    215.679    -0.1176      7.903    65.7136 1.5197e+02 -0.4985162    13.2570  0.000e+00
      0.018      0.019    15.7969  29.879204    22.9488    210.397    -0.1176      7.875    65.7136 1.4985e+02 -0.4985162    16.5435  0.000e+00
      0.019      0.019    15.7998  25.450102    19.2364    216.930    -0.1176      7.847    65.8685 1.7639e+02 -0.4985162    13.7019  0.000e+00
