Arg_L1_t2_NV.cnv
* Sea-Bird SBE 9 Data File:
* FileName = S:\CTD_Data\CTD\Data\Argentina 2014\Data\Arg_L1_t2.hex
* Software Version Seasave V 7.21g
* Temperature SN = 5769
* Conductivity SN = 4244
* Number of Bytes Per Scan = 31
* Number of Voltage Words = 4
* Number of Scans Averaged by the Deck Unit = 24
* NMEA Latitude = 45 58.70 S
* NMEA Longitude = 058 35.68 W
* NMEA UTC (Time) = Feb 02 2014 19:05:52
* NMEA baud rate = 9600
** R/V Coriolis II
** MARES project, ARGENTINA 2014
** Chief scientist : Dr. Gustavo Ferreyra
** Co-Chief scientist : Dr. José Luis Esteves
# nquan = 12
# nvalues = 2658                                  
# units = specified
# name 0 = depSM: Depth [salt water, m]
# name 1 = prDM: Pressure, Digiquartz [db]
# name 2 = t090C: Temperature [ITS-90, deg C]
# name 3 = c0mS/cm: Conductivity [mS/cm]
# name 4 = sal00: Salinity, Practical [PSU]
# name 5 = sbeox0Mm/Kg: Oxygen, SBE 43 [umol/Kg]
# name 6 = flECO-AFL: Fluorescence, WET Labs ECO-AFL/FL [mg/m^3]
# name 7 = ph: pH
# name 8 = CStarTr0: Beam Transmission, WET Labs C-Star [%]
# name 9 = upoly0: Upoly 0, Nitrate
# name 10 = sigma-é00: Density [sigma-theta, Kg/m^3]
# name 11 = flag:  0.000e+00
# span 0 =     -0.266,    600.236                 
# span 1 =     -0.268,    606.089                 
# span 2 =     2.9670,    13.2458                 
# span 3 =   4.310912,  39.756961                 
# span 4 =     3.0754,    34.2438                 
# span 5 =    181.828,    276.912                 
# span 6 =    -0.1762,    29.3549                 
# span 7 =      6.764,      8.299                 
# span 8 =    25.1735,    99.6950                 
# span 9 = -0.6309949,  62.991868                 
# span 10 =     1.8181,    27.2879                
# span 11 = 0.0000e+00, 0.0000e+00                
# interval = seconds: 1
# start_time = Feb 02 2014 19:05:52 [NMEA time, header]
# bad_flag = -9.990e-29
*END*
[from data line 121]
      5.003      5.044    12.6127  39.752339    34.1927    224.908     0.5344      8.207    91.4320 -0.6309949    25.8441  0.000e+00
      4.473      4.510    12.6125  39.751822    34.1927    224.371     0.5637      8.207    91.4320 -0.6309949    25.8441  0.000e+00
      4.239      4.274    12.6125  39.751692    34.1927    225.474     0.5857      8.207    91.5095 -0.6309949    25.8441  0.000e+00
      3.984      4.017    12.6121  39.750983    34.1924    225.532     0.5784      8.207    91.4320  0.0976376    25.8440  0.000e+00
      3.561      3.591    12.6112  39.750080    34.1926    224.505     0.5417      8.207    91.4062 -0.3660376    25.8443  0.000e+00
      3.578      3.608    12.6113  39.750659    34.1930    225.461     0.5857      8.211    91.4579 -0.6309949    25.8446  0.000e+00
      4.002      4.036    12.6113  39.750661    34.1928    226.059     0.5564      8.211    91.4579 -0.6309949    25.8444  0.000e+00
      3.964      3.997    12.6117  39.750918    34.1927    225.254     0.5637      8.216    91.3029 -0.6309949    25.8443  0.000e+00
      3.625      3.655    12.6112  39.750402    34.1929    226.140     0.5857      8.216    91.4320 -0.6309949    25.8445  0.000e+00
      3.439      3.467    12.6118  39.750466    34.1924    225.979     0.6003      8.216    91.4579 -0.6309949    25.8440  0.000e+00
      3.295      3.322    12.6111  39.749950    34.1926    224.958     0.6077      8.216    91.4579 -0.6309949    25.8443  0.000e+00
      2.949      2.973    12.6108  39.749434    34.1926    226.276     0.5857      8.216    91.4320 -0.6309949    25.8443  0.000e+00
      2.398      2.418    12.6115  39.749560    34.1923    226.104     0.5857      8.221    91.4062 -0.6309949    25.8440  0.000e+00
      2.081      2.098    12.6124  39.750396    34.1924    224.332     0.6150      8.221    91.4320 -0.6309949    25.8439  0.000e+00
      2.103      2.121    12.6113  39.748980    34.1921    225.294     0.6150      8.221    91.3804 -0.6309949    25.8438  0.000e+00
      2.103      2.121    12.6113  39.748980    34.1921    226.313     0.5857      8.221    91.4320 -0.6309949    25.8438  0.000e+00
      2.102      2.119    12.6112  39.749108    34.1922    225.880     0.5710      8.221    91.4837 -0.6309949    25.8440  0.000e+00
      1.976      1.993    12.6121  39.750009    34.1924    224.916     0.5710      8.221    91.5095 -0.3329179    25.8439  0.000e+00
      1.768      1.783    12.6099  39.748142    34.1926    226.030     0.5344      8.221    91.5095 -0.2004393    25.8445  0.000e+00
      1.266      1.277    12.6093  39.747367    34.1926    226.081     0.5491      8.225    91.5095 -0.6309949    25.8446  0.000e+00
      0.590      0.595    12.6135  39.750519    34.1922    226.133     0.5930      8.225    91.4579 -0.6309949    25.8435  0.000e+00
      0.817      0.824    12.6128  39.749876    34.1921    225.620     0.5857      8.230    91.4320 -0.6309949    25.8435  0.000e+00
      1.272      1.282    12.6097  39.747560    34.1925    225.584     0.4978      8.230    91.3029 -0.6309949    25.8445  0.000e+00
      0.987      0.996    12.6119  39.747881    34.1910    226.001     0.4245      8.230    91.3288 -0.6309949    25.8428  0.000e+00
      1.073      1.082    12.6121  39.748847    34.1917    225.785     0.4685      8.230    90.8123 -0.6309949    25.8433  0.000e+00
      1.397      1.409    12.6109  39.748076    34.1918    225.799     0.5637      8.230    90.7349 -0.6309949    25.8437  0.000e+00
      1.477      1.490    12.6098  39.748012    34.1927    226.175     0.5417      8.230    90.9673 -0.6309949    25.8446  0.000e+00
      1.465      1.477    12.6097  39.746982    34.1919    225.807     0.4538      8.235    91.1738 -0.6309949    25.8440  0.000e+00
      1.545      1.558    12.6099  39.747433    34.1921    225.592     0.4392      8.235    91.1997 -0.6309949    25.8441  0.000e+00
      1.985      2.001    12.6098  39.747821    34.1923    226.190     0.4685      8.235    91.2255 -0.6309949    25.8443  0.000e+00
      2.610      2.632    12.6116  39.749947    34.1925    226.199     0.4978      8.235    91.1222 -0.6309949    25.8441  0.000e+00
      3.237      3.264    12.6134  39.752010    34.1926    225.253     0.5198      8.235    91.2771 -0.6309949    25.8438  0.000e+00
      3.699      3.730    12.6135  39.752398    34.1927    226.005     0.5271      8.239    91.3804 -0.6309949    25.8439  0.000e+00
      4.007      4.041    12.6132  39.752206    34.1926    226.078     0.5637      8.239    91.4579 -0.6309949    25.8439  0.000e+00
      4.737      4.777    12.6116  39.751758    34.1933    226.043     0.5784      8.239    91.4837 -0.6309949    25.8448  0.000e+00
      5.987      6.037    12.6129  39.753566    34.1934    224.068     0.5491      8.239    91.4579 -0.6309949    25.8446  0.000e+00
      6.926      6.983    12.6124  39.753505    34.1933    224.621     0.5124      8.244    91.4579 -0.6309949    25.8447  0.000e+00
      7.301      7.361    12.6121  39.753313    34.1933    225.563     0.5124      8.244    91.4320 -0.6309949    25.8448  0.000e+00
      7.621      7.684    12.6114  39.753057    34.1935    224.401     0.5344      8.244    91.4320 -0.6309949    25.8451  0.000e+00
      8.358      8.427    12.6126  39.754476    34.1935    224.633     0.5784      8.244    91.4062 -0.6309949    25.8448  0.000e+00
      9.305      9.382    12.6110  39.753064    34.1931    224.732     0.6150      8.244    91.4320 -0.6309949    25.8449  0.000e+00
      9.855      9.937    12.6030  39.745276    34.1928    225.898     0.7835      8.249    91.4062 -0.6309949    25.8462  0.000e+00
      9.924     10.006    12.6031  39.745083    34.1925    225.746     0.8421      8.249    91.4579 -0.5978752    25.8459  0.000e+00
     10.126     10.210    12.5967  39.738969    34.1923    226.244     0.7835      8.249    91.4320 -0.5316359    25.8471  0.000e+00
     10.986     11.077    12.5916  39.735625    34.1933    225.766     0.9959      8.249    91.4579 -0.4985162    25.8488  0.000e+00
     12.205     12.307    12.6016  39.745672    34.1934    225.473     1.1425      8.253    91.4062 -0.4985162    25.8470  0.000e+00
     13.482     13.594    12.6055  39.749990    34.1934    226.667     1.1425      8.253    91.4579 -0.4985162    25.8463  0.000e+00
     13.772     13.887    12.6051  39.749540    34.1932    226.090     1.1351      8.253    91.4320 -0.4985162    25.8462  0.000e+00
     13.766     13.881    12.6049  39.749412    34.1933    225.656     1.1425      8.253    91.4062 -0.4985162    25.8463  0.000e+00
     14.139     14.256    12.5768  39.720448    34.1909    226.765     1.1644      8.254    91.4062 -0.4985162    25.8499  0.000e+00
     14.875     14.999    12.5795  39.726179    34.1936    226.397     1.2890      8.254    91.4320 -0.4985162    25.8515  0.000e+00
     15.855     15.987    12.5580  39.702887    34.1904    226.097     1.5234      8.254    91.4320 -0.3991573    25.8533  0.000e+00
     16.961     17.102    12.5342  39.681596    34.1911    226.832     1.5600      8.254    91.3288 -0.2997983    25.8585  0.000e+00
     17.851     18.000    12.5376  39.684945    34.1908    227.214     1.8091      8.258    91.2771 -0.2997983    25.8576  0.000e+00
     18.227     18.378    12.5388  39.685782    34.1904    227.001     1.9337      8.258    91.2771 -0.4653966    25.8571  0.000e+00
     18.451     18.605    12.5396  39.686748    34.1904    227.903     2.0875      8.258    91.2255 -0.4985162    25.8570  0.000e+00
     18.756     18.912    12.5303  39.676842    34.1893    227.959     2.0802      8.258    91.1997 -0.4985162    25.8579  0.000e+00
     19.303     19.464    12.5136  39.662308    34.1902    227.397     2.0582      8.254    91.2255 -0.4985162    25.8619  0.000e+00
     20.250     20.419    12.5115  39.658195    34.1878    227.811     2.0436      8.259    91.1738 -0.4985162    25.8605  0.000e+00
     21.468     21.647    12.4678  39.617175    34.1876    227.683     1.9923      8.259    91.1222 -0.4985162    25.8688  0.000e+00
     22.250     22.435    12.4625  39.611713    34.1868    227.513     2.0362      8.259    91.1222 -0.4985162    25.8693  0.000e+00
     22.360     22.546    12.4594  39.608435    34.1864    228.126     2.2047      8.259    90.9931 -0.4985162    25.8696  0.000e+00
     22.456     22.643    12.4543  39.603807    34.1866    228.153     2.3293      8.259    91.0189 -0.4985162    25.8707  0.000e+00
     23.017     23.208    12.4588  39.607859    34.1862    228.303     2.3439      8.259    90.9931 -0.4985162    25.8695  0.000e+00
     24.071     24.272    12.4515  39.597835    34.1827    227.625     2.2926      8.259    90.9156 -0.4322769    25.8682  0.000e+00
     25.220     25.430    12.4403  39.590320    34.1852    228.237     2.1754      8.259    90.9414 -0.2997983    25.8724  0.000e+00
     25.848     26.064    12.4380  39.588137    34.1849    227.958     2.1828      8.259    90.8898 -0.4653966    25.8727  0.000e+00
     26.176     26.394    12.4367  39.586789    34.1847    227.533     2.3732      8.259    90.8123 -0.4985162    25.8727  0.000e+00
     26.554     26.776    12.4333  39.583384    34.1843    228.753     2.4245      8.259    90.9156 -0.4985162    25.8731  0.000e+00
     27.063     27.289    12.4265  39.576960    34.1841    228.425     2.4172      8.259    90.8898 -0.4985162    25.8742  0.000e+00
     27.806     28.038    12.4204  39.570665    34.1833    227.660     2.3806      8.259    90.7865 -0.4985162    25.8748  0.000e+00
     28.663     28.902    12.4144  39.565335    34.1833    227.559     2.3732      8.259    90.7865 -0.4985162    25.8760  0.000e+00
     29.492     29.738    12.4070  39.558013    34.1825    228.217     2.3586      8.259    90.7865 -0.4653966    25.8769  0.000e+00
     30.160     30.412    12.3962  39.546837    34.1814    228.512     2.3439      8.264    90.8640 -0.4322769    25.8781  0.000e+00
     30.653     30.909    12.3921  39.543049    34.1812    227.948     2.4025      8.259    90.8640 -0.4985162    25.8788  0.000e+00
     31.176     31.436    12.3872  39.538104    34.1807    227.988     2.4611      8.259    90.9156 -0.4985162    25.8793  0.000e+00
     31.807     32.073    12.3802  39.531233    34.1802    228.263     2.4831      8.259    90.9156 -0.4985162    25.8803  0.000e+00
     32.324     32.594    12.3703  39.521472    34.1796    227.950     2.4465      8.259    90.8381 -0.4985162    25.8818  0.000e+00
     32.858     33.133    12.3594  39.511263    34.1794    228.018     2.5124      8.259    90.8123 -0.4985162    25.8838  0.000e+00
     33.818     34.100    12.3389  39.490976    34.1781    228.747     2.4318      8.259    90.8381 -0.4985162    25.8867  0.000e+00
     35.010     35.303    12.2527  39.410948    34.1789    228.440     2.3732      8.264    90.9673 -0.4985162    25.9040  0.000e+00
     35.730     36.029    12.1274  39.296056    34.1819    228.074     2.2414      8.265    91.1738 -0.4985162    25.9303  0.000e+00
     35.747     36.046    12.1123  39.284843    34.1848    227.831     2.3073      8.260    91.6128 -0.4985162    25.9354  0.000e+00
     35.776     36.076    12.1147  39.284715    34.1825    227.513     2.6003      8.260    91.2771 -0.4985162    25.9332  0.000e+00
     36.243     36.546    12.0534  39.226942    34.1824    227.892     2.4758      8.261    91.3804 -0.4985162    25.9448  0.000e+00
     37.148     37.458    11.9127  39.099221    34.1866    228.279     1.9337      8.261    92.1809 -0.4985162    25.9748  0.000e+00
     38.250     38.570    11.7567  38.960364    34.1940    228.122     1.5527      8.262    93.3687 -0.4985162    26.0098  0.000e+00
     39.323     39.652    11.5527  38.768093    34.1931    228.044     1.2890      8.263    94.4532 -0.4985162    26.0471  0.000e+00
     40.152     40.488    11.4071  38.633146    34.1945    227.506     1.1644      8.263    95.1246 -0.4985162    26.0751  0.000e+00
     40.528     40.867    11.2910  38.521075    34.1911    227.049     1.0179      8.264    95.7959 -0.1673197    26.0938  0.000e+00
     40.723     41.064    11.2543  38.485930    34.1903    226.838     1.0472      8.259    96.1832  0.3957145    26.0999  0.000e+00
     41.096     41.441    11.1570  38.395233    34.1906    227.726     1.0839      8.260    96.3382  0.0976376    26.1178  0.000e+00
     41.641     41.990    11.1017  38.345857    34.1928    227.371     1.0106      8.260    96.5447  0.0976376    26.1295  0.000e+00
     42.386     42.741    10.9008  38.158607    34.1930    227.650     0.9154      8.261    96.6997 -0.0348410    26.1658  0.000e+00
     43.342     43.705    10.6847  37.968820    34.2047    227.667     0.8421      8.262    96.8030 -0.1342000    26.2132  0.000e+00
     44.356     44.728    10.5995  37.889792    34.2047    227.220     0.7835      8.258    96.9321  0.9587487    26.2283  0.000e+00
     45.219     45.598    10.4968  37.791334    34.2016    227.361     0.7542      8.258    97.0095  0.9587487    26.2439  0.000e+00
     45.738     46.122    10.3732  37.672057    34.1971    227.762     0.7542      8.259    97.0612  0.9587487    26.2619  0.000e+00
     46.027     46.413    10.1658  37.479212    34.1970    228.153     0.7762      8.255    97.1386  0.9918684    26.2975  0.000e+00
     46.465     46.855    10.0453  37.361208    34.1906    227.864     0.7835      8.255    97.1645  1.0581077    26.3131  0.000e+00
     47.210     47.606     9.7018  37.042562    34.1900    229.386     0.7176      8.257    97.2419  2.0185778    26.3704  0.000e+00
     47.910     48.312     9.4041  36.767235    34.1895    229.825     0.6809      8.253    97.3194  2.3497744    26.4191  0.000e+00
     48.507     48.914     9.1825  36.559999    34.1863    230.041     0.6150      8.254    97.3194  2.6147316    26.4525  0.000e+00
     49.175     49.588     8.8636  36.255442    34.1742    231.338     0.7029      8.256    97.5518  3.0452872    26.4939  0.000e+00
     49.767     50.185     8.5169  35.940950    34.1777    232.491     0.5930      8.253    97.5776  3.5752017    26.5507  0.000e+00
     50.337     50.760     8.3297  35.766920    34.1746    232.360     0.5491      8.254    97.6293  3.9063983    26.5768  0.000e+00
     51.210     51.641     8.1922  35.636478    34.1691    233.378     0.5051      8.249    97.7325  4.5025521    26.5933  0.000e+00
     52.271     52.710     7.9534  35.415619    34.1653    234.791     0.4611      8.250    97.7842  5.7942188    26.6260  0.000e+00
     53.007     53.452     7.7646  35.241186    34.1623    235.505     0.4465      8.247    97.8875  5.9929368    26.6513  0.000e+00
     53.270     53.718     7.7151  35.196036    34.1621    235.268     0.4904      8.242    97.9649  6.7546889    26.6583  0.000e+00
     53.412     53.861     7.6991  35.178068    34.1583    235.503     0.5784      8.242    98.0166  7.2514838    26.6577  0.000e+00
     53.729     54.180     7.6916  35.168442    34.1551    236.004     0.6077      8.237    98.0166  7.1190051    26.6563  0.000e+00
     54.430     54.887     7.5375  35.021785    34.1475    236.723     0.4758      8.233    98.0682  5.7279795    26.6725  0.000e+00
     55.388     55.854     7.4125  34.909537    34.1482    236.788     0.4172      8.234    98.1199  6.3241333    26.6909  0.000e+00
     56.311     56.785     7.3040  34.807382    34.1436    237.258     0.4025      8.230    98.1199  6.8871675    26.7026  0.000e+00
     57.238     57.719     7.1807  34.696441    34.1439    237.630     0.3952      8.230    98.1715  7.2846034    26.7201  0.000e+00
     58.144     58.633     7.0644  34.587404    34.1392    238.149     0.3732      8.226    98.2232  6.9534068    26.7326  0.000e+00
     58.691     59.185     6.9678  34.499248    34.1380    237.865     0.3879      8.222    98.2490  6.5559709    26.7448  0.000e+00
     58.797     59.292     6.9455  34.478197    34.1368    236.817     0.4392      8.222    98.2748  7.1521248    26.7470  0.000e+00
