Arg_L1_T9_NV.cnv
* Sea-Bird SBE 9 Data File:
* FileName = S:\CTD_Data\CTD\Data\Argentina 2014\Data\Arg_L1_T9.hex
* Software Version Seasave V 7.21g
* Temperature SN = 5769
* Conductivity SN = 4244
* Number of Bytes Per Scan = 31
* Number of Voltage Words = 4
* Number of Scans Averaged by the Deck Unit = 24
* NMEA Latitude = 46 02.12 S
* NMEA Longitude = 066 34.16 W
* NMEA UTC (Time) = Feb 03 2014 16:56:39
* NMEA baud rate = 9600
** R/V Coriolis II
** MARES project, ARGENTINA 2014
** Chief scientist : Dr. Gustavo Ferreyra
** Co-Chief scientist : Dr. José Luis Esteves
# nquan = 13
# nvalues = 604                                   
# units = specified
# name 0 = depSM: Depth [salt water, m]
# name 1 = prDM: Pressure, Digiquartz [db]
# name 2 = t090C: Temperature [ITS-90, deg C]
# name 3 = c0mS/cm: Conductivity [mS/cm]
# name 4 = sal00: Salinity, Practical [PSU]
# name 5 = sbeox0Mm/Kg: Oxygen, SBE 43 [umol/Kg]
# name 6 = flECO-AFL: Fluorescence, WET Labs ECO-AFL/FL [mg/m^3]
# name 7 = ph: pH
# name 8 = CStarTr0: Beam Transmission, WET Labs C-Star [%]
# name 9 = par: PAR/Irradiance, Biospherical/Licor
# name 10 = upoly0: Upoly 0, Nitrate
# name 11 = sigma-é00: Density [sigma-theta, Kg/m^3]
# name 12 = flag:  0.000e+00
# span 0 =     -0.265,     86.354                 
# span 1 =     -0.267,     87.087                 
# span 2 =     7.7055,    15.1429                 
# span 3 =   3.221317,  41.405312                 
# span 4 =     2.1480,    33.5059                 
# span 5 =    146.230,    273.523                 
# span 6 =    -0.2568,    26.8128                 
# span 7 =      7.777,      8.243                 
# span 8 =    60.8591,    95.9250                 
# span 9 = 1.0000e-12, 2.0307e+03                 
# span 10 = -0.7634735,  8.9074667                
# span 11 =     0.8348,    26.0743                
# span 12 = 0.0000e+00, 0.0000e+00                
# interval = seconds: 1
# start_time = Feb 03 2014 16:56:39 [NMEA time, header]
# bad_flag = -9.990e-29
*END*
[from data line 112]
     73.142     73.761     7.7345  34.532811    33.4193    147.460    -0.0370      7.824    74.0540 7.7156e-03  7.7813983    26.0720  0.000e+00
     73.901     74.526     7.7323  34.530805    33.4189    146.997    -0.0370      7.819    73.7183 6.9313e-03  8.0794752    26.0721  0.000e+00
     74.816     75.449     7.7238  34.523747    33.4190    147.044    -0.0444      7.819    73.1503 1.0381e-03  8.2450735    26.0734  0.000e+00
     75.579     76.219     7.7221  34.522410    33.4188    147.376    -0.0370      7.815    71.8850 7.3199e-05  8.2450735    26.0735  0.000e+00
     75.976     76.619     7.7237  34.523873    33.4186    147.379    -0.0297      7.815    70.0258 1.0000e-12  7.9469966    26.0731  0.000e+00
     76.497     77.145     7.7219  34.522292    33.4184    147.395    -0.0370      7.815    69.2512 1.0000e-12  7.2183641    26.0733  0.000e+00
     77.372     78.028     7.7203  34.521260    33.4184    147.417    -0.0370      7.815    68.8380 1.0000e-12  7.2183641    26.0735  0.000e+00
     78.212     78.875     7.7201  34.521202    33.4181    146.948    -0.0370      7.810    67.7277 1.0000e-12  7.5164410    26.0733  0.000e+00
     78.788     79.456     7.7183  34.519743    33.4181    146.966    -0.0297      7.810    66.9530 1.0000e-12  6.1254154    26.0735  0.000e+00
     79.339     80.011     7.7160  34.517919    33.4180    147.297    -0.0297      7.810    66.7981 1.0000e-12  6.5228513    26.0738  0.000e+00
     80.064     80.743     7.7145  34.516826    33.4180    147.316    -0.0224      7.805    66.4108 1.0000e-12  6.8871675    26.0740  0.000e+00
     80.679     81.363     7.7139  34.516341    33.4177    147.330    -0.0224      7.805    65.2746 1.0000e-12  7.2183641    26.0739  0.000e+00
     80.950     81.636     7.7166  34.519020    33.4179    147.326    -0.0224      7.805    64.5258 1.0000e-12  7.0527658    26.0737  0.000e+00
     81.271     81.960     7.7141  34.516587    33.4175    147.341    -0.0297      7.805    64.9906 1.0000e-12  7.2514838    26.0737  0.000e+00
     81.769     82.462     7.7130  34.515858    33.4175    147.354    -0.0224      7.805    64.9389 1.0000e-12  7.2183641    26.0739  0.000e+00
     82.212     82.909     7.7136  34.516346    33.4173    147.361    -0.0224      7.805    64.6549 1.0000e-12  7.0527658    26.0736  0.000e+00
     82.635     83.336     7.7138  34.516835    33.4174    147.368    -0.0297      7.805    64.6807 1.0000e-12  6.4897316    26.0737  0.000e+00
     83.181     83.887     7.7137  34.516836    33.4173    147.379    -0.0297      7.800    64.5516 1.0000e-12  6.4897316    26.0736  0.000e+00
     83.644     84.354     7.7143  34.517507    33.4172    147.386    -0.0297      7.800    64.3450 1.0000e-12  6.8871675    26.0735  0.000e+00
     83.849     84.560     7.7169  34.519699    33.4169    146.894    -0.0297      7.800    64.5258 1.0000e-12  7.3177231    26.0729  0.000e+00
     84.043     84.756     7.7150  34.518178    33.4170    146.905    -0.0224      7.800    64.7066 1.0000e-12  7.6820393    26.0732  0.000e+00
     84.398     85.114     7.7079  34.512093    33.4171    147.249    -0.0150      7.800    63.8028 1.0000e-12  6.1916547    26.0743  0.000e+00
     84.739     85.458     7.7081  34.512338    33.4170    147.255    -0.0150      7.796    62.2277 1.0000e-12  7.1190051    26.0743  0.000e+00
     84.908     85.629     7.7122  34.515868    33.4168    147.244    -0.0150      7.796    62.8732 1.0000e-12  7.4502017    26.0735  0.000e+00
     84.962     85.683     7.7136  34.517025    33.4167    147.241    -0.0224      7.796    63.2864 1.0000e-12  7.2183641    26.0732  0.000e+00
     84.990     85.712     7.7129  34.516173    33.4164    147.244    -0.0150      7.796    63.0540 1.0000e-12  6.4897316    26.0731  0.000e+00
     85.128     85.850     7.7102  34.514104    33.4168    147.256    -0.0077      7.796    62.9765 1.0000e-12  6.7546889    26.0737  0.000e+00
     85.287     86.011     7.7092  34.513313    33.4168    146.775    -0.0077      7.796    63.1831 1.0000e-12  7.6158000    26.0739  0.000e+00
     85.217     85.941     7.7117  34.515200    33.4164    147.253    -0.0150      7.796    63.4413 1.0000e-12  8.9074667    26.0732  0.000e+00
     85.050     85.772     7.7118  34.515321    33.4165    147.075    -0.0224      7.796    63.8544 1.0000e-12  7.9138769    26.0733  0.000e+00
     85.040     85.762     7.7118  34.515078    33.4162    147.249    -0.0224      7.796    63.5704 1.0000e-12  6.8540479    26.0731  0.000e+00
     85.190     85.913     7.7115  34.514956    33.4164    147.079    -0.0297      7.796    63.7511 1.0000e-12  6.4566120    26.0733  0.000e+00
     85.388     86.112     7.7096  34.513314    33.4163    146.776    -0.0150      7.796    64.1127 1.0000e-12  6.9202872    26.0735  0.000e+00
     85.460     86.185     7.7108  34.514531    33.4165    147.087    -0.0150      7.796    63.6220 1.0000e-12  8.6425094    26.0734  0.000e+00
     85.306     86.031     7.7107  34.514105    33.4162    147.085    -0.0224      7.796    63.1572 1.0000e-12  7.3839624    26.0732  0.000e+00
     85.113     85.836     7.7140  34.516660    33.4158    147.070    -0.0224      7.796    62.9507 1.0000e-12  7.4502017    26.0724  0.000e+00
     85.152     85.875     7.7118  34.514895    33.4160    147.078    -0.0150      7.791    63.1572 1.0000e-12  7.3177231    26.0729  0.000e+00
     85.366     86.091     7.7077  34.511670    33.4164    147.096    -0.0150      7.791    63.7511 1.0000e-12  6.1585350    26.0738  0.000e+00
     85.484     86.210     7.7087  34.512523    33.4163    147.095    -0.0150      7.791    63.8803 1.0000e-12  7.2514838    26.0736  0.000e+00
     85.369     86.094     7.7100  34.513435    33.4161    147.089    -0.0224      7.791    63.7770 1.0000e-12  6.7546889    26.0733  0.000e+00
     85.160     85.883     7.7101  34.513556    33.4162    147.084    -0.0224      7.791    62.8474 1.0000e-12  6.6222103    26.0733  0.000e+00
     85.136     85.859     7.7109  34.514165    33.4162    146.594    -0.0224      7.791    62.7441 1.0000e-12  7.2846034    26.0732  0.000e+00
     85.416     86.141     7.7087  34.512279    33.4161    146.607    -0.0150      7.791    63.5704 1.0000e-12  8.6756291    26.0734  0.000e+00
     85.680     86.407     7.7073  34.511245    33.4162    146.930    -0.0150      7.786    63.9577 1.0000e-12  7.6820393    26.0737  0.000e+00
     85.572     86.298     7.7082  34.511915    33.4161    146.925    -0.0224      7.786    63.8028 1.0000e-12  7.0858855    26.0735  0.000e+00
     85.306     86.030     7.7123  34.515200    33.4158    146.906    -0.0224      7.786    62.7183 1.0000e-12  6.9202872    26.0727  0.000e+00
     85.269     85.993     7.7089  34.512400    33.4161    147.404    -0.0224      7.786    62.7441 1.0000e-12  6.9202872    26.0734  0.000e+00
     85.428     86.153     7.7074  34.511062    33.4160    147.413    -0.0224      7.786    62.8216 1.0000e-12  7.3177231    26.0736  0.000e+00
     85.550     86.277     7.7075  34.511184    33.4160    147.102    -0.0224      7.786    63.7770 1.0000e-12  7.1852444    26.0735  0.000e+00
     85.515     86.241     7.7074  34.511123    33.4160    147.101    -0.0297      7.786    64.2418 1.0000e-12  6.6553299    26.0736  0.000e+00
     85.381     86.106     7.7081  34.511670    33.4160    146.609    -0.0297      7.786    63.6479 1.0000e-12  5.5955009    26.0734  0.000e+00
     85.371     86.096     7.7077  34.511244    33.4159    146.610    -0.0297      7.786    63.2089 1.0000e-12  6.6884496    26.0734  0.000e+00
     85.523     86.249     7.7075  34.511184    33.4160    146.927    -0.0297      7.786    63.6995 1.0000e-12  7.0858855    26.0735  0.000e+00
     85.658     86.385     7.7076  34.511306    33.4160    146.930    -0.0297      7.786    64.0868 1.0000e-12  7.1521248    26.0735  0.000e+00
     85.617     86.344     7.7081  34.511671    33.4159    146.927    -0.0224      7.786    64.1901 1.0000e-12  6.8209282    26.0734  0.000e+00
     85.438     86.163     7.7086  34.512036    33.4159    146.922    -0.0224      7.786    63.6479 1.0000e-12  8.5100308    26.0733  0.000e+00
     85.351     86.076     7.7081  34.511488    33.4158    147.410    -0.0150      7.786    62.7957 1.0000e-12  8.1125949    26.0733  0.000e+00
     85.489     86.215     7.7077  34.511184    33.4158    147.414    -0.0297      7.786    63.2605 1.0000e-12  7.3508427    26.0734  0.000e+00
     85.709     86.437     7.7071  34.510820    33.4159    146.619    -0.0224      7.786    63.8286 1.0000e-12  7.2183641    26.0735  0.000e+00
     85.740     86.468     7.7071  34.510637    33.4157    146.620    -0.0297      7.781    64.0610 1.0000e-12  7.5164410    26.0734  0.000e+00
     85.604     86.331     7.7076  34.511123    33.4158    146.929    -0.0224      7.781    63.7253 1.0000e-12  7.5826803    26.0734  0.000e+00
     85.527     86.253     7.7080  34.511427    33.4158    146.927    -0.0224      7.781    63.1572 1.0000e-12  7.5495607    26.0733  0.000e+00
     85.578     86.305     7.7081  34.511549    33.4157    146.927    -0.0224      7.781    63.6995 1.0000e-12  7.4833214    26.0732  0.000e+00
     85.635     86.362     7.7083  34.511793    33.4159    146.928    -0.0150      7.781    64.8615 1.0000e-12  6.8871675    26.0733  0.000e+00
     85.638     86.365     7.7087  34.512158    33.4158    146.926    -0.0297      7.781    65.6878 1.0000e-12  7.5495607    26.0732  0.000e+00
     85.582     86.309     7.7097  34.512949    33.4158    146.922    -0.0297      7.781    65.3779 1.0000e-12  7.4833214    26.0731  0.000e+00
     85.551     86.277     7.7113  34.514349    33.4158    146.916    -0.0297      7.781    65.4296 1.0000e-12  7.0858855    26.0728  0.000e+00
     85.608     86.335     7.7113  34.514349    33.4157    146.917    -0.0297      7.781    65.7394 1.0000e-12  7.7482786    26.0727  0.000e+00
     85.628     86.355     7.7109  34.514167    33.4159    146.919    -0.0370      7.781    66.1009 1.0000e-12  7.0527658    26.0730  0.000e+00
     85.679     86.406     7.7105  34.513680    33.4157    147.409    -0.0297      7.781    65.6620 1.0000e-12  6.7215692    26.0729  0.000e+00
     85.822     86.551     7.7115  34.514532    33.4156    147.408    -0.0224      7.781    65.7652 1.0000e-12  6.5890906    26.0727  0.000e+00
     85.836     86.565     7.7114  34.514593    33.4158    147.095    -0.0224      7.781    66.3075 1.0000e-12  6.6553299    26.0728  0.000e+00
     85.758     86.486     7.7114  34.514532    33.4157    147.094    -0.0297      7.781    66.1784 1.0000e-12  8.3444325    26.0727  0.000e+00
     85.775     86.504     7.7113  34.514411    33.4157    147.095    -0.0297      7.781    65.6103 1.0000e-12  8.1788342    26.0727  0.000e+00
     85.689     86.416     7.7115  34.514593    33.4158    146.605    -0.0224      7.781    66.0493 1.0000e-12  7.3508427    26.0728  0.000e+00
     85.488     86.214     7.7118  34.514714    33.4156    146.600    -0.0224      7.781    66.0235 1.0000e-12  7.3508427    26.0726  0.000e+00
     85.551     86.277     7.7119  34.514836    33.4157    146.915    -0.0297      7.781    65.3263 1.0000e-12  7.6158000    26.0727  0.000e+00
     85.850     86.579     7.7108  34.513924    33.4156    146.924    -0.0224      7.781    65.4037 1.0000e-12  6.8871675    26.0728  0.000e+00
     85.863     86.592     7.7105  34.513863    33.4158    146.925    -0.0224      7.781    65.6620 1.0000e-12  6.6884496    26.0729  0.000e+00
     85.639     86.366     7.7122  34.515080    33.4156    146.916    -0.0370      7.781    65.8427 1.0000e-12  7.2183641    26.0726  0.000e+00
     85.622     86.349     7.7097  34.512645    33.4155    146.924    -0.0297      7.781    64.8357 1.0000e-12  6.4234923    26.0728  0.000e+00
     85.801     86.529     7.7069  34.510516    33.4157    146.937    -0.0077      7.781    64.3967 1.0000e-12  7.8145179    26.0734  0.000e+00
     85.867     86.596     7.7067  34.510455    33.4158    146.939    -0.0150      7.781    63.8028 1.0000e-12  8.1788342    26.0735  0.000e+00
     85.820     86.549     7.7070  34.510637    33.4157    146.937    -0.0224      7.777    64.1901 1.0000e-12  7.5164410    26.0734  0.000e+00
     85.737     86.465     7.7067  34.510272    33.4157    146.937    -0.0297      7.777    63.8803 1.0000e-12  7.7482786    26.0734  0.000e+00
     85.670     86.397     7.7064  34.510089    33.4158    146.936    -0.0224      7.781    64.0610 1.0000e-12  7.5826803    26.0735  0.000e+00
     85.671     86.399     7.7065  34.510028    33.4156    146.936    -0.0224      7.777    63.6479 1.0000e-12  7.1190051    26.0734  0.000e+00
     85.738     86.466     7.7071  34.510637    33.4157    146.936    -0.0224      7.777    63.4671 1.0000e-12  6.4897316    26.0733  0.000e+00
     85.802     86.530     7.7078  34.511185    33.4155    146.935    -0.0150      7.777    63.6479 1.0000e-12  7.8145179    26.0731  0.000e+00
     85.837     86.566     7.7074  34.510881    33.4156    146.937    -0.0150      7.777    64.3967 1.0000e-12  7.8145179    26.0732  0.000e+00
     85.891     86.621     7.7077  34.511124    33.4156    146.449    -0.0297      7.777    64.2159 1.0000e-12  7.9138769    26.0732  0.000e+00
     85.854     86.583     7.7083  34.511794    33.4157    146.446    -0.0224      7.777    63.9061 1.0000e-12  7.5495607    26.0732  0.000e+00
     85.729     86.457     7.7079  34.511306    33.4156    146.759    -0.0224      7.777    63.6220 1.0000e-12  5.8604581    26.0732  0.000e+00
     85.668     86.396     7.7075  34.510880    33.4156    146.759    -0.0150      7.777    62.8216 1.0000e-12  7.0196462    26.0732  0.000e+00
     85.711     86.439     7.7082  34.511550    33.4156    147.245    -0.0150      7.777    63.3122 1.0000e-12  7.2183641    26.0731  0.000e+00
     85.836     86.565     7.7083  34.511611    33.4156    147.248    -0.0224      7.777    64.4742 1.0000e-12  7.3508427    26.0731  0.000e+00
     85.931     86.661     7.7070  34.510577    33.4156    146.940    -0.0224      7.777    65.0681 1.0000e-12  7.7813983    26.0733  0.000e+00
     85.847     86.576     7.7062  34.509724    33.4156    146.942    -0.0224      7.777    64.0868 1.0000e-12  7.9801162    26.0734  0.000e+00
     85.735     86.463     7.7064  34.509968    33.4156    146.939    -0.0297      7.777    63.0798 1.0000e-12  7.9469966    26.0734  0.000e+00
     85.816     86.545     7.7069  34.510394    33.4155    146.451    -0.0224      7.777    63.3896 1.0000e-12  7.7482786    26.0733  0.000e+00
     85.951     86.681     7.7065  34.510090    33.4155    146.455    -0.0224      7.777    64.4225 1.0000e-12  7.1852444    26.0733  0.000e+00
     85.939     86.669     7.7077  34.511185    33.4156    146.764    -0.0297      7.777    65.0681 1.0000e-12  7.0527658    26.0732  0.000e+00
     85.792     86.520     7.7087  34.512098    33.4157    146.758    -0.0297      7.777    65.1713 1.0000e-12  7.5495607    26.0731  0.000e+00
     85.642     86.370     7.7091  34.512341    33.4156    146.754    -0.0224      7.777    64.1385 2.0988e-04  7.8145179    26.0730  0.000e+00
     85.696     86.424     7.7093  34.512463    33.4156    147.242    -0.0224      7.777    63.8028 1.0000e-12  7.8807573    26.0729  0.000e+00
     85.892     86.622     7.7097  34.512889    33.4156    147.244    -0.0224      7.777    64.7582 1.0000e-12  8.1788342    26.0729  0.000e+00
     85.948     86.678     7.7097  34.512890    33.4155    146.445    -0.0224      7.777    65.8944 1.0000e-12  7.2183641    26.0728  0.000e+00
     85.811     86.540     7.7100  34.513072    33.4155    146.441    -0.0297      7.777    65.6103 1.0000e-12  7.1190051    26.0728  0.000e+00
     85.692     86.420     7.7101  34.513193    33.4156    147.239    -0.0370      7.777    64.8357 2.0988e-04  7.2846034    26.0728  0.000e+00
     85.850     86.579     7.7103  34.513498    33.4156    147.241    -0.0297      7.777    64.5774 1.0000e-12  6.9534068    26.0728  0.000e+00
