Arg_L1_T9_NV.cnv
* Sea-Bird SBE 9 Data File:
* FileName = S:\CTD_Data\CTD\Data\Argentina 2014\Data\Arg_L1_T9.hex
* Software Version Seasave V 7.21g
* Temperature SN = 5769
* Conductivity SN = 4244
* Number of Bytes Per Scan = 31
* Number of Voltage Words = 4
* Number of Scans Averaged by the Deck Unit = 24
* NMEA Latitude = 46 02.12 S
* NMEA Longitude = 066 34.16 W
* NMEA UTC (Time) = Feb 03 2014 16:56:39
* NMEA baud rate = 9600
** R/V Coriolis II
** MARES project, ARGENTINA 2014
** Chief scientist : Dr. Gustavo Ferreyra
** Co-Chief scientist : Dr. José Luis Esteves
# nquan = 13
# nvalues = 604                                   
# units = specified
# name 0 = depSM: Depth [salt water, m]
# name 1 = prDM: Pressure, Digiquartz [db]
# name 2 = t090C: Temperature [ITS-90, deg C]
# name 3 = c0mS/cm: Conductivity [mS/cm]
# name 4 = sal00: Salinity, Practical [PSU]
# name 5 = sbeox0Mm/Kg: Oxygen, SBE 43 [umol/Kg]
# name 6 = flECO-AFL: Fluorescence, WET Labs ECO-AFL/FL [mg/m^3]
# name 7 = ph: pH
# name 8 = CStarTr0: Beam Transmission, WET Labs C-Star [%]
# name 9 = par: PAR/Irradiance, Biospherical/Licor
# name 10 = upoly0: Upoly 0, Nitrate
# name 11 = sigma-é00: Density [sigma-theta, Kg/m^3]
# name 12 = flag:  0.000e+00
# span 0 =     -0.265,     86.354                 
# span 1 =     -0.267,     87.087                 
# span 2 =     7.7055,    15.1429                 
# span 3 =   3.221317,  41.405312                 
# span 4 =     2.1480,    33.5059                 
# span 5 =    146.230,    273.523                 
# span 6 =    -0.2568,    26.8128                 
# span 7 =      7.777,      8.243                 
# span 8 =    60.8591,    95.9250                 
# span 9 = 1.0000e-12, 2.0307e+03                 
# span 10 = -0.7634735,  8.9074667                
# span 11 =     0.8348,    26.0743                
# span 12 = 0.0000e+00, 0.0000e+00                
# interval = seconds: 1
# start_time = Feb 03 2014 16:56:39 [NMEA time, header]
# bad_flag = -9.990e-29
*END*
      1.775      1.789    15.0495  41.321216    33.5049    211.124     0.4611      8.224    91.4062 1.1126e+03 -0.6309949    24.8088  0.000e+00
      1.715      1.730    15.0477  41.318992    33.5044    211.462     0.4538      8.224    91.4320 1.2346e+03 -0.6309949    24.8088  0.000e+00
      1.838      1.853    15.0487  41.320300    33.5048    211.129     0.4172      8.224    91.4320 1.1869e+03 -0.6309949    24.8088  0.000e+00
      1.592      1.605    15.0477  41.319972    33.5054    211.604     0.4172      8.224    91.4062 1.3023e+03 -0.6309949    24.8095  0.000e+00
      1.387      1.399    15.0631  41.333901    33.5049    210.725     0.4245      8.224    91.4062 1.5635e+03 -0.6309949    24.8057  0.000e+00
      1.916      1.931    15.0665  41.337370    33.5049    211.018     0.4245      8.224    91.3546 1.0971e+03 -0.6309949    24.8050  0.000e+00
      2.024      2.041    15.0662  41.337305    33.5050    211.575     0.4172      8.224    91.3288 9.6397e+02 -0.6309949    24.8052  0.000e+00
      1.624      1.637    15.0652  41.335995    33.5049    211.531     0.4318      8.224    91.3546 1.4738e+03 -0.6309949    24.8053  0.000e+00
      1.744      1.758    15.0714  41.342144    33.5051    211.177     0.4758      8.224    91.3546 1.3622e+03 -0.6309949    24.8041  0.000e+00
      2.438      2.458    15.0703  41.341165    33.5048    211.015     0.4245      8.229    91.3804 1.1220e+03 -0.6309949    24.8042  0.000e+00
      3.262      3.289    15.0595  41.331685    33.5052    210.936     0.4099      8.229    91.3804 8.1662e+02 -0.6309949    24.8069  0.000e+00
      3.688      3.718    15.0592  41.331491    33.5051    210.948     0.4099      8.229    91.4062 8.7363e+02 -0.6309949    24.8068  0.000e+00
      4.360      4.396    15.0597  41.332278    33.5052    211.149     0.4392      8.229    91.4062 7.0953e+02 -0.6309949    24.8068  0.000e+00
      5.160      5.203    15.0613  41.334178    33.5052    211.163     0.4245      8.229    91.3804 5.3713e+02 -0.6309949    24.8065  0.000e+00
      5.844      5.892    15.0612  41.334704    33.5055    211.182     0.4245      8.229    91.3804 2.6076e+02 -0.6309949    24.8068  0.000e+00
      6.516      6.570    15.0718  41.344714    33.5052    211.155     0.4611      8.229    91.4062 2.1118e+02 -0.6309949    24.8043  0.000e+00
      7.366      7.427    15.0759  41.348838    33.5050    211.160     0.5344      8.233    91.3804 1.3315e+02 -0.6309949    24.8033  0.000e+00
      8.026      8.092    15.0665  41.339880    33.5048    210.887     0.5930      8.233    91.4062 1.2982e+02 -0.6309949    24.8052  0.000e+00
      8.564      8.635    15.0628  41.337135    33.5052    210.584     0.6150      8.233    91.4579 1.1898e+02 -0.6309949    24.8063  0.000e+00
      9.277      9.354    15.0625  41.337269    33.5053    210.126     0.6296      8.233    91.4579 1.5763e+02 -0.6309949    24.8065  0.000e+00
     10.142     10.226    15.0653  41.340150    33.5052    210.654     0.6443      8.233    91.4320 1.4734e+02 -0.6309949    24.8058  0.000e+00
     10.961     11.052    15.0855  41.359908    33.5054    210.628     0.6077      8.233    91.4062 1.5369e+02 -0.6309949    24.8016  0.000e+00
     11.642     11.739    15.0730  41.347678    33.5048    210.515     0.6150      8.233    91.4579 1.6031e+02 -0.6309949    24.8039  0.000e+00
     12.192     12.293    15.0618  41.337608    33.5051    210.429     0.6443      8.233    91.4837 1.4569e+02 -0.6309949    24.8065  0.000e+00
     12.887     12.994    15.0492  41.325773    33.5049    210.833     0.7029      8.234    91.5095 1.7006e+02 -0.6309949    24.8091  0.000e+00
     13.706     13.820    15.0045  41.284388    33.5054    210.564     0.7395      8.238    91.4837 1.5718e+02 -0.5316359    24.8193  0.000e+00
     14.390     14.510    14.9971  41.277985    33.5057    210.426     0.7249      8.238    91.4579 1.3240e+02 -0.4985162    24.8211  0.000e+00
     14.898     15.022    14.9902  41.271451    33.5055    210.508     0.8201      8.238    91.4320 1.3889e+02 -0.5978752    24.8225  0.000e+00
     15.536     15.665    14.9858  41.267662    33.5056    210.544     0.9813      8.238    91.3288 1.2169e+02 -0.4985162    24.8236  0.000e+00
     16.337     16.473    14.9767  41.259104    33.5053    210.457     1.0985      8.238    91.1222 1.1568e+02 -0.4985162    24.8254  0.000e+00
     17.092     17.234    14.9693  41.252637    33.5055    210.507     1.1791      8.239    90.9673 1.0602e+02 -0.6309949    24.8271  0.000e+00
     17.688     17.836    14.9690  41.252574    33.5055    210.044     1.2670      8.239    90.9673 9.6083e+01 -0.4985162    24.8272  0.000e+00
     18.347     18.500    14.9686  41.252773    33.5057    209.729     1.3036      8.239    91.0189 9.1596e+01 -0.4985162    24.8275  0.000e+00
     19.057     19.216    14.9674  41.251926    33.5057    210.460     1.3110      8.239    90.9414 8.2542e+01 -0.4985162    24.8278  0.000e+00
     19.719     19.883    14.9660  41.250622    33.5055    210.336     1.3183      8.239    91.0964 7.4383e+01 -0.4985162    24.8279  0.000e+00
     20.429     20.599    14.9646  41.249710    33.5056    209.840     1.3696      8.239    91.0964 6.6466e+01 -0.4985162    24.8283  0.000e+00
     21.228     21.404    14.9615  41.247165    33.5056    209.058     1.3403      8.239    91.1480 5.8561e+01 -0.6309949    24.8290  0.000e+00
     21.889     22.072    14.9610  41.246971    33.5056    209.265     1.3769      8.243    91.2513 5.4430e+01 -0.4985162    24.8292  0.000e+00
     22.453     22.640    14.9597  41.245863    33.5055    209.512     1.4355      8.239    91.3288 5.2033e+01 -0.4985162    24.8294  0.000e+00
     23.181     23.374    14.9573  41.244101    33.5057    209.541     1.4282      8.239    91.3288 4.6756e+01 -0.6309949    24.8300  0.000e+00
     24.018     24.218    14.9561  41.243517    33.5058    209.086     1.3842      8.239    91.4320 4.1078e+01 -0.4985162    24.8305  0.000e+00
     24.732     24.939    14.9539  41.241363    33.5055    208.445     1.3915      8.243    91.4837 3.7858e+01 -0.4985162    24.8307  0.000e+00
     25.325     25.537    14.9497  41.236791    33.5047    208.854     1.4428      8.239    91.5612 3.5285e+01 -0.5978752    24.8310  0.000e+00
     25.972     26.189    14.9466  41.235226    33.5057    209.257     1.4795      8.239    91.5870 3.2245e+01 -0.4985162    24.8324  0.000e+00
     26.694     26.916    14.9415  41.230590    33.5056    209.298     1.4648      8.239    91.7419 2.9055e+01 -0.4985162    24.8336  0.000e+00
     27.445     27.674    14.9362  41.226020    33.5057    208.335     1.4868      8.239    91.8710 2.6106e+01 -0.4985162    24.8348  0.000e+00
     28.263     28.499    14.9311  41.221319    33.5055    208.042     1.4062      8.239    92.0518 2.3324e+01 -0.4985162    24.8357  0.000e+00
     28.979     29.221    14.9217  41.212372    33.5052    208.329     1.3549      8.239    92.1551 2.1555e+01 -0.6641145    24.8376  0.000e+00
     29.493     29.739    14.9114  41.202837    33.5052    207.902     1.4062      8.239    92.3616 2.0721e+01 -0.4985162    24.8398  0.000e+00
     30.089     30.340    14.8852  41.176977    33.5039    208.217     1.4648      8.239    92.5940 1.8987e+01 -0.6641145    24.8445  0.000e+00
     30.932     31.191    14.8367  41.127951    33.5007    207.813     1.2963      8.239    92.7748 1.6491e+01 -0.4985162    24.8525  0.000e+00
     31.824     32.090    14.6491  40.942236    33.4927    207.952     1.1425      8.240    93.0588 1.4857e+01 -0.4985162    24.8866  0.000e+00
     32.510     32.782    14.4354  40.742362    33.4940    207.383     1.1132      8.236    93.3945 1.3924e+01 -0.4985162    24.9331  0.000e+00
     32.998     33.273    14.2404  40.559888    33.4949    205.479     1.1278      8.232    93.8335 1.2866e+01 -0.6641145    24.9749  0.000e+00
     33.591     33.872    13.7242  40.044338    33.4663    205.319     1.0839      8.225    94.3241 1.1989e+01 -0.5978752    25.0599  0.000e+00
     34.437     34.725    13.1143  39.461537    33.4542    203.917     0.9520      8.214    94.7631 1.0770e+01 -0.4985162    25.1737  0.000e+00
     35.309     35.605    12.3693  38.760646    33.4463    200.105     0.8494      8.198    95.1504 9.5647e+00 -0.4985162    25.3132  0.000e+00
     35.893     36.193    11.7543  38.210617    33.4645    194.867     0.9007      8.187    95.4861 9.2458e+00 -0.4985162    25.4434  0.000e+00
     36.388     36.692    11.0763  37.559465    33.4378    189.912     1.0106      8.176    95.6410 8.7871e+00 -0.7634735    25.5463  0.000e+00
     37.158     37.469    10.2920  36.860184    33.4560    184.968     0.9593      8.155    95.6668 7.9142e+00 -0.6972342    25.6976  0.000e+00
     37.950     38.267    10.1429  36.721567    33.4529    179.236     0.8494      8.137    95.7185 7.1680e+00 -0.4653966    25.7206  0.000e+00
     38.475     38.798    10.0940  36.674744    33.4504    175.635     0.9227      8.123    95.8217 6.9482e+00 -0.4985162    25.7270  0.000e+00
     39.028     39.355    10.0156  36.591129    33.4378    174.862     0.9740      8.119    95.8734 6.6029e+00 -0.6641145    25.7303  0.000e+00
     39.927     40.262     9.5772  36.194342    33.4389    175.976     0.8494      8.106    95.8734 5.8290e+00 -0.4653966    25.8038  0.000e+00
     40.862     41.204     9.3243  35.970887    33.4443    175.955     0.6443      8.084    95.9250 5.1451e+00 -0.2335590    25.8491  0.000e+00
     41.293     41.639     9.3748  36.030418    33.4583    173.323     0.5198      8.065    95.8992 5.1597e+00  1.7867402    25.8519  0.000e+00
     41.592     41.940     9.4769  36.097291    33.4318    169.745     0.4685      8.064    95.8217 5.0582e+00  0.3625949    25.8147  0.000e+00
     42.337     42.692     9.0347  35.710902    33.4454    169.133     0.3952      8.052    95.6410 4.6320e+00  1.4886632    25.8962  0.000e+00
     43.325     43.689     8.8685  35.569088    33.4535    168.496     0.3073      8.034    95.3569 4.0411e+00  3.3433641    25.9286  0.000e+00
     44.043     44.412     8.8334  35.536518    33.4522    166.845     0.2487      8.019    94.7372 3.8284e+00  3.4427231    25.9330  0.000e+00
     44.424     44.797     8.8642  35.562010    33.4497    163.484     0.2560      8.010    94.0917 3.7529e+00  1.8529795    25.9263  0.000e+00
     44.969     45.346     8.8144  35.515715    33.4479    160.848     0.2633      8.005    93.7560 3.5048e+00  1.5549026    25.9326  0.000e+00
     45.797     46.181     8.7784  35.482303    33.4465    160.106     0.2340      8.001    93.6011 3.1002e+00  2.6478513    25.9372  0.000e+00
     46.650     47.041     8.6997  35.412194    33.4470    160.136     0.1974      7.992    93.3170 2.7971e+00  5.0324667    25.9497  0.000e+00
     47.346     47.743     8.5865  35.314438    33.4510    160.337     0.1681      7.983    93.0588 2.6796e+00  4.7675094    25.9702  0.000e+00
     47.904     48.307     8.5111  35.242985    33.4468    160.303     0.1095      7.973    92.7748 2.5377e+00  4.8668684    25.9785  0.000e+00
     48.463     48.870     8.4384  35.171528    33.4401    159.216     0.0655      7.969    92.5166 2.3690e+00  4.8668684    25.9842  0.000e+00
     49.198     49.611     8.2681  35.016419    33.4374    158.634     0.0436      7.960    92.1809 2.1548e+00  5.0655863    26.0077  0.000e+00
     49.965     50.385     8.1344  34.901427    33.4422    158.212     0.0216      7.951    91.5870 1.9315e+00  4.2375949    26.0314  0.000e+00
     50.610     51.035     8.0911  34.861338    33.4405    156.704    -0.0004      7.942    90.4766 1.8023e+00  3.9063983    26.0365  0.000e+00
     51.245     51.676     8.0344  34.808626    33.4380    154.288    -0.0150      7.932    89.5471 1.6574e+00  4.6019111    26.0429  0.000e+00
     51.956     52.393     7.9891  34.766870    33.4365    152.128    -0.0297      7.923    88.6691 1.4889e+00  5.8935778    26.0484  0.000e+00
     52.684     53.127     7.9522  34.733309    33.4355    151.018    -0.0297      7.918    87.5588 1.3566e+00  5.2643043    26.0530  0.000e+00
     53.459     53.909     7.9241  34.707324    33.4342    150.358    -0.0297      7.914    86.6550 1.2142e+00  5.7279795    26.0561  0.000e+00
     54.143     54.599     7.9028  34.687505    33.4330    149.846    -0.0297      7.904    85.8029 1.0959e+00  5.9929368    26.0582  0.000e+00
     54.562     55.021     7.8990  34.682872    33.4315    148.966    -0.0297      7.899    85.1057 1.0364e+00  6.1254154    26.0577  0.000e+00
     55.062     55.525     7.8750  34.660558    33.4303    148.806    -0.0224      7.895    84.4344 9.5990e-01  6.1254154    26.0602  0.000e+00
     55.904     56.375     7.8491  34.637215    33.4298    149.140    -0.0297      7.890    83.9437 8.0818e-01  6.3241333    26.0635  0.000e+00
     56.862     57.341     7.8213  34.612478    33.4294    148.868    -0.0370      7.885    83.1433 6.5911e-01  6.9865265    26.0673  0.000e+00
     57.570     58.055     7.8064  34.598894    33.4287    148.722    -0.0370      7.881    82.2912 6.0738e-01  7.3508427    26.0689  0.000e+00
     58.053     58.542     7.8006  34.593169    33.4279    148.060    -0.0297      7.876    81.5940 5.6978e-01  6.7878085    26.0691  0.000e+00
     58.685     59.179     7.7952  34.587750    33.4270    147.572    -0.0370      7.876    81.1292 5.0247e-01  8.3775521    26.0692  0.000e+00
     59.483     59.985     7.7822  34.575875    33.4264    147.904    -0.0444      7.871    80.6902 4.2754e-01  7.9469966    26.0706  0.000e+00
     60.274     60.782     7.7758  34.570214    33.4260    147.904    -0.0444      7.867    79.9156 3.6628e-01  7.5164410    26.0712  0.000e+00
     60.890     61.403     7.7723  34.566501    33.4251    147.582    -0.0444      7.862    79.3991 3.2530e-01  7.3177231    26.0710  0.000e+00
     61.394     61.912     7.7699  34.564067    33.4245    147.737    -0.0370      7.862    79.2958 2.9218e-01  7.3508427    26.0709  0.000e+00
     62.048     62.571     7.7670  34.561268    33.4240    147.896    -0.0297      7.857    79.1409 2.5002e-01  8.0463556    26.0710  0.000e+00
     62.937     63.468     7.7634  34.558105    33.4236    147.753    -0.0297      7.852    78.7278 1.9877e-01  7.8807573    26.0712  0.000e+00
     63.796     64.334     7.7588  34.553967    33.4232    147.612    -0.0297      7.852    78.1597 1.6634e-01  6.6553299    26.0715  0.000e+00
     64.410     64.953     7.7566  34.551899    33.4228    147.458    -0.0370      7.848    77.9273 1.4841e-01  6.9865265    26.0715  0.000e+00
     64.907     65.455     7.7557  34.550865    33.4223    147.298    -0.0370      7.848    77.8756 1.3097e-01  6.9865265    26.0713  0.000e+00
     65.600     66.154     7.7539  34.549284    33.4219    147.628    -0.0370      7.843    77.7723 1.0920e-01  7.4833214    26.0712  0.000e+00
     66.480     67.042     7.7509  34.546669    33.4216    147.482    -0.0444      7.843    77.5141 8.8139e-02  7.8476376    26.0714  0.000e+00
     67.216     67.784     7.7479  34.543993    33.4213    147.507    -0.0444      7.838    77.0493 7.1566e-02  6.2910137    26.0716  0.000e+00
     67.698     68.270     7.7474  34.543447    33.4209    147.829    -0.0370      7.833    76.9461 6.1238e-02  6.6553299    26.0714  0.000e+00
     68.347     68.925     7.7448  34.541257    33.4208    147.367    -0.0370      7.833    76.9977 5.0956e-02  6.8871675    26.0717  0.000e+00
     69.258     69.843     7.7418  34.538825    33.4206    147.395    -0.0444      7.833    76.5845 4.0380e-02  7.0527658    26.0720  0.000e+00
     70.047     70.639     7.7406  34.537732    33.4202    147.241    -0.0370      7.829    75.7324 3.1602e-02  6.9202872    26.0719  0.000e+00
     70.603     71.200     7.7381  34.535481    33.4199    147.260    -0.0297      7.829    75.5259 2.4098e-02  7.6820393    26.0720  0.000e+00
     71.202     71.804     7.7373  34.534814    33.4197    147.101    -0.0444      7.824    75.5517 2.0905e-02  7.6489197    26.0720  0.000e+00
     71.897     72.505     7.7360  34.533842    33.4196    147.119    -0.0370      7.824    75.0611 1.6015e-02  7.3177231    26.0721  0.000e+00
