Arg_Leg3_G03_NV.cnv
* Sea-Bird SBE 9 Data File:
* FileName = S:\CTD_Data\CTD\Data\Argentina 2014\Data\Leg3\Arg_Leg3_G03.hex
* Software Version Seasave V 7.21g
* Temperature SN = 5769
* Conductivity SN = 4244
* Number of Bytes Per Scan = 31
* Number of Voltage Words = 4
* Number of Scans Averaged by the Deck Unit = 24
* NMEA Latitude = 45 51.02 S
* NMEA Longitude = 066 53.42 W
* NMEA UTC (Time) = Feb 15 2014 02:12:51
* NMEA baud rate = 9600
** R/V Coriolis II
** MARES project, ARGENTINA 2014
** Chief scientist : Dr. Gustavo Ferreyra
** Co-Chief scientist : Dr. José Luis Esteves
# nquan = 13
# nvalues = 680                                   
# units = specified
# name 0 = depSM: Depth [salt water, m]
# name 1 = prDM: Pressure, Digiquartz [db]
# name 2 = t090C: Temperature [ITS-90, deg C]
# name 3 = c0mS/cm: Conductivity [mS/cm]
# name 4 = sal00: Salinity, Practical [PSU]
# name 5 = sbeox0Mm/Kg: Oxygen, SBE 43 [umol/Kg]
# name 6 = flECO-AFL: Fluorescence, WET Labs ECO-AFL/FL [mg/m^3]
# name 7 = ph: pH
# name 8 = CStarTr0: Beam Transmission, WET Labs C-Star [%]
# name 9 = par: PAR/Irradiance, Biospherical/Licor
# name 10 = upoly0: Upoly 0, Nitrate
# name 11 = sigma-é00: Density [sigma-theta, Kg/m^3]
# name 12 = flag:  0.000e+00
# span 0 =     -0.093,     80.102                 
# span 1 =     -0.094,     80.780                 
# span 2 =     8.5189,    15.1343                 
# span 3 =   3.408307,  41.286005                 
# span 4 =     2.2456,    33.4442                 
# span 5 =    123.450,    273.435                 
# span 6 =    -0.1249,     2.8861                 
# span 7 =      7.713,      8.238                 
# span 8 =    40.6665,    96.4673                 
# span 9 = 1.0000e-12, 7.3447e-01                 
# span 10 = -0.6972342,  9.2386632                
# span 11 =     0.8166,    25.9587                
# span 12 = 0.0000e+00, 0.0000e+00                
# interval = seconds: 1
# start_time = Feb 15 2014 02:12:51 [NMEA time, header]
# bad_flag = -9.990e-29
*END*
[from data line 556]
      4.191      4.226    15.1272  41.278254    33.3986    221.832     0.9520      8.238    92.1551 1.0000e-12 -0.6309949    24.7100  0.000e+00
      4.056      4.090    15.1274  41.278515    33.3987    221.864     0.8861      8.238    92.0776 1.0000e-12 -0.6309949    24.7100  0.000e+00
      3.790      3.821    15.1268  41.277991    33.3988    221.345     0.8861      8.238    92.0259 1.0000e-12 -0.6309949    24.7102  0.000e+00
      3.787      3.818    15.1266  41.277729    33.3988    221.530     1.0252      8.238    92.1034 1.0000e-12 -0.6309949    24.7103  0.000e+00
      4.072      4.105    15.1277  41.278776    33.3987    222.047     0.9740      8.238    92.1551 1.0000e-12 -0.6309949    24.7099  0.000e+00
      4.390      4.426    15.1267  41.277993    33.3987    222.061     1.0106      8.238    92.1809 1.0000e-12 -0.6309949    24.7102  0.000e+00
      4.493      4.530    15.1268  41.278124    33.3987    221.879     0.9447      8.238    92.1551 1.0000e-12 -0.6309949    24.7102  0.000e+00
      4.325      4.361    15.1275  41.278777    33.3987    222.202     0.9080      8.238    92.1292 1.0000e-12 -0.6309949    24.7100  0.000e+00
      4.198      4.233    15.1286  41.279627    33.3987    221.863     0.9666      8.238    92.1034 1.0000e-12 -0.6309949    24.7098  0.000e+00
      4.338      4.374    15.1285  41.279562    33.3986    221.353     1.0985      8.238    92.1292 1.0000e-12 -0.6309949    24.7097  0.000e+00
      4.534      4.571    15.1285  41.279628    33.3986    221.212     1.0692      8.238    92.1551 1.0000e-12 -0.6309949    24.7097  0.000e+00
      4.604      4.642    15.1289  41.280086    33.3986    221.726     0.9080      8.238    92.1034 1.0000e-12 -0.6309949    24.7097  0.000e+00
      4.673      4.712    15.1292  41.280413    33.3986    221.580     0.8934      8.238    92.1809 1.0000e-12 -0.6309949    24.7096  0.000e+00
      4.888      4.928    15.1292  41.280545    33.3987    222.063     0.9154      8.238    92.1809 1.0000e-12 -0.6309949    24.7097  0.000e+00
      5.000      5.042    15.1287  41.280153    33.3987    222.253     0.9300      8.238    92.1034 1.0000e-12 -0.6309949    24.7098  0.000e+00
      4.879      4.920    15.1288  41.279760    33.3984    221.221     0.9080      8.238    92.1034 1.0000e-12 -0.6309949    24.7095  0.000e+00
      4.676      4.715    15.1288  41.279890    33.3985    221.545     0.8641      8.238    92.2067 1.0000e-12 -0.6309949    24.7096  0.000e+00
      4.829      4.869    15.1290  41.280087    33.3985    221.916     0.9666      8.238    92.1034 1.0000e-12 -0.6309949    24.7095  0.000e+00
      5.163      5.205    15.1289  41.280219    33.3985    221.412     1.0912      8.238    92.1292 1.0000e-12 -0.6309949    24.7096  0.000e+00
      5.228      5.271    15.1285  41.279958    33.3986    221.415     1.0033      8.238    92.1034 1.0000e-12 -0.6309949    24.7097  0.000e+00
      5.081      5.123    15.1285  41.280022    33.3987    221.595     0.9520      8.238    92.2067 1.0000e-12 -0.6309949    24.7098  0.000e+00
      4.829      4.869    15.1295  41.280479    33.3984    221.914     0.9813      8.238    92.1292 1.0000e-12 -0.6309949    24.7094  0.000e+00
      4.722      4.761    15.1312  41.281917    33.3983    221.573     1.0033      8.238    92.1809 1.0000e-12 -0.6309949    24.7089  0.000e+00
      4.971      5.012    15.1322  41.282702    33.3981    221.392     1.0106      8.238    92.2067 1.0000e-12 -0.5978752    24.7085  0.000e+00
      5.309      5.353    15.1304  41.281527    33.3984    221.924     0.9959      8.238    92.1292 1.0000e-12 -0.6309949    24.7092  0.000e+00
      5.356      5.400    15.1302  41.281462    33.3985    221.595     0.9886      8.238    92.1292 1.0000e-12 -0.6309949    24.7093  0.000e+00
      5.145      5.187    15.1294  41.280676    33.3986    221.739     0.9154      8.238    92.0776 1.0000e-12 -0.6309949    24.7095  0.000e+00
      4.990      5.031    15.1287  41.280087    33.3987    221.591     0.9886      8.238    92.2067 1.0000e-12 -0.5978752    24.7097  0.000e+00
      4.970      5.011    15.1295  41.279826    33.3977    221.735     0.9666      8.238    92.0776 1.0000e-12 -0.5978752    24.7088  0.000e+00
      5.038      5.079    15.1297  41.280937    33.3986    221.919     0.9666      8.238    92.1551 1.0000e-12 -0.4985162    24.7095  0.000e+00
      5.273      5.317    15.1298  41.281134    33.3986    221.741     0.9886      8.238    92.1034 1.0000e-12 -0.5647556    24.7095  0.000e+00
      5.658      5.705    15.1295  41.281136    33.3986    222.084     1.0179      8.238    92.1292 1.0000e-12 -0.5978752    24.7096  0.000e+00
      5.816      5.864    15.1292  41.280744    33.3985    221.759     1.0033      8.238    92.1292 1.0000e-12 -0.5647556    24.7095  0.000e+00
      5.596      5.642    15.1293  41.280743    33.3985    221.568     0.9520      8.238    92.1034 1.0000e-12 -0.5978752    24.7095  0.000e+00
      5.293      5.337    15.1295  41.280808    33.3985    221.743     0.9520      8.238    92.1809 1.0000e-12 -0.5978752    24.7095  0.000e+00
      5.317      5.361    15.1296  41.281004    33.3986    222.074     1.0326      8.238    92.1809 1.0000e-12 -0.6309949    24.7095  0.000e+00
      5.610      5.657    15.1295  41.281005    33.3985    221.421     1.1132      8.238    92.1809 1.0000e-12 -0.6309949    24.7095  0.000e+00
      5.912      5.961    15.1296  41.281268    33.3986    220.914     1.1351      8.238    92.1809 1.0000e-12 -0.4985162    24.7095  0.000e+00
      6.079      6.130    15.1299  41.281530    33.3985    221.947     1.0692      8.238    92.1551 1.0000e-12 -0.5978752    24.7094  0.000e+00
      6.015      6.064    15.1300  41.281530    33.3985    222.129     1.0179      8.238    92.1292 1.0000e-12 -0.5978752    24.7094  0.000e+00
      5.903      5.952    15.1299  41.281398    33.3985    221.759     0.9740      8.238    92.1292 1.0000e-12 -0.5978752    24.7094  0.000e+00
      5.761      5.809    15.1294  41.280875    33.3985    222.087     1.0765      8.238    92.1551 1.0000e-12 -0.5978752    24.7095  0.000e+00
      5.626      5.672    15.1297  41.281070    33.3985    222.413     1.0765      8.238    92.1034 1.0000e-12 -0.5647556    24.7094  0.000e+00
      5.724      5.772    15.1299  41.281398    33.3985    221.900     1.0839      8.238    92.1292 1.0000e-12 -0.5978752    24.7094  0.000e+00
      6.061      6.111    15.1305  41.282053    33.3985    222.384     1.1498      8.238    92.1551 1.0000e-12 -0.5978752    24.7092  0.000e+00
      6.328      6.380    15.1310  41.282511    33.3984    221.912     1.1864      8.238    92.1551 1.0000e-12 -0.5647556    24.7091  0.000e+00
      6.243      6.295    15.1306  41.282184    33.3984    221.874     1.1351      8.238    92.1292 1.0000e-12 -0.4985162    24.7092  0.000e+00
      5.899      5.948    15.1306  41.281921    33.3984    222.233     1.0252      8.238    92.1809 1.0000e-12 -0.4653966    24.7091  0.000e+00
      5.667      5.714    15.1305  41.281724    33.3984    222.043     0.9886      8.238    92.1292 1.0000e-12 -0.5978752    24.7091  0.000e+00
      5.764      5.812    15.1306  41.282052    33.3985    221.714     1.0985      8.238    92.2325 1.0000e-12 -0.5316359    24.7093  0.000e+00
      6.023      6.073    15.1306  41.282183    33.3985    221.391     1.1425      8.238    92.2067 1.0000e-12 -0.4653966    24.7093  0.000e+00
      6.199      6.251    15.1306  41.282249    33.3985    221.580     1.1058      8.238    92.1551 1.0000e-12 -0.4653966    24.7093  0.000e+00
      6.170      6.221    15.1309  41.282380    33.3984    221.100     1.0692      8.238    92.1809 1.0000e-12 -0.4985162    24.7091  0.000e+00
      5.949      5.998    15.1313  41.282641    33.3984    221.092     1.0326      8.238    92.1551 1.0000e-12 -0.4985162    24.7090  0.000e+00
      5.774      5.822    15.1310  41.282313    33.3984    221.787     1.1058      8.238    92.2067 1.0000e-12 -0.5647556    24.7090  0.000e+00
      5.822      5.870    15.1313  41.282575    33.3984    222.118     1.2304      8.238    92.2325 1.0000e-12 -0.6309949    24.7090  0.000e+00
      6.021      6.070    15.1319  41.283229    33.3984    220.945     1.2743      8.238    92.1809 1.0000e-12 -0.5316359    24.7089  0.000e+00
      6.191      6.242    15.1313  41.282772    33.3984    221.430     1.2670      8.238    92.1292 1.0000e-12 -0.4985162    24.7090  0.000e+00
      6.104      6.154    15.1314  41.282772    33.3983    221.979     1.1864      8.238    92.2325 1.0000e-12 -0.4653966    24.7089  0.000e+00
      5.825      5.873    15.1314  41.282640    33.3983    221.934     1.1205      8.238    92.2067 1.0000e-12 -0.4985162    24.7089  0.000e+00
      5.730      5.778    15.1313  41.282509    33.3984    222.262     1.1425      8.238    92.1809 1.0000e-12 -0.5647556    24.7090  0.000e+00
      5.908      5.957    15.1316  41.283033    33.3985    221.751     1.0692      8.238    92.1292 1.0000e-12 -0.6309949    24.7091  0.000e+00
      6.128      6.179    15.1328  41.284341    33.3986    221.568     1.0985      8.238    92.1809 1.0000e-12 -0.4653966    24.7088  0.000e+00
      6.203      6.254    15.1330  41.284537    33.3985    222.083     1.2304      8.238    92.2067 1.0000e-12 -0.4653966    24.7087  0.000e+00
      5.599      5.646    15.1322  41.283489    33.3985    222.732     1.1351      8.238    92.1551 1.0000e-12 -0.4985162    24.7089  0.000e+00
      4.712      4.751    15.1311  41.281851    33.3983    222.197     1.0472      8.238    92.2067 1.0000e-12 -0.5647556    24.7089  0.000e+00
      4.362      4.398    15.1314  41.282111    33.3985    222.149     1.0326      8.238    92.1809 1.0000e-12 -0.6309949    24.7090  0.000e+00
      4.527      4.564    15.1320  41.282962    33.3986    221.343     0.9813      8.238    92.1809 1.0000e-12 -0.6309949    24.7090  0.000e+00
      4.807      4.847    15.1317  41.283159    33.3990    220.837     1.0179      8.238    92.1551 1.0000e-12 -0.5316359    24.7093  0.000e+00
      4.943      4.984    15.1310  41.282571    33.3990    222.057     1.1278      8.238    92.2583 1.0000e-12 -0.4653966    24.7095  0.000e+00
      5.054      5.096    15.1316  41.282833    33.3987    221.250     1.1718      8.238    92.1551 1.0000e-12 -0.4985162    24.7091  0.000e+00
      4.810      4.850    15.1319  41.283028    33.3987    221.204     1.1278      8.238    92.1809 1.0000e-12 -0.5978752    24.7091  0.000e+00
      4.282      4.317    15.1320  41.282699    33.3985    221.741     1.0765      8.238    92.1551 1.0000e-12 -0.6309949    24.7089  0.000e+00
      4.064      4.097    15.1320  41.282829    33.3987    221.551     1.0472      8.238    92.2067 1.0000e-12 -0.5316359    24.7090  0.000e+00
      4.255      4.290    15.1315  41.282568    33.3988    221.558     1.0399      8.238    92.1292 1.0000e-12 -0.5647556    24.7093  0.000e+00
      4.357      4.393    15.1321  41.282830    33.3985    221.889     1.1132      8.238    92.2325 1.0000e-12 -0.4985162    24.7089  0.000e+00
      4.137      4.171    15.1325  41.283222    33.3986    221.881     1.1937      8.238    92.1551 7.3199e-05 -0.4653966    24.7088  0.000e+00
      3.566      3.596    15.1323  41.282892    33.3986    222.012     1.1644      8.238    92.2067 1.0000e-12 -0.5647556    24.7089  0.000e+00
      3.189      3.215    15.1325  41.282956    33.3987    222.001     1.1205      8.238    92.2067 1.0000e-12 -0.5978752    24.7089  0.000e+00
      3.069      3.094    15.1325  41.282629    33.3984    221.814     1.0619      8.238    92.1292 1.0000e-12 -0.5978752    24.7087  0.000e+00
      2.903      2.927    15.1324  41.282498    33.3985    221.480     1.1718      8.238    92.1809 1.0000e-12 -0.5978752    24.7087  0.000e+00
      2.802      2.825    15.1324  41.282301    33.3984    222.138     1.2304      8.238    92.1551 1.0000e-12 -0.4985162    24.7087  0.000e+00
      2.827      2.850    15.1328  41.282497    33.3982    221.991     1.2230      8.238    91.9743 1.0000e-12 -0.5978752    24.7085  0.000e+00
      2.774      2.796    15.1325  41.282039    33.3980    221.623     1.2157      8.238    91.6386 1.0000e-12 -0.5647556    24.7084  0.000e+00
      2.517      2.538    15.1322  41.282169    33.3985    221.800     1.1278      8.238    91.8194 1.0000e-12 -0.5316359    24.7088  0.000e+00
      2.031      2.048    15.1319  41.281579    33.3984    222.448     0.9447      8.238    92.1292 1.0000e-12 -0.6309949    24.7088  0.000e+00
      1.752      1.767    15.1316  41.281186    33.3984    222.112     0.9666      8.238    92.0776 1.0000e-12 -0.5647556    24.7088  0.000e+00
      1.938      1.954    15.1320  41.281448    33.3983    220.757     1.0106      8.238    91.8452 1.0000e-12 -0.6309949    24.7087  0.000e+00
      2.020      2.037    15.1322  41.281513    33.3982    220.943     1.0106      8.238    91.5095 1.0000e-12 -0.5647556    24.7085  0.000e+00
      1.791      1.805    15.1322  41.281709    33.3984    222.478     0.9520      8.238    91.5612 1.0000e-12 -0.4653966    24.7087  0.000e+00
      1.660      1.673    15.1316  41.281251    33.3985    222.477     0.9886      8.238    91.7161 1.0000e-12 -0.4985162    24.7089  0.000e+00
      1.985      2.001    15.1317  41.281579    33.3986    222.264     1.0399      8.238    91.2771 1.0000e-12 -0.4985162    24.7089  0.000e+00
      2.277      2.296    15.1316  41.281318    33.3984    221.613     1.0326      8.238    90.8123 1.0000e-12 -0.4985162    24.7088  0.000e+00
      1.867      1.882    15.1311  41.280663    33.3983    222.410     0.9447      8.238    91.1738 1.0000e-12 -0.4985162    24.7089  0.000e+00
      1.525      1.537    15.1312  41.280727    33.3985    222.107     0.9373      8.238    91.6386 1.0000e-12 -0.4985162    24.7090  0.000e+00
      2.004      2.020    15.1310  41.280860    33.3986    221.240     0.9740      8.238    91.5870 1.0000e-12 -0.4985162    24.7091  0.000e+00
      2.123      2.141    15.1312  41.280991    33.3985    221.610     0.9447      8.238    91.4837 1.0000e-12 -0.4985162    24.7090  0.000e+00
      1.575      1.589    15.1311  41.280727    33.3985    222.439     0.9593      8.238    91.5353 1.0000e-12 -0.4985162    24.7090  0.000e+00
      1.671      1.685    15.1314  41.281054    33.3986    221.780     0.9813      8.238    91.3029 1.0000e-12 -0.4985162    24.7090  0.000e+00
      2.357      2.377    15.1312  41.281253    33.3986    220.441     0.9300      8.238    90.7865 1.0000e-12 -0.4985162    24.7091  0.000e+00
      2.446      2.467    15.1310  41.281058    33.3986    221.143     0.9447      8.238    91.4579 1.0000e-12 -0.5647556    24.7091  0.000e+00
      1.600      1.613    15.1310  41.279093    33.3971    222.994     0.9007      8.238    91.3288 1.0000e-12 -0.5978752    24.7079  0.000e+00
      1.169      1.178    15.1311  41.276542    33.3949    222.140     0.9813      8.238    89.4438 1.0000e-12 -0.4985162    24.7062  0.000e+00
      1.821      1.836    15.1311  41.280990    33.3986    220.757     0.9227      8.238    89.3663 1.0000e-12 -0.5978752    24.7091  0.000e+00
      2.328      2.347    15.1312  41.281319    33.3987    221.468     0.9080      8.238    89.7795 1.0000e-12 -0.4985162    24.7091  0.000e+00
      1.848      1.863    15.1311  41.280794    33.3985    221.163     0.9373      8.238    91.5870 1.0000e-12 -0.4985162    24.7090  0.000e+00
      1.059      1.068    15.1308  41.279679    33.3981    221.290     1.0106      8.238    86.3193 1.0000e-12 -0.5978752    24.7087  0.000e+00
      0.561      0.565    15.1304  41.279416    33.3984    222.305     1.0619      8.238    79.6573 7.6034e-02 -0.5647556    24.7090  0.000e+00
      0.030      0.030    15.1276  30.140324    23.5658    238.049     1.0106      8.238    79.0634 2.8461e-01 -0.5978752    17.1520  0.000e+00
     -0.082     -0.082    15.1072   5.485902     3.7273    270.934     0.7615      8.233    76.6620 2.1827e-01 -0.4653966     1.9570  0.000e+00
