Arg_L2_SF01_NV.cnv
* Sea-Bird SBE 9 Data File:
* FileName = S:\CTD_Data\CTD\Data\Argentina 2014\Data\Arg_L2_SF01.hex
* Software Version Seasave V 7.21g
* Temperature SN = 5769
* Conductivity SN = 4244
* Number of Bytes Per Scan = 31
* Number of Voltage Words = 4
* Number of Scans Averaged by the Deck Unit = 24
* NMEA Latitude = 45 56.52 S
* NMEA Longitude = 065 37.50 W
* NMEA UTC (Time) = Feb 06 2014 17:04:02
* NMEA baud rate = 9600
** R/V Coriolis II
** MARES project, ARGENTINA 2014
** Chief scientist : Dr. Gustavo Ferreyra
** Co-Chief scientist : Dr. José Luis Esteves
# nquan = 13
# nvalues = 552                                   
# units = specified
# name 0 = depSM: Depth [salt water, m]
# name 1 = prDM: Pressure, Digiquartz [db]
# name 2 = t090C: Temperature [ITS-90, deg C]
# name 3 = c0mS/cm: Conductivity [mS/cm]
# name 4 = sal00: Salinity, Practical [PSU]
# name 5 = sbeox0Mm/Kg: Oxygen, SBE 43 [umol/Kg]
# name 6 = flECO-AFL: Fluorescence, WET Labs ECO-AFL/FL [mg/m^3]
# name 7 = ph: pH
# name 8 = CStarTr0: Beam Transmission, WET Labs C-Star [%]
# name 9 = par: PAR/Irradiance, Biospherical/Licor
# name 10 = upoly0: Upoly 0, Nitrate
# name 11 = sigma-é00: Density [sigma-theta, Kg/m^3]
# name 12 = flag:  0.000e+00
# span 0 =     -0.339,     86.355                 
# span 1 =     -0.341,     87.088                 
# span 2 =     8.7307,    14.3107                 
# span 3 =   1.797142,  40.449279                 
# span 4 =     1.1757,    33.3594                 
# span 5 =    133.801,    274.378                 
# span 6 =    -0.3520,    22.4904                 
# span 7 =      7.523,      8.265                 
# span 8 =    47.8966,    96.4156                 
# span 9 = 1.0000e-12, 1.6171e+03                 
# span 10 = -0.6972342,  7.2846034                
# span 11 =     0.1607,    25.8769                
# span 12 = 0.0000e+00, 0.0000e+00                
# interval = seconds: 1
# start_time = Feb 06 2014 17:04:02 [NMEA time, header]
# bad_flag = -9.990e-29
*END*
      3.144      3.170    14.3107  40.449279    33.3442    219.640     0.3659      8.260    93.4720 6.7451e+02 -0.6309949    24.8429  0.000e+00
      2.805      2.828    14.3026  40.440980    33.3437    219.324     0.3659      8.260    93.6011 7.8290e+02 -0.6309949    24.8442  0.000e+00
      2.851      2.875    14.3013  40.439878    33.3439    218.988     0.3659      8.260    93.6011 8.2818e+02 -0.6309949    24.8446  0.000e+00
      3.199      3.226    14.3030  40.441954    33.3441    219.184     0.3439      8.260    93.6011 7.2160e+02 -0.6309949    24.8445  0.000e+00
      3.251      3.278    14.2999  40.438389    33.3435    219.738     0.3439      8.260    93.6527 6.4303e+02 -0.6309949    24.8447  0.000e+00
      3.374      3.402    14.2959  40.434824    33.3436    220.102     0.3439      8.260    93.6269 5.8605e+02 -0.6309949    24.8456  0.000e+00
      3.876      3.908    14.2942  40.433529    33.3437    219.586     0.3439      8.260    93.6269 5.3713e+02 -0.6309949    24.8460  0.000e+00
      4.704      4.743    14.2948  40.434505    33.3438    219.755     0.3366      8.260    93.4720 4.3869e+02 -0.6309949    24.8460  0.000e+00
      5.366      5.411    14.2991  40.439175    33.3441    219.605     0.3366      8.260    93.5753 4.1587e+02 -0.6309949    24.8453  0.000e+00
      5.968      6.018    14.3005  40.440474    33.3439    220.452     0.3439      8.260    93.6527 3.9313e+02 -0.6309949    24.8449  0.000e+00
      6.718      6.774    14.2989  40.438921    33.3435    220.332     0.3513      8.260    93.6011 4.0776e+02 -0.6309949    24.8450  0.000e+00
      7.416      7.477    14.2797  40.419154    33.3416    219.856     0.3732      8.260    93.6269 3.5628e+02 -0.5316359    24.8476  0.000e+00
      8.089      8.157    14.2770  40.417861    33.3425    219.392     0.4099      8.260    93.7044 2.9262e+02 -0.4985162    24.8488  0.000e+00
      8.649      8.721    14.2851  40.425705    33.3424    219.027     0.4611      8.260    93.6527 2.7584e+02 -0.4985162    24.8471  0.000e+00
      9.147      9.223    14.2827  40.423503    33.3423    220.130     0.4611      8.260    93.7044 2.4650e+02 -0.4985162    24.8475  0.000e+00
      9.780      9.861    14.2816  40.422469    33.3421    219.660     0.4758      8.260    93.7302 2.7896e+02 -0.4985162    24.8476  0.000e+00
     10.700     10.789    14.2769  40.417871    33.3415    219.661     0.5051      8.260    93.7302 2.5069e+02 -0.4985162    24.8481  0.000e+00
     11.765     11.863    14.2688  40.410617    33.3414    219.083     0.5344      8.260    93.7044 2.4650e+02 -0.5978752    24.8498  0.000e+00
     12.340     12.443    14.2697  40.411591    33.3413    219.589     0.6663      8.260    93.7044 2.0764e+02 -0.4985162    24.8495  0.000e+00
     12.326     12.428    14.2708  40.412628    33.3413    218.792     0.7029      8.260    93.6785 2.2656e+02 -0.4985162    24.8494  0.000e+00
     12.399     12.502    14.2729  40.415156    33.3418    218.737     0.6956      8.260    93.7044 2.0764e+02 -0.6309949    24.8492  0.000e+00
     13.050     13.158    14.2778  40.420538    33.3422    219.514     0.7395      8.260    93.6785 2.1477e+02 -0.4985162    24.8486  0.000e+00
     14.110     14.227    14.2793  40.422681    33.3425    218.996     0.7908      8.260    93.7044 1.8041e+02 -0.4985162    24.8485  0.000e+00
     15.275     15.402    14.2787  40.423074    33.3429    219.720     0.8421      8.260    93.7044 1.4285e+02 -0.6309949    24.8490  0.000e+00
     16.116     16.250    14.2613  40.401172    33.3374    219.335     0.9080      8.260    93.6785 1.2693e+02 -0.4985162    24.8484  0.000e+00
     16.124     16.258    14.2522  40.395406    33.3400    218.636     0.9666      8.260    93.7044 1.3811e+02 -0.4985162    24.8524  0.000e+00
     15.814     15.945    14.2832  40.426511    33.3420    218.878     0.9593      8.260    93.6785 1.5455e+02 -0.6641145    24.8474  0.000e+00
     16.062     16.196    14.2296  40.368259    33.3345    220.022     0.9007      8.260    93.6785 1.5240e+02 -0.4985162    24.8529  0.000e+00
     17.013     17.154    14.1771  40.314058    33.3296    219.946     0.9740      8.265    93.6785 1.4447e+02 -0.4985162    24.8600  0.000e+00
     18.153     18.304    14.1737  40.311990    33.3301    219.252     1.1058      8.265    93.6269 1.0753e+02 -0.6641145    24.8612  0.000e+00
     18.994     19.152    14.1823  40.322288    33.3318    219.431     1.1205      8.265    93.6269 7.9802e+01 -0.4985162    24.8608  0.000e+00
     18.740     18.896    14.1958  40.335044    33.3320    218.520     1.1351      8.260    93.6269 8.7565e+01 -0.4985162    24.8581  0.000e+00
     18.808     18.964    14.1920  40.330770    33.3314    219.234     1.1351      8.265    93.6011 9.4475e+01 -0.6309949    24.8584  0.000e+00
     19.556     19.718    14.1774  40.314650    33.3288    219.221     1.1644      8.260    93.6527 8.6342e+01 -0.4985162    24.8595  0.000e+00
     20.632     20.804    14.1344  40.268761    33.3232    218.361     1.1425      8.265    93.6011 6.5170e+01 -0.4985162    24.8641  0.000e+00
     21.732     21.913    14.0848  40.215261    33.3162    219.716     1.1058      8.261    93.5494 4.7821e+01 -0.4985162    24.8692  0.000e+00
     22.401     22.587    14.0776  40.209766    33.3171    219.465     1.1058      8.261    93.6785 5.4737e+01 -0.4985162    24.8713  0.000e+00
     22.351     22.537    14.0873  40.218627    33.3169    219.372     1.1425      8.261    93.7302 6.3719e+01 -0.4985162    24.8691  0.000e+00
     22.477     22.664    14.0870  40.218304    33.3168    219.425     1.2084      8.261    93.7044 6.4622e+01 -0.4985162    24.8692  0.000e+00
     23.126     23.319    14.0756  40.205242    33.3144    219.997     1.1644      8.261    93.7818 6.1258e+01 -0.4985162    24.8696  0.000e+00
     24.113     24.314    14.0632  40.192765    33.3132    219.583     1.1058      8.261    93.7818 4.8226e+01 -0.4985162    24.8714  0.000e+00
     25.102     25.312    14.0511  40.179060    33.3106    219.970     1.0472      8.261    93.8335 4.2014e+01 -0.4985162    24.8719  0.000e+00
     25.636     25.850    14.0282  40.154367    33.3073    219.791     1.0619      8.261    93.8335 4.4823e+01 -0.4985162    24.8741  0.000e+00
     25.863     26.079    14.0369  40.165228    33.3097    219.356     1.0912      8.261    93.8851 4.4697e+01 -0.4985162    24.8742  0.000e+00
     26.243     26.462    14.0514  40.179841    33.3106    220.049     1.1351      8.261    93.8593 4.3213e+01 -0.4985162    24.8719  0.000e+00
     26.912     27.137    14.0278  40.153273    33.3062    219.481     1.1205      8.261    93.8076 3.9491e+01 -0.4985162    24.8734  0.000e+00
     27.775     28.007    13.9793  40.102289    33.3006    219.180     1.0472      8.261    93.9368 3.3636e+01 -0.4985162    24.8791  0.000e+00
     28.624     28.863    13.9618  40.082977    33.2975    220.039     0.9886      8.261    93.8851 2.9384e+01 -0.4985162    24.8804  0.000e+00
     29.381     29.626    13.9368  40.055919    33.2938    220.027     0.9520      8.262    93.9626 2.8729e+01 -0.4985162    24.8827  0.000e+00
     30.055     30.305    13.9006  40.017248    33.2890    220.015     0.9227      8.262    94.0917 2.7386e+01 -0.4985162    24.8865  0.000e+00
     30.494     30.748    13.8714  39.985560    33.2848    220.015     0.9080      8.262    94.2724 2.7003e+01 -0.4985162    24.8893  0.000e+00
     30.824     31.082    13.8534  39.965366    33.2814    220.464     0.9593      8.257    94.4015 2.7156e+01 -0.4985162    24.8904  0.000e+00
     31.429     31.691    13.7568  39.862388    33.2693    220.787     0.9666      8.258    94.5565 2.5452e+01 -0.4985162    24.9009  0.000e+00
     32.361     32.632    13.6902  39.794421    33.2635    220.208     0.7176      8.258    94.5307 2.1555e+01 -0.4985162    24.9100  0.000e+00
     33.335     33.613    13.6585  39.762421    33.2608    219.517     0.6223      8.253    94.9180 1.8408e+01 -0.4985162    24.9144  0.000e+00
     33.859     34.142    13.6288  39.730944    33.2570    219.724     0.6150      8.254    95.2278 1.9095e+01 -0.4985162    24.9175  0.000e+00
     34.100     34.385    13.6186  39.720197    33.2557    219.680     0.6516      8.254    95.2795 1.9095e+01 -0.4985162    24.9187  0.000e+00
     34.586     34.876    13.5952  39.695940    33.2533    219.651     0.6296      8.249    95.2278 1.8048e+01 -0.4985162    24.9216  0.000e+00
     35.392     35.688    13.5528  39.653616    33.2502    219.924     0.5637      8.249    95.4602 1.6214e+01 -0.4985162    24.9278  0.000e+00
     36.351     36.655    13.5043  39.606233    33.2477    219.663     0.4831      8.249    95.4602 1.4525e+01 -0.4985162    24.9358  0.000e+00
     37.017     37.327    13.4767  39.578726    33.2457    219.656     0.4392      8.245    95.7185 1.4649e+01 -0.4653966    24.9398  0.000e+00
     37.296     37.607    13.4456  39.546922    33.2429    219.504     0.4538      8.245    95.8476 1.4773e+01 -0.4653966    24.9439  0.000e+00
     37.851     38.168    13.3805  39.482381    33.2389    219.668     0.4392      8.245    95.8992 1.3924e+01 -0.4985162    24.9540  0.000e+00
     38.790     39.114    13.3305  39.434503    33.2372    219.617     0.3439      8.241    95.8734 1.1922e+01 -0.4985162    24.9627  0.000e+00
     39.691     40.024    13.2132  39.315417    33.2273    218.942     0.3073      8.237    96.1316 1.0529e+01 -0.4985162    24.9786  0.000e+00
     40.175     40.511    12.9277  39.046353    33.2229    218.836     0.3000      8.233    96.2865 1.0649e+01 -0.4653966    25.0317  0.000e+00
     40.405     40.743    12.8514  38.975627    33.2227    217.454     0.3293      8.229    96.2865 1.0679e+01 -0.4985162    25.0466  0.000e+00
     40.924     41.267    12.6929  38.822850    33.2165    215.910     0.2853      8.220    96.2607 1.0265e+01 -0.4653966    25.0727  0.000e+00
     41.785     42.135    12.4262  38.575819    33.2154    214.502     0.2047      8.207    96.0025 9.1160e+00 -0.4985162    25.1234  0.000e+00
     42.716     43.074    12.0356  38.208009    33.2071    212.896     0.1681      8.195    96.3382 8.2806e+00 -0.4653966    25.1912  0.000e+00
     43.586     43.951    11.5977  37.799962    33.2007    210.306     0.1461      8.174    96.4156 7.9366e+00 -0.4653966    25.2675  0.000e+00
     44.289     44.660    11.1105  37.343048    33.1890    206.102     0.1315      8.152    96.2865 7.5426e+00 -0.4985162    25.3467  0.000e+00
     44.746     45.121    10.5212  36.808287    33.1903    200.989     0.1168      8.131    96.0800 7.2496e+00 -0.4653966    25.4513  0.000e+00
     45.152     45.530    10.2310  36.549527    33.1946    193.519     0.1168      8.104    95.8734 7.0273e+00  0.6937915    25.5043  0.000e+00
     45.805     46.189    10.1290  36.458378    33.1956    186.155     0.0875      8.076    95.5635 6.4550e+00  2.5816120    25.5223  0.000e+00
     46.633     47.024    10.1095  36.439229    33.1937    180.921     0.0069      8.062    94.5307 5.6181e+00  3.0121675    25.5242  0.000e+00
     47.371     47.769    10.0990  36.428040    33.1916    178.049    -0.0150      8.053    92.6457 5.1015e+00  4.5025521    25.5243  0.000e+00
     47.964     48.366    10.0889  36.418096    33.1905    176.780    -0.0150      8.048    91.1222 4.7385e+00  4.4031932    25.5252  0.000e+00
     48.564     48.971    10.0848  36.414492    33.1903    176.741    -0.0077      8.043    90.8898 4.4387e+00  3.8070393    25.5258  0.000e+00
     49.134     49.546    10.0801  36.410019    33.1899    176.673    -0.0150      8.039    90.7607 4.2053e+00  5.3967829    25.5262  0.000e+00
     49.669     50.086    10.0774  36.407100    33.1892    176.301    -0.0004      8.034    90.5283 4.0990e+00  4.4694325    25.5261  0.000e+00
     50.401     50.824    10.0725  36.403497    33.1897    176.434    -0.0077      8.034    90.7349 3.7958e+00  4.4694325    25.5274  0.000e+00
     51.295     51.726    10.0681  36.399709    33.1894    176.209    -0.0224      8.029    90.5283 3.3011e+00  4.7012701    25.5279  0.000e+00
     52.075     52.513    10.0634  36.395300    33.1889    175.620    -0.0297      8.024    90.3217 3.0738e+00  4.0388769    25.5283  0.000e+00
     52.650     53.092    10.0595  36.391449    33.1884    174.761    -0.0297      8.020    90.0119 2.9197e+00  5.1318256    25.5286  0.000e+00
     53.083     53.529    10.0569  36.389337    33.1884    174.057    -0.0224      8.015    89.6762 2.7260e+00  4.5687915    25.5290  0.000e+00
     53.522     53.972    10.0512  36.384181    33.1882    173.793    -0.0224      8.015    89.4954 2.5669e+00  3.6083214    25.5298  0.000e+00
     54.105     54.560    10.0315  36.367470    33.1891    173.749    -0.0224      8.010    89.3147 2.3352e+00  3.6083214    25.5338  0.000e+00
     54.876     55.337    10.0119  36.353061    33.1921    173.443    -0.0370      8.006    88.9790 2.0110e+00  4.6350308    25.5395  0.000e+00
     55.729     56.198    10.0057  36.351076    33.1954    172.392    -0.0297      8.001    88.4884 1.7309e+00  4.8999880    25.5431  0.000e+00
     56.457     56.932    10.0040  36.353067    33.1987    170.892    -0.0297      7.996    88.3334 1.5916e+00  4.6681504    25.5460  0.000e+00
     56.966     57.445     9.9981  36.351951    33.2028    170.096    -0.0297      7.996    88.5142 1.5238e+00  4.3369538    25.5502  0.000e+00
     57.481     57.965     9.9864  36.344935    33.2061    169.587    -0.0224      7.992    88.7208 1.4295e+00  3.5420821    25.5547  0.000e+00
     58.254     58.745     9.9615  36.328294    33.2118    168.864    -0.0297      7.987    88.8757 1.2466e+00  3.6083214    25.5633  0.000e+00
     59.096     59.593     9.9235  36.298556    33.2161    167.759    -0.0370      7.983    89.2372 1.0799e+00  4.1051162    25.5730  0.000e+00
     59.450     59.950     9.9021  36.281425    33.2182    166.152    -0.0370      7.978    89.8053 1.0704e+00  4.8999880    25.5782  0.000e+00
     59.586     60.088     9.8996  36.278197    33.2171    164.309    -0.0297      7.978    88.6175 1.0736e+00  3.9726376    25.5778  0.000e+00
     60.263     60.771     9.8769  36.260513    33.2198    162.810    -0.0224      7.973    89.4696 9.8865e-01  4.0388769    25.5837  0.000e+00
     61.333     61.849     9.8916  36.287392    33.2331    162.309    -0.0370      7.969    90.0377 7.6591e-01  4.4694325    25.5917  0.000e+00
     62.397     62.923     9.9078  36.310801    33.2415    162.240    -0.0297      7.968    90.0635 5.9280e-01  5.0987060    25.5956  0.000e+00
     62.673     63.201     9.9173  36.323284    33.2453    161.217    -0.0297      7.964    89.5471 6.7928e-01  3.9726376    25.5970  0.000e+00
     62.565     63.093     9.9103  36.313037    33.2415    159.986    -0.0224      7.964    88.5658 6.9166e-01  3.8070393    25.5951  0.000e+00
     62.969     63.500     9.9164  36.323595    33.2464    159.841    -0.0224      7.964    89.1597 6.6310e-01  3.6414410    25.5979  0.000e+00
     63.821     64.359     9.9245  36.340181    33.2554    160.126    -0.0224      7.964    90.2701 5.5773e-01  3.5089624    25.6037  0.000e+00
     64.762     65.308     9.9319  36.354223    33.2625    159.450    -0.0224      7.959    90.4508 4.7528e-01  3.5752017    25.6080  0.000e+00
     65.459     66.011     9.9477  36.373733    33.2675    158.909    -0.0224      7.959    90.6058 4.6652e-01  3.9395179    25.6093  0.000e+00
     65.902     66.457     9.9594  36.387157    33.2701    159.077    -0.0077      7.959    90.7090 4.4525e-01  3.0121675    25.6094  0.000e+00
     66.327     66.886     9.9701  36.399774    33.2729    158.550     0.0069      7.959    90.9414 4.1174e-01  2.5816120    25.6097  0.000e+00
     66.897     67.461     9.9627  36.397850    33.2775    158.683     0.0143      7.959    91.1222 3.7452e-01  3.2108855    25.6146  0.000e+00
     67.722     68.293     9.8926  36.340944    33.2839    158.876     0.0289      7.959    91.2771 3.2112e-01  3.1777658    25.6313  0.000e+00
     68.630     69.210     9.7765  36.249818    33.2977    158.252     0.0289      7.945    91.5353 2.8088e-01  2.8465692    25.6613  0.000e+00
