Arg_L2_SF12_NV.cnv
* Sea-Bird SBE 9 Data File:
* FileName = S:\CTD_Data\CTD\Data\Argentina 2014\Data\Arg_L2_SF12.hex
* Software Version Seasave V 7.21g
* Temperature SN = 5769
* Conductivity SN = 4244
* Number of Bytes Per Scan = 31
* Number of Voltage Words = 4
* Number of Scans Averaged by the Deck Unit = 24
* NMEA Latitude = 45 56.74 S
* NMEA Longitude = 065 33.65 W
* NMEA UTC (Time) = Feb 08 2014 00:05:33
* NMEA baud rate = 9600
** R/V Coriolis II
** MARES project, ARGENTINA 2014
** Chief scientist : Dr. Gustavo Ferreyra
** Co-Chief scientist : Dr. José Luis Esteves
# nquan = 13
# nvalues = 476                                   
# units = specified
# name 0 = depSM: Depth [salt water, m]
# name 1 = prDM: Pressure, Digiquartz [db]
# name 2 = t090C: Temperature [ITS-90, deg C]
# name 3 = c0mS/cm: Conductivity [mS/cm]
# name 4 = sal00: Salinity, Practical [PSU]
# name 5 = sbeox0Mm/Kg: Oxygen, SBE 43 [umol/Kg]
# name 6 = flECO-AFL: Fluorescence, WET Labs ECO-AFL/FL [mg/m^3]
# name 7 = ph: pH
# name 8 = CStarTr0: Beam Transmission, WET Labs C-Star [%]
# name 9 = par: PAR/Irradiance, Biospherical/Licor
# name 10 = upoly0: Upoly 0, Nitrate
# name 11 = sigma-é00: Density [sigma-theta, Kg/m^3]
# name 12 = flag:  0.000e+00
# span 0 =     -0.299,     86.695                 
# span 1 =     -0.301,     87.431                 
# span 2 =     9.4301,    13.8802                 
# span 3 =   2.566884,  39.929216                 
# span 4 =     1.7301,    33.2893                 
# span 5 =    137.557,    281.947                 
# span 6 =    -0.1249,     1.1937                 
# span 7 =      7.824,      8.211                 
# span 8 =    52.4929,    97.2936                 
# span 9 = 1.0000e-12, 7.5454e-01                 
# span 10 = -0.7303538,  3.3433641                
# span 11 =     0.6469,    25.7117                
# span 12 = 0.0000e+00, 0.0000e+00                
# interval = seconds: 1
# start_time = Feb 08 2014 00:05:33 [NMEA time, header]
# bad_flag = -9.990e-29
*END*
[from data line 445]
      1.908      1.924    13.8597  39.904039    33.2307    221.426     1.0106      8.211    94.4790 7.2583e-02 -0.6309949    24.8491  0.000e+00
      1.995      2.012    13.8584  39.903330    33.2312    221.634     1.0399      8.211    94.2724 9.0463e-02 -0.6309949    24.8497  0.000e+00
      1.536      1.549    13.8597  39.904360    33.2311    222.517     1.0399      8.211    94.3499 8.5854e-02 -0.5978752    24.8494  0.000e+00
      1.231      1.241    13.8591  39.903714    33.2312    221.809     0.9300      8.211    94.2983 9.1640e-02 -0.5978752    24.8496  0.000e+00
      1.458      1.470    13.8613  39.905649    33.2310    222.107     0.9959      8.211    94.4532 6.2167e-02 -0.6309949    24.8489  0.000e+00
      1.049      1.058    13.8614  39.905712    33.2311    221.794     1.0252      8.211    94.4015 9.3623e-02 -0.6309949    24.8490  0.000e+00
      0.912      0.920    13.8603  39.903583    33.2302    221.747     0.9666      8.211    94.4790 1.3557e-01 -0.5978752    24.8486  0.000e+00
      1.122      1.132    13.8626  39.906808    33.2311    221.440     0.9959      8.211    94.3241 1.3505e-01 -0.5978752    24.8488  0.000e+00
      0.793      0.799    13.8621  39.906291    33.2312    222.986     0.9813      8.211    93.4978 1.0788e-01 -0.5978752    24.8489  0.000e+00
      0.562      0.566    13.8633  39.907580    33.2314    221.621     0.9740      8.211    92.0001 1.2649e-01 -0.5978752    24.8488  0.000e+00
      0.784      0.791    13.8646  39.908612    33.2312    221.673     0.9959      8.211    92.5682 1.5460e-01 -0.5316359    24.8484  0.000e+00
      0.759      0.765    13.8642  39.908483    33.2314    221.973     1.0472      8.211    93.6785 2.2053e-01 -0.4653966    24.8486  0.000e+00
      0.004      0.004    13.8605  34.180752    27.9776    230.340     1.0326      8.211    90.0119 2.5853e-01 -0.4653966    20.7951  0.000e+00
     -0.285     -0.287    13.7685   5.567890     3.9186    281.947     0.8274      8.211    61.8920 2.6287e-01 -0.4653966     2.3085  0.000e+00
     -0.285     -0.287    13.7609   6.003697     4.2481    262.327     0.4465      8.211    82.7301 2.4668e-01 -0.4653966     2.5636  0.000e+00
     -0.278     -0.280    13.7700   4.369963     3.0264    245.642    -0.1249      8.211    82.8334 2.8554e-01 -0.4653966     1.6203  0.000e+00
     -0.275     -0.277    13.7737   3.595506     2.4593    240.747    -0.1249      8.206    86.2935 2.9993e-01 -0.4653966     1.1821  0.000e+00
     -0.275     -0.277    13.7700   3.199672     2.1734    232.197    -0.1249      8.206    86.3193 2.8367e-01 -0.4653966     0.9618  0.000e+00
     -0.269     -0.272    13.7589   3.292150     2.2406    225.465    -0.1249      8.197    84.4085 2.7996e-01 -0.4653966     1.0153  0.000e+00
     -0.279     -0.281    13.7411   2.921777     1.9754    223.025    -0.1249      8.179    84.0987 3.1596e-01 -0.4653966     0.8129  0.000e+00
     -0.275     -0.277    13.7048   6.500683     4.6321    219.170    -0.1249      8.170    83.4273 3.0786e-01 -0.4653966     2.8676  0.000e+00
     -0.278     -0.280    13.6207   4.048876     2.8011    221.309    -0.1176      8.161    83.5822 2.9507e-01 -0.4653966     1.4677  0.000e+00
     -0.281     -0.283    13.5708   2.566884     1.7301    219.674    -0.1249      8.147    81.7231 3.4031e-01 -0.4653966     0.6469  0.000e+00
     -0.286     -0.289    13.5403   3.372566     2.3117    215.351    -0.1176      8.133    89.6245 4.0788e-01 -0.4653966     1.1009  0.000e+00
     -0.271     -0.273    13.5299   6.033784     4.2964    212.217    -0.1249      8.128    90.0893 3.4250e-01 -0.4653966     2.6342  0.000e+00
     -0.264     -0.266    13.5337  14.290225    10.8671    212.660    -0.1249      8.100    89.3921 6.4923e-01 -0.4653966     7.6903  0.000e+00
     -0.286     -0.289    13.5497  24.795385    19.8028    220.030    -0.1176      8.063    88.6433 7.5454e-01 -0.4653966    14.5582  0.000e+00
     -0.290     -0.293    13.5359  33.028468    27.1642    218.573    -0.1249      8.045    87.8686 5.6115e-01 -0.4653966    20.2307  0.000e+00
     -0.297     -0.300    13.6561  28.129078    22.6829    224.159    -0.1249      8.035    87.4297 4.9325e-01 -0.4653966    16.7555  0.000e+00
     -0.299     -0.301    13.7973  31.333750    25.4538    225.505    -0.1249      8.025    83.7630 4.9478e-01 -0.4653966    18.8626  0.000e+00
     -0.295     -0.297    13.8036  31.489805    25.5897    233.520    -0.1176      8.020    83.9179 4.9631e-01 -0.4653966    18.9661  0.000e+00
