Arg_L1_t2_NV.cnv
* Sea-Bird SBE 9 Data File:
* FileName = S:\CTD_Data\CTD\Data\Argentina 2014\Data\Arg_L1_t2.hex
* Software Version Seasave V 7.21g
* Temperature SN = 5769
* Conductivity SN = 4244
* Number of Bytes Per Scan = 31
* Number of Voltage Words = 4
* Number of Scans Averaged by the Deck Unit = 24
* NMEA Latitude = 45 58.70 S
* NMEA Longitude = 058 35.68 W
* NMEA UTC (Time) = Feb 02 2014 19:05:52
* NMEA baud rate = 9600
** R/V Coriolis II
** MARES project, ARGENTINA 2014
** Chief scientist : Dr. Gustavo Ferreyra
** Co-Chief scientist : Dr. José Luis Esteves
# nquan = 12
# nvalues = 2658                                  
# units = specified
# name 0 = depSM: Depth [salt water, m]
# name 1 = prDM: Pressure, Digiquartz [db]
# name 2 = t090C: Temperature [ITS-90, deg C]
# name 3 = c0mS/cm: Conductivity [mS/cm]
# name 4 = sal00: Salinity, Practical [PSU]
# name 5 = sbeox0Mm/Kg: Oxygen, SBE 43 [umol/Kg]
# name 6 = flECO-AFL: Fluorescence, WET Labs ECO-AFL/FL [mg/m^3]
# name 7 = ph: pH
# name 8 = CStarTr0: Beam Transmission, WET Labs C-Star [%]
# name 9 = upoly0: Upoly 0, Nitrate
# name 10 = sigma-é00: Density [sigma-theta, Kg/m^3]
# name 11 = flag:  0.000e+00
# span 0 =     -0.266,    600.236                 
# span 1 =     -0.268,    606.089                 
# span 2 =     2.9670,    13.2458                 
# span 3 =   4.310912,  39.756961                 
# span 4 =     3.0754,    34.2438                 
# span 5 =    181.828,    276.912                 
# span 6 =    -0.1762,    29.3549                 
# span 7 =      6.764,      8.299                 
# span 8 =    25.1735,    99.6950                 
# span 9 = -0.6309949,  62.991868                 
# span 10 =     1.8181,    27.2879                
# span 11 = 0.0000e+00, 0.0000e+00                
# interval = seconds: 1
# start_time = Feb 02 2014 19:05:52 [NMEA time, header]
# bad_flag = -9.990e-29
*END*
[from data line 843]
    424.572    428.529     3.2651  31.382681    34.1424    210.322    -0.1176      8.045    99.5917  17.352979    27.1786  0.000e+00
    424.225    428.178     3.2651  31.382386    34.1422    209.428    -0.1176      8.045    99.5917  17.452338    27.1785  0.000e+00
    424.184    428.136     3.2649  31.382093    34.1422    209.226    -0.1176      8.045    99.5917  17.584817    27.1785  0.000e+00
    424.893    428.853     3.2645  31.382212    34.1423    210.207    -0.1249      8.045    99.5917  17.485458    27.1787  0.000e+00
    425.956    429.927     3.2633  31.381981    34.1427    210.039    -0.1176      8.045    99.5917  16.723706    27.1791  0.000e+00
    426.971    430.953     3.2616  31.381280    34.1431    209.394    -0.1176      8.045    99.6175  17.121142    27.1796  0.000e+00
    427.765    431.754     3.2613  31.381752    34.1435    209.214    -0.1176      8.045    99.5917  17.485458    27.1799  0.000e+00
    428.371    432.368     3.2608  31.381637    34.1436    209.031    -0.1176      8.045    99.5917  17.021783    27.1800  0.000e+00
    428.719    432.719     3.2603  31.381227    34.1435    209.524    -0.1103      8.045    99.5659  17.452338    27.1800  0.000e+00
    428.893    432.895     3.2602  31.381286    34.1435    209.327    -0.1176      8.045    99.5917  17.518578    27.1801  0.000e+00
    429.266    433.271     3.2597  31.380994    34.1435    208.657    -0.1176      8.045    99.5917  17.253621    27.1801  0.000e+00
    430.049    434.062     3.2581  31.380293    34.1439    209.167    -0.1176      8.045    99.6175  16.823065    27.1805  0.000e+00
    431.150    435.175     3.2567  31.380061    34.1445    209.002    -0.1176      8.045    99.6175  18.180971    27.1811  0.000e+00
    432.099    436.133     3.2553  31.379419    34.1447    209.035    -0.1176      8.045    99.5917  17.882894    27.1814  0.000e+00
    432.508    436.547     3.2548  31.379479    34.1451    208.846    -0.1030      8.040    99.5917  17.518578    27.1818  0.000e+00
    432.885    436.928     3.2575  31.382648    34.1458    208.841    -0.1103      8.040    99.5917  17.021783    27.1822  0.000e+00
    433.710    437.762     3.2610  31.386405    34.1462    208.641    -0.1176      8.040    99.6175  15.995074    27.1822  0.000e+00
    434.545    438.605     3.2614  31.387347    34.1465    207.977    -0.1176      8.040    99.5917  16.193791    27.1823  0.000e+00
    434.905    438.969     3.2626  31.388580    34.1465    208.462    -0.1176      8.040    99.6175  16.723706    27.1823  0.000e+00
    435.213    439.280     3.2629  31.389050    34.1467    208.266    -0.1176      8.040    99.5917  17.352979    27.1823  0.000e+00
    435.954    440.028     3.2624  31.388935    34.1466    207.605    -0.1103      8.040    99.6175  17.121142    27.1824  0.000e+00
    436.846    440.930     3.2675  31.394805    34.1479    208.081    -0.1103      8.040    99.6175  17.121142    27.1829  0.000e+00
    437.594    441.686     3.2713  31.398856    34.1484    207.877    -0.1249      8.040    99.6175  17.419219    27.1830  0.000e+00
    438.196    442.294     3.2682  31.396393    34.1483    207.911    -0.1176      8.040    99.6175  17.816655    27.1832  0.000e+00
    438.767    442.871     3.2641  31.393109    34.1484    207.746    -0.1103      8.040    99.6175  17.849774    27.1836  0.000e+00
    439.398    443.509     3.2675  31.397277    34.1494    207.058    -0.1176      8.040    99.6175  16.823065    27.1842  0.000e+00
    440.143    444.262     3.2698  31.399568    34.1494    206.863    -0.1249      8.040    99.5917  17.419219    27.1840  0.000e+00
    440.986    445.113     3.2565  31.387836    34.1488    206.757    -0.1176      8.040    99.5917  17.916014    27.1847  0.000e+00
    441.731    445.867     3.2471  31.379449    34.1482    206.627    -0.1176      8.040    99.6175  17.783535    27.1851  0.000e+00
    442.156    446.295     3.2314  31.365666    34.1478    207.208    -0.1249      8.040    99.6175  17.220501    27.1862  0.000e+00
    442.557    446.700     3.2256  31.359978    34.1469    207.050    -0.1176      8.040    99.6175  17.452338    27.1860  0.000e+00
    443.137    447.286     3.2192  31.354701    34.1469    207.788    -0.1176      8.040    99.6175  17.551697    27.1866  0.000e+00
    443.962    448.120     3.2155  31.352182    34.1472    208.315    -0.1176      8.040    99.6175  17.352979    27.1872  0.000e+00
    444.919    449.088     3.2151  31.353769    34.1491    208.545    -0.1176      8.040    99.5917  17.286740    27.1888  0.000e+00
    445.803    449.981     3.2161  31.356293    34.1507    208.562    -0.1176      8.040    99.6175  18.015373    27.1899  0.000e+00
    446.631    450.818     3.2152  31.356120    34.1509    208.105    -0.1249      8.040    99.6175  18.081612    27.1902  0.000e+00
    447.460    451.655     3.2129  31.354891    34.1514    208.140    -0.1249      8.040    99.5917  17.088022    27.1908  0.000e+00
    447.899    452.099     3.2127  31.354717    34.1511    207.465    -0.1249      8.040    99.4626  17.286740    27.1906  0.000e+00
    447.768    451.967     3.2153  31.356710    34.1509    206.760    -0.1176      8.040    99.6175  17.286740    27.1902  0.000e+00
    447.892    452.092     3.2147  31.356007    34.1507    206.564    -0.1103      8.040    99.6175  17.452338    27.1901  0.000e+00
    448.745    452.954     3.2116  31.354895    34.1520    206.398    -0.1103      8.040    99.6175  17.551697    27.1915  0.000e+00
    449.859    454.079     3.2078  31.353022    34.1532    206.933    -0.1176      8.035    99.6175  17.121142    27.1927  0.000e+00
    450.915    455.146     3.2067  31.353436    34.1543    206.763    -0.1176      8.035    99.6175  17.518578    27.1937  0.000e+00
    451.764    456.005     3.2028  31.350800    34.1548    206.117    -0.1176      8.040    99.6434  17.419219    27.1945  0.000e+00
    451.745    455.985     3.2051  31.352442    34.1543    205.901    -0.1249      8.035    99.6434  17.452338    27.1939  0.000e+00
    452.242    456.487     3.2035  31.351388    34.1545    205.720    -0.1249      8.035    99.6175  18.545287    27.1942  0.000e+00
    453.257    457.513     3.2119  31.361478    34.1573    205.493    -0.1249      8.035    99.6175  16.789945    27.1956  0.000e+00
    454.295    458.562     3.2035  31.355851    34.1588    205.361    -0.1249      8.035    99.6175  16.955544    27.1977  0.000e+00
    455.155    459.430     3.1986  31.352570    34.1594    205.206    -0.1249      8.035    99.6175  17.319860    27.1986  0.000e+00
    455.795    460.078     3.2092  31.364008    34.1618    204.959    -0.1176      8.035    99.6175  17.187381    27.1996  0.000e+00
    456.398    460.687     3.2254  31.379965    34.1637    203.991    -0.1176      8.035    99.6175  17.750415    27.1995  0.000e+00
    456.632    460.923     3.2209  31.376036    34.1635    203.128    -0.1249      8.035    99.6175  18.180971    27.1998  0.000e+00
    456.672    460.963     3.2267  31.381726    34.1643    202.690    -0.1249      8.035    99.6434  18.479048    27.1999  0.000e+00
    457.201    461.498     3.2377  31.393520    34.1667    202.234    -0.1176      8.035    99.6175  18.445928    27.2008  0.000e+00
    458.212    462.520     3.2507  31.407019    34.1687    202.470    -0.1176      8.035    99.6175  17.518578    27.2013  0.000e+00
    459.273    463.592     3.2598  31.417117    34.1708    202.040    -0.1249      8.030    99.6175  19.042082    27.2021  0.000e+00
    460.288    464.618     3.2699  31.428331    34.1732    201.117    -0.1176      8.030    99.6175  19.273920    27.2030  0.000e+00
    460.911    465.248     3.2713  31.430152    34.1735    200.719    -0.1176      8.030    99.6175  18.479048    27.2032  0.000e+00
    460.892    465.228     3.2640  31.422756    34.1723    200.351    -0.1176      8.030    99.6175  17.717296    27.2028  0.000e+00
    461.386    465.728     3.2702  31.429508    34.1737    199.922    -0.1176      8.030    99.5917  17.584817    27.2034  0.000e+00
    462.267    466.618     3.2729  31.431800    34.1731    199.525    -0.1030      8.030    99.6175  17.982253    27.2027  0.000e+00
    463.291    467.652     3.2730  31.433740    34.1748    199.141    -0.1103      8.030    99.6434  18.479048    27.2040  0.000e+00
    464.138    468.508     3.2709  31.433508    34.1762    199.453    -0.1176      8.030    99.6175  17.352979    27.2054  0.000e+00
    464.672    469.048     3.2702  31.433451    34.1767    199.753    -0.1103      8.030    99.6434  18.280330    27.2058  0.000e+00
    465.391    469.775     3.2679  31.432456    34.1775    198.890    -0.1176      8.030    99.6175  18.512168    27.2067  0.000e+00
    466.262    470.655     3.2652  31.431343    34.1784    198.721    -0.1176      8.030    99.6434  18.578407    27.2077  0.000e+00
    467.033    471.434     3.2584  31.426004    34.1788    198.369    -0.1103      8.030    99.5917  18.975843    27.2086  0.000e+00
    467.525    471.932     3.2563  31.424773    34.1793    198.188    -0.1103      8.030    99.6175  19.008962    27.2092  0.000e+00
    467.896    472.306     3.2564  31.425303    34.1796    198.480    -0.1176      8.026    99.6434  18.876484    27.2094  0.000e+00
    468.494    472.910     3.2582  31.427652    34.1802    198.281    -0.1176      8.026    99.6175  18.777125    27.2098  0.000e+00
    469.394    473.820     3.2591  31.429123    34.1805    198.096    -0.1176      8.026    99.6175  18.744005    27.2099  0.000e+00
    470.210    474.644     3.2598  31.430299    34.1808    197.909    -0.1103      8.026    99.6434  19.704475    27.2101  0.000e+00
    470.591    475.029     3.2599  31.430183    34.1804    197.716    -0.1176      8.026    99.6434  18.280330    27.2097  0.000e+00
    471.163    475.608     3.2568  31.427954    34.1806    197.543    -0.1176      8.026    99.6434  17.617937    27.2102  0.000e+00
    471.932    476.385     3.2512  31.423378    34.1806    197.388    -0.1176      8.026    99.6175  18.445928    27.2107  0.000e+00
    472.787    477.249     3.2451  31.418685    34.1809    197.930    -0.1176      8.026    99.6434  17.352979    27.2115  0.000e+00
    473.750    478.222     3.2406  31.416047    34.1819    197.773    -0.1176      8.026    99.6434  17.651056    27.2127  0.000e+00
    474.607    479.088     3.2334  31.410299    34.1821    197.833    -0.1176      8.026    99.6175  18.048492    27.2136  0.000e+00
    474.847    479.330     3.2344  31.411532    34.1824    197.630    -0.1176      8.026    99.6434  18.512168    27.2137  0.000e+00
    474.727    479.210     3.2422  31.417342    34.1812    196.895    -0.1176      8.026    99.6434  18.379689    27.2121  0.000e+00
    475.068    479.554     3.2307  31.407659    34.1815    197.453    -0.1176      8.026    99.6434  18.379689    27.2133  0.000e+00
    475.953    480.448     3.2278  31.406606    34.1828    197.978    -0.1176      8.026    99.6434  18.379689    27.2147  0.000e+00
    477.010    481.517     3.2301  31.409720    34.1835    197.300    -0.1103      8.026    99.6434  18.346569    27.2151  0.000e+00
    478.010    482.527     3.2238  31.405615    34.1847    196.664    -0.1249      8.026    99.6434  18.180971    27.2166  0.000e+00
    479.036    483.565     3.2243  31.407203    34.1855    197.176    -0.1249      8.026    99.6434  17.982253    27.2172  0.000e+00
    479.166    483.696     3.2251  31.407672    34.1852    196.972    -0.1176      8.026    99.6434  18.180971    27.2169  0.000e+00
    478.599    483.123     3.2279  31.408551    34.1836    196.252    -0.1176      8.021    99.6434  18.346569    27.2154  0.000e+00
    478.903    483.430     3.2286  31.409080    34.1833    196.746    -0.1176      8.021    99.6434  18.015373    27.2151  0.000e+00
    479.915    484.452     3.2257  31.408379    34.1850    196.580    -0.1176      8.021    99.6434  18.909603    27.2167  0.000e+00
    481.017    485.566     3.2240  31.408441    34.1863    196.616    -0.1176      8.021    99.6175  18.909603    27.2178  0.000e+00
    481.968    486.528     3.2230  31.408620    34.1870    196.441    -0.1176      8.021    99.6434  18.644646    27.2185  0.000e+00
    482.952    487.522     3.2244  31.411323    34.1883    196.457    -0.1176      8.021    99.6434  17.982253    27.2194  0.000e+00
    483.312    487.886     3.2250  31.411970    34.1882    196.259    -0.1176      8.021    99.6434  19.075202    27.2193  0.000e+00
    483.666    488.243     3.2240  31.411149    34.1881    195.580    -0.1176      8.021    99.6434  19.340159    27.2193  0.000e+00
    484.426    489.012     3.2156  31.405401    34.1896    195.436    -0.1176      8.021    99.6434  19.207680    27.2213  0.000e+00
    485.288    489.883     3.2139  31.404640    34.1900    195.262    -0.1176      8.021    99.6692  18.445928    27.2218  0.000e+00
    485.910    490.512     3.2047  31.397132    34.1903    195.121    -0.1249      8.021    99.6434  18.445928    27.2229  0.000e+00
    486.382    490.988     3.2023  31.395138    34.1901    194.941    -0.1103      8.021    99.6434  18.479048    27.2230  0.000e+00
    487.081    491.694     3.1964  31.390446    34.1903    194.785    -0.1176      8.021    99.6434  18.545287    27.2237  0.000e+00
    487.866    492.489     3.1948  31.389686    34.1907    195.305    -0.1176      8.021    99.6434  18.677766    27.2241  0.000e+00
    488.466    493.095     3.1946  31.389747    34.1906    195.117    -0.1103      8.021    99.6434  18.710885    27.2241  0.000e+00
    488.944    493.578     3.1942  31.389748    34.1908    194.434    -0.1176      8.021    99.6434  18.346569    27.2242  0.000e+00
    489.600    494.241     3.1889  31.385702    34.1911    194.970    -0.1249      8.021    99.6434  18.180971    27.2250  0.000e+00
    490.464    495.114     3.1869  31.384884    34.1918    194.798    -0.1249      8.021    99.6434  18.081612    27.2258  0.000e+00
    491.413    496.073     3.1870  31.385414    34.1918    194.124    -0.1249      8.021    99.6434  18.346569    27.2258  0.000e+00
    492.164    496.832     3.1858  31.384713    34.1919    194.643    -0.1176      8.016    99.6434  17.882894    27.2259  0.000e+00
    492.338    497.008     3.1858  31.384772    34.1918    194.442    -0.1103      8.016    99.6692  18.313450    27.2258  0.000e+00
    492.325    496.995     3.1874  31.385945    34.1916    193.737    -0.1249      8.021    99.6692  18.843364    27.2255  0.000e+00
    492.739    497.414     3.1843  31.383835    34.1920    194.256    -0.1103      8.021    99.6692  18.180971    27.2262  0.000e+00
    493.665    498.350     3.1832  31.383427    34.1922    194.779    -0.1176      8.016    99.6434  18.710885    27.2264  0.000e+00
    494.695    499.390     3.1836  31.384603    34.1927    194.104    -0.1249      8.016    99.6434  18.777125    27.2268  0.000e+00
    495.737    500.444     3.1836  31.385252    34.1928    194.131    -0.1249      8.016    99.6434  18.744005    27.2269  0.000e+00
    496.326    501.039     3.1832  31.385254    34.1929    193.943    -0.1249      8.016    99.6692  18.677766    27.2270  0.000e+00
    496.339    501.052     3.1836  31.385312    34.1926    193.942    -0.1176      8.016    99.6692  18.313450    27.2268  0.000e+00
    496.631    501.347     3.1828  31.385137    34.1931    194.447    -0.1176      8.016    99.6692  18.744005    27.2272  0.000e+00
    497.332    502.056     3.1818  31.385374    34.1940    193.770    -0.1176      8.016    99.6692  18.942723    27.2280  0.000e+00
    498.209    502.941     3.1812  31.385494    34.1944    193.796    -0.1176      8.016    99.6692  18.744005    27.2284  0.000e+00
    499.169    503.912     3.1819  31.386905    34.1948    194.311    -0.1176      8.016    99.6692  19.936313    27.2287  0.000e+00
    500.062    504.815     3.1855  31.391485    34.1960    194.313    -0.1176      8.016    99.6175  18.710885    27.2293  0.000e+00
