Arg_L2_F3_NV.cnv
* Sea-Bird SBE 9 Data File:
* FileName = S:\CTD_Data\CTD\Data\Argentina 2014\Data\Arg_L2_F3.hex
* Software Version Seasave V 7.21g
* Temperature SN = 5769
* Conductivity SN = 4244
* Number of Bytes Per Scan = 31
* Number of Voltage Words = 4
* Number of Scans Averaged by the Deck Unit = 24
* NMEA Latitude = 46 35.91 S
* NMEA Longitude = 065 44.19 W
* NMEA UTC (Time) = Feb 06 2014 00:16:20
* NMEA baud rate = 9600
** R/V Coriolis II
** MARES project, ARGENTINA 2014
** Chief scientist : Dr. Gustavo Ferreyra
** Co-Chief scientist : Dr. José Luis Esteves
# nquan = 13
# nvalues = 703                                   
# units = specified
# name 0 = depSM: Depth [salt water, m]
# name 1 = prDM: Pressure, Digiquartz [db]
# name 2 = t090C: Temperature [ITS-90, deg C]
# name 3 = c0mS/cm: Conductivity [mS/cm]
# name 4 = sal00: Salinity, Practical [PSU]
# name 5 = sbeox0Mm/Kg: Oxygen, SBE 43 [umol/Kg]
# name 6 = flECO-AFL: Fluorescence, WET Labs ECO-AFL/FL [mg/m^3]
# name 7 = ph: pH
# name 8 = CStarTr0: Beam Transmission, WET Labs C-Star [%]
# name 9 = par: PAR/Irradiance, Biospherical/Licor
# name 10 = upoly0: Upoly 0, Nitrate
# name 11 = sigma-é00: Density [sigma-theta, Kg/m^3]
# name 12 = flag:  0.000e+00
# span 0 =     -0.308,     85.281                 
# span 1 =     -0.310,     86.010                 
# span 2 =    12.2702,    12.4991                 
# span 3 =   6.016962,  38.509709                 
# span 4 =     4.4206,    33.0923                 
# span 5 =    180.413,    263.320                 
# span 6 =    -0.1249,     0.3732                 
# span 7 =      8.161,      8.170                 
# span 8 =    69.1479,    90.2442                 
# span 9 = 1.0000e-12, 4.1957e-01                 
# span 10 = -0.7634735,  2.0516974                
# span 11 =     2.8936,    25.0224                
# span 12 = 0.0000e+00, 0.0000e+00                
# interval = seconds: 1
# start_time = Feb 06 2014 00:16:20 [NMEA time, header]
# bad_flag = -9.990e-29
*END*
      2.319      2.338    12.4543  38.456090    33.0923    196.527     0.1901      8.165    85.5705 1.1324e-01  1.8860991    25.0216  0.000e+00
      2.794      2.817    12.4551  38.456727    33.0919    198.038     0.1535      8.165    85.3381 1.0100e-01  1.8860991    25.0211  0.000e+00
      2.570      2.591    12.4557  38.456726    33.0916    200.660     0.1828      8.165    85.5705 9.3224e-02  1.5549026    25.0207  0.000e+00
      2.036      2.053    12.4580  38.456787    33.0898    203.136     0.1901      8.165    85.6480 9.9744e-02  1.2568256    25.0189  0.000e+00
      2.050      2.067    12.4542  37.775354    32.4408    204.797     0.1974      8.165    85.4156 1.0312e-01  1.9192188    24.5165  0.000e+00
      2.523      2.544    12.4535  38.291492    32.9351    200.235     0.1901      8.165    85.3898 8.7755e-02  1.6211419    24.8999  0.000e+00
      2.706      2.729    12.4534  38.294663    32.9382    194.024     0.1974      8.165    85.5447 8.4725e-02  1.2568256    24.9023  0.000e+00
      2.565      2.587    12.4549  38.298151    32.9402    187.971     0.2194      8.165    85.6222 8.2497e-02  0.9256291    24.9035  0.000e+00
      2.406      2.426    12.4573  38.288763    32.9292    184.075     0.2121      8.165    85.6996 8.8139e-02  1.1905863    24.8946  0.000e+00
      2.413      2.433    12.4582  38.289968    32.9296    183.752     0.2267      8.165    85.5705 8.4351e-02  1.4224239    24.8947  0.000e+00
      2.664      2.686    12.4561  38.295044    32.9362    183.217     0.1901      8.165    85.6480 7.9225e-02  1.4555436    24.9002  0.000e+00
      2.666      2.688    12.4583  38.136103    32.7821    180.413     0.1828      8.165    86.1644 7.4642e-02  1.4224239    24.7803  0.000e+00
      2.432      2.452    12.4516  38.424520    33.0643    185.725     0.2121      8.165    86.5259 8.1763e-02  1.2899453    25.0004  0.000e+00
      2.494      2.515    12.4521  38.451262    33.0895    203.273     0.1974      8.165    86.0869 8.1033e-02  1.5549026    25.0198  0.000e+00
      3.272      3.299    12.4532  38.452663    33.0895    216.927     0.1754      8.165    85.9837 5.9403e-02  1.3230650    25.0196  0.000e+00
      4.200      4.235    12.4509  38.451078    33.0897    224.369     0.1461      8.165    85.3123 4.0630e-02  1.1574667    25.0202  0.000e+00
      4.754      4.794    12.4515  38.451842    33.0896    225.861     0.1608      8.165    85.4930 3.5758e-02  1.0912274    25.0201  0.000e+00
      5.264      5.308    12.4524  38.452861    33.0896    221.115     0.1681      8.165    86.0353 3.2280e-02  0.5613128    25.0199  0.000e+00
      6.049      6.100    12.4527  38.453435    33.0896    219.845     0.1608      8.165    86.6292 2.3085e-02  1.4555436    25.0199  0.000e+00
      6.889      6.947    12.4586  38.458965    33.0893    220.199     0.1608      8.165    86.3710 1.6744e-02  1.3230650    25.0186  0.000e+00
      7.490      7.552    12.4607  38.461127    33.0893    217.338     0.1754      8.165    86.6034 1.1638e-02  1.0581077    25.0182  0.000e+00
      7.890      7.956    12.4614  38.462145    33.0895    217.835     0.2047      8.165    86.8100 1.2147e-02  1.6873812    25.0181  0.000e+00
      8.492      8.563    12.4592  38.460369    33.0895    218.614     0.1974      8.165    86.9907 8.6715e-03  1.2899453    25.0186  0.000e+00
      9.145      9.221    12.4556  38.457258    33.0894    215.820     0.1754      8.165    86.7841 6.1579e-03  1.3230650    25.0192  0.000e+00
      9.840      9.922    12.4596  38.461390    33.0895    215.002     0.1681      8.165    86.5259 5.0932e-03  1.3561846    25.0185  0.000e+00
     10.670     10.759    12.4586  38.460885    33.0896    215.161     0.1754      8.165    85.9837 2.7370e-03  1.1905863    25.0188  0.000e+00
     11.472     11.568    12.4587  38.461206    33.0894    216.156     0.1681      8.165    85.3123 2.3069e-03  1.6211419    25.0187  0.000e+00
     11.948     12.048    12.4594  38.462097    33.0895    215.479     0.1828      8.165    84.4602 7.3199e-05  1.4555436    25.0187  0.000e+00
     12.279     12.382    12.4624  38.464957    33.0895    215.409     0.2340      8.165    84.6151 1.0000e-12  1.2899453    25.0181  0.000e+00
     12.886     12.993    12.4621  38.465023    33.0895    217.595     0.2340      8.165    85.5705 1.0000e-12  1.1243470    25.0182  0.000e+00
     13.715     13.830    12.4607  38.464264    33.0897    217.027     0.1828      8.165    84.7700 1.0000e-12  1.0912274    25.0186  0.000e+00
     14.403     14.524    12.4621  38.465727    33.0896    214.272     0.1681      8.165    84.8733 1.0000e-12  1.7205009    25.0182  0.000e+00
     14.879     15.003    12.4627  38.466491    33.0896    215.257     0.1828      8.165    85.0799 1.0000e-12  1.5880222    25.0182  0.000e+00
     15.551     15.682    12.4625  38.466685    33.0897    215.629     0.1974      8.165    85.0283 1.0000e-12  1.2237060    25.0183  0.000e+00
     16.413     16.551    12.4647  38.468848    33.0895    215.954     0.1754      8.165    84.7959 1.0000e-12  1.6211419    25.0177  0.000e+00
     17.076     17.219    12.4609  38.465674    33.0895    216.432     0.1754      8.165    84.6409 1.0000e-12  1.1243470    25.0185  0.000e+00
     17.525     17.672    12.4611  38.466184    33.0896    216.377     0.2047      8.165    85.1832 1.0000e-12  0.5281932    25.0185  0.000e+00
     18.101     18.252    12.4609  38.466122    33.0895    216.017     0.2047      8.165    84.8475 1.0000e-12  0.1307573    25.0185  0.000e+00
     18.772     18.930    12.4603  38.465934    33.0895    216.948     0.1901      8.165    84.6151 1.0000e-12  1.0912274    25.0187  0.000e+00
     19.303     19.465    12.4600  38.465619    33.0893    217.186     0.2047      8.165    85.0283 1.0000e-12  1.2568256    25.0185  0.000e+00
     19.873     20.040    12.4596  38.465748    33.0895    217.293     0.2047      8.165    84.6926 1.0000e-12  1.0581077    25.0188  0.000e+00
     20.679     20.852    12.4596  38.466259    33.0896    216.183     0.1901      8.165    84.3569 1.0000e-12  1.0249880    25.0189  0.000e+00
     21.585     21.766    12.4593  38.466136    33.0895    215.766     0.1828      8.165    83.9954 1.0000e-12  1.4224239    25.0189  0.000e+00
     22.348     22.536    12.4599  38.467219    33.0896    216.072     0.1828      8.165    84.0470 1.0000e-12  1.0912274    25.0189  0.000e+00
     22.923     23.115    12.4601  38.467411    33.0894    216.465     0.1974      8.165    84.1245 1.0000e-12  1.0249880    25.0187  0.000e+00
     23.396     23.592    12.4588  38.466651    33.0896    216.328     0.2194      8.165    84.4602 1.0000e-12  1.3230650    25.0192  0.000e+00
     23.770     23.969    12.4592  38.467160    33.0896    216.869     0.2194      8.165    85.1057 1.0000e-12  1.7536205    25.0191  0.000e+00
     24.337     24.542    12.4636  38.471356    33.0895    217.087     0.2340      8.165    85.7254 1.0000e-12  0.5281932    25.0182  0.000e+00
     25.146     25.357    12.4637  38.471740    33.0894    216.665     0.1828      8.165    84.2020 1.0000e-12  0.3957145    25.0181  0.000e+00
     25.988     26.206    12.4623  38.470409    33.0890    217.450     0.1828      8.165    83.8663 1.0000e-12  0.9256291    25.0181  0.000e+00
     26.656     26.879    12.4621  38.471174    33.0897    217.091     0.1974      8.165    84.1245 1.0000e-12  1.6873812    25.0187  0.000e+00
     27.309     27.539    12.4618  38.471176    33.0897    216.289     0.1974      8.165    84.0987 1.0000e-12  1.5549026    25.0187  0.000e+00
     28.055     28.291    12.4617  38.471306    33.0896    216.910     0.1901      8.165    84.0470 1.0000e-12  1.0581077    25.0187  0.000e+00
     28.740     28.981    12.4616  38.471690    33.0897    216.395     0.1974      8.165    84.3052 1.0000e-12  1.0912274    25.0188  0.000e+00
     29.205     29.450    12.4620  38.471882    33.0894    216.563     0.2047      8.165    85.0024 1.0000e-12  1.2899453    25.0185  0.000e+00
     29.644     29.893    12.4615  38.471439    33.0892    217.778     0.2121      8.165    85.8804 1.0000e-12  1.3561846    25.0184  0.000e+00
     30.344     30.600    12.4618  38.472395    33.0896    217.573     0.2121      8.165    85.3639 1.0000e-12  0.8593897    25.0187  0.000e+00
     31.339     31.602    12.4613  38.472462    33.0896    217.158     0.1901      8.165    84.3052 1.0000e-12  0.8262701    25.0189  0.000e+00
     32.186     32.457    12.4609  38.472656    33.0898    217.561     0.1828      8.165    84.1761 1.0000e-12  0.8593897    25.0191  0.000e+00
     32.451     32.724    12.4613  38.472848    33.0895    217.567     0.2121      8.165    85.0799 1.0000e-12  0.8593897    25.0188  0.000e+00
     32.691     32.966    12.4613  38.472848    33.0895    217.730     0.2487      8.165    84.9508 1.0000e-12  1.5217829    25.0188  0.000e+00
     33.465     33.747    12.4610  38.473169    33.0897    218.131     0.2121      8.165    84.6409 1.0000e-12  1.4224239    25.0191  0.000e+00
     34.468     34.759    12.4617  38.474189    33.0897    217.554     0.1828      8.165    83.3240 1.0000e-12  1.0581077    25.0189  0.000e+00
     35.274     35.571    12.4617  38.474383    33.0895    217.733     0.1901      8.165    83.5822 1.0000e-12  0.5613128    25.0188  0.000e+00
     35.730     36.031    12.4608  38.473813    33.0896    217.594     0.2194      8.165    83.9179 1.0000e-12  0.9587487    25.0191  0.000e+00
     36.217     36.522    12.4609  38.474132    33.0895    217.384     0.2121      8.165    84.4602 1.0000e-12  0.8925094    25.0190  0.000e+00
     36.896     37.207    12.4613  38.474834    33.0896    217.623     0.1901      8.165    84.3827 1.0000e-12  0.5281932    25.0190  0.000e+00
     37.692     38.010    12.4617  38.475536    33.0896    217.644     0.1901      8.165    83.8663 1.0000e-12  0.1307573    25.0190  0.000e+00
     38.619     38.945    12.4640  38.478208    33.0898    218.037     0.1974      8.165    83.6339 1.0000e-12  1.0581077    25.0186  0.000e+00
     39.473     39.806    12.4647  38.479037    33.0896    217.300     0.1828      8.165    83.1691 1.0000e-12  0.4288342    25.0184  0.000e+00
     39.991     40.328    12.4641  38.478594    33.0895    217.474     0.1901      8.165    83.8921 1.0000e-12  0.4950735    25.0184  0.000e+00
     40.374     40.714    12.4637  38.478405    33.0895    218.311     0.2194      8.165    84.7442 1.0000e-12  0.7600308    25.0186  0.000e+00
     40.921     41.266    12.4635  38.478598    33.0896    218.104     0.2121      8.165    85.1057 1.0000e-12  0.6937915    25.0187  0.000e+00
     41.697     42.049    12.4644  38.479808    33.0896    217.898     0.2121      8.165    84.1503 1.0000e-12  0.6937915    25.0185  0.000e+00
     42.543     42.902    12.4646  38.480256    33.0896    218.679     0.1901      8.165    83.7630 1.0000e-12  0.9587487    25.0185  0.000e+00
     43.223     43.588    12.4641  38.479369    33.0888    217.943     0.2121      8.165    83.7888 1.0000e-12  1.0912274    25.0180  0.000e+00
     43.897     44.267    12.4640  38.480261    33.0896    217.894     0.2121      8.165    83.9179 1.0000e-12  1.1574667    25.0186  0.000e+00
     44.700     45.077    12.4639  38.480582    33.0896    218.363     0.1901      8.165    83.9954 1.0000e-12  0.6606718    25.0187  0.000e+00
     45.393     45.776    12.4658  38.482681    33.0896    218.150     0.1901      8.165    83.8405 1.0000e-12  1.2899453    25.0184  0.000e+00
     45.895     46.283    12.4660  38.482810    33.0894    218.164     0.2047      8.165    84.7700 1.0000e-12  1.3561846    25.0181  0.000e+00
     46.567     46.961    12.4663  38.483575    33.0896    218.181     0.1974      8.165    84.5376 1.0000e-12  1.0912274    25.0183  0.000e+00
     47.402     47.802    12.4656  38.483388    33.0896    218.586     0.1901      8.165    83.8663 1.0000e-12  1.4555436    25.0184  0.000e+00
     48.071     48.477    12.4652  38.483454    33.0898    218.227     0.2047      8.165    83.7113 1.0000e-12  1.3230650    25.0187  0.000e+00
     48.615     49.025    12.4659  38.484155    33.0896    218.016     0.1974      8.165    84.6151 1.0000e-12  1.2568256    25.0184  0.000e+00
     49.229     49.645    12.4665  38.484856    33.0895    218.634     0.1974      8.165    83.9696 1.0000e-12  1.2568256    25.0183  0.000e+00
     49.908     50.330    12.4659  38.484795    33.0897    219.035     0.1974      8.165    84.2020 1.0000e-12  1.9854581    25.0185  0.000e+00
     50.679     51.108    12.4648  38.484036    33.0896    218.838     0.1974      8.165    83.7113 1.0000e-12  1.6873812    25.0187  0.000e+00
     51.567     52.003    12.4651  38.484674    33.0896    218.258     0.1901      8.165    83.3240 1.0000e-12  1.6211419    25.0186  0.000e+00
     52.328     52.771    12.4647  38.484804    33.0897    218.280     0.2047      8.165    83.0658 1.0000e-12  1.5549026    25.0188  0.000e+00
     52.869     53.316    12.4649  38.485124    33.0896    218.138     0.2267      8.165    83.8921 1.0000e-12  1.3893043    25.0187  0.000e+00
     53.367     53.819    12.4653  38.485698    33.0896    218.531     0.2340      8.165    84.4085 1.0000e-12  1.5549026    25.0187  0.000e+00
     54.060     54.517    12.4654  38.486145    33.0897    218.393     0.2047      8.165    84.1503 1.0000e-12  1.3561846    25.0187  0.000e+00
     54.886     55.351    12.4645  38.485640    33.0897    218.196     0.1901      8.165    83.5306 1.0000e-12  1.0249880    25.0189  0.000e+00
     55.641     56.112    12.4644  38.485897    33.0896    218.822     0.1901      8.165    83.2466 1.0000e-12  0.6275521    25.0189  0.000e+00
     56.263     56.739    12.4642  38.485836    33.0895    219.221     0.2121      8.165    83.7372 1.0000e-12  1.1905863    25.0189  0.000e+00
     56.825     57.306    12.4644  38.486346    33.0896    218.631     0.2194      8.165    83.8921 1.0000e-12  1.2237060    25.0189  0.000e+00
     57.386     57.872    12.4644  38.486539    33.0895    218.422     0.2121      8.165    84.1503 1.0000e-12  1.5880222    25.0189  0.000e+00
     58.081     58.573    12.4651  38.487622    33.0897    219.043     0.2267      8.165    83.8405 1.0000e-12  2.0516974    25.0189  0.000e+00
     58.921     59.420    12.4654  38.488197    33.0897    219.066     0.1901      8.165    83.5822 1.0000e-12  1.0249880    25.0188  0.000e+00
     59.650     60.156    12.4661  38.489217    33.0897    218.858     0.2121      8.165    83.3498 1.0000e-12  1.3230650    25.0187  0.000e+00
     59.959     60.468    12.4666  38.489726    33.0896    218.865     0.2194      8.165    84.3827 1.0000e-12  1.1574667    25.0185  0.000e+00
     60.322     60.833    12.4667  38.490045    33.0897    218.874     0.2194      8.165    85.3898 1.0000e-12  0.8925094    25.0186  0.000e+00
     61.114     61.632    12.4671  38.490747    33.0897    218.514     0.2047      8.165    83.4531 1.0000e-12  0.8925094    25.0185  0.000e+00
     61.880     62.405    12.4670  38.490941    33.0897    218.917     0.2047      8.165    82.9367 1.0000e-12  1.6211419    25.0186  0.000e+00
     62.250     62.778    12.4671  38.491323    33.0897    219.151     0.2121      8.165    85.0799 1.0000e-12  1.0581077    25.0186  0.000e+00
     62.689     63.221    12.4670  38.491262    33.0896    218.939     0.2194      8.165    85.6222 1.0000e-12  0.5281932    25.0185  0.000e+00
     63.433     63.972    12.4667  38.491328    33.0896    219.342     0.2194      8.165    83.9954 1.0000e-12  0.3957145    25.0187  0.000e+00
     64.146     64.691    12.4668  38.491585    33.0895    218.981     0.1901      8.165    83.5822 1.0000e-12  0.5944325    25.0185  0.000e+00
     64.577     65.125    12.4671  38.492095    33.0896    219.148     0.1901      8.165    84.9508 1.0000e-12  1.0912274    25.0185  0.000e+00
     65.084     65.637    12.4664  38.491906    33.0897    219.008     0.2047      8.165    84.8733 1.0000e-12  1.1243470    25.0188  0.000e+00
     65.702     66.260    12.4662  38.491845    33.0896    219.183     0.2194      8.165    84.0212 1.0000e-12  0.7931504    25.0187  0.000e+00
