Arg_L2_F10_NV.cnv
* Sea-Bird SBE 9 Data File:
* FileName = S:\CTD_Data\CTD\Data\Argentina 2014\Data\Arg_L2_F10.hex
* Software Version Seasave V 7.21g
* Temperature SN = 5769
* Conductivity SN = 4244
* Number of Bytes Per Scan = 31
* Number of Voltage Words = 4
* Number of Scans Averaged by the Deck Unit = 24
* NMEA Latitude = 46 35.79 S
* NMEA Longitude = 065 46.85 W
* NMEA UTC (Time) = Feb 09 2014 21:28:01
* NMEA baud rate = 9600
** R/V Coriolis II
** MARES project, ARGENTINA 2014
** Chief scientist : Dr. Gustavo Ferreyra
** Co-Chief scientist : Dr. José Luis Esteves
# nquan = 13
# nvalues = 615                                   
# units = specified
# name 0 = depSM: Depth [salt water, m]
# name 1 = prDM: Pressure, Digiquartz [db]
# name 2 = t090C: Temperature [ITS-90, deg C]
# name 3 = c0mS/cm: Conductivity [mS/cm]
# name 4 = sal00: Salinity, Practical [PSU]
# name 5 = sbeox0Mm/Kg: Oxygen, SBE 43 [umol/Kg]
# name 6 = flECO-AFL: Fluorescence, WET Labs ECO-AFL/FL [mg/m^3]
# name 7 = ph: pH
# name 8 = CStarTr0: Beam Transmission, WET Labs C-Star [%]
# name 9 = par: PAR/Irradiance, Biospherical/Licor
# name 10 = upoly0: Upoly 0, Nitrate
# name 11 = sigma-é00: Density [sigma-theta, Kg/m^3]
# name 12 = flag:  0.000e+00
# span 0 =     -0.254,     71.749                 
# span 1 =     -0.256,     72.359                 
# span 2 =    11.6554,    13.2478                 
# span 3 =   4.732950,  39.097584                 
# span 4 =     3.3475,    33.1531                 
# span 5 =    198.418,    266.561                 
# span 6 =    -0.2861,     0.2487                 
# span 7 =      8.093,      8.195                 
# span 8 =    43.2229,    95.2020                 
# span 9 = 1.0000e-12, 6.6323e+02                 
# span 10 = -0.7634735, -0.4985162                
# span 11 =     1.9539,    25.2206                
# span 12 = 0.0000e+00, 0.0000e+00                
# interval = seconds: 1
# start_time = Feb 09 2014 21:28:01 [NMEA time, header]
# bad_flag = -9.990e-29
*END*
[from data line 556]
      2.222      2.241    13.0925  39.054179    33.1016    220.639     0.0069      8.191    94.9696 3.9646e+02 -0.7303538    24.9043  0.000e+00
      2.124      2.141    13.0913  39.052837    33.1015    219.491    -0.0077      8.191    94.8922 4.5120e+02 -0.7303538    24.9044  0.000e+00
      1.739      1.753    13.0698  39.032000    33.1007    221.307    -0.0077      8.191    94.7889 5.5869e+02 -0.7303538    24.9080  0.000e+00
      1.721      1.735    13.0665  39.030403    33.1021    221.013     0.0143      8.191    94.7372 5.7463e+02 -0.7303538    24.9097  0.000e+00
      2.062      2.079    13.0825  39.044336    33.1012    221.045     0.0143      8.191    94.8147 3.7478e+02 -0.7303538    24.9059  0.000e+00
      2.073      2.090    13.0677  39.031043    33.1015    221.536    -0.0004      8.191    94.8147 4.6668e+02 -0.7303538    24.9090  0.000e+00
      1.735      1.749    13.0735  39.035579    33.1009    220.714     0.0069      8.191    94.8147 5.0919e+02 -0.6972342    24.9075  0.000e+00
      1.760      1.775    13.0595  39.022799    33.1010    221.873     0.0069      8.191    94.8405 4.9091e+02 -0.6641145    24.9103  0.000e+00
      1.780      1.795    13.0497  39.014428    33.1016    221.035     0.0143      8.191    94.7631 4.6668e+02 -0.7303538    24.9127  0.000e+00
      1.805      1.820    13.0530  39.018134    33.1022    220.749     0.0216      8.191    94.8663 5.4168e+02 -0.7303538    24.9126  0.000e+00
      2.002      2.019    13.0613  39.024269    33.1007    220.624     0.0289      8.191    95.0729 4.4116e+02 -0.7303538    24.9097  0.000e+00
      2.080      2.097    13.0546  39.019349    33.1019    220.444     0.0289      8.191    95.0213 4.4741e+02 -0.7303538    24.9120  0.000e+00
      1.877      1.893    13.0648  39.029061    33.1022    221.543     0.0069      8.191    95.0729 5.7787e+02 -0.7303538    24.9102  0.000e+00
      1.819      1.834    13.0679  39.030978    33.1014    221.164    -0.0077      8.191    95.0213 4.9091e+02 -0.7303538    24.9089  0.000e+00
      2.242      2.261    13.0679  39.031235    33.1014    221.482     0.0069      8.191    94.9180 4.1939e+02 -0.7303538    24.9090  0.000e+00
      2.129      2.147    13.0719  39.035133    33.1017    222.036     0.0069      8.191    94.9696 4.1238e+02 -0.7303538    24.9084  0.000e+00
      1.654      1.668    13.0840  39.046124    33.1017    221.543     0.0069      8.191    94.9954 4.4867e+02 -0.7303538    24.9060  0.000e+00
      1.604      1.617    13.0888  39.049703    33.1009    220.946    -0.0004      8.191    94.8922 5.1495e+02 -0.7303538    24.9044  0.000e+00
      1.823      1.839    13.0762  39.038839    33.1015    220.644    -0.0077      8.191    94.9438 4.3135e+02 -0.7303538    24.9074  0.000e+00
      1.923      1.940    13.0754  39.038200    33.1016    221.226     0.0069      8.191    95.0213 4.3993e+02 -0.7303538    24.9076  0.000e+00
      1.680      1.694    13.0688  39.031169    33.1008    221.827     0.0216      8.191    94.9438 5.1495e+02 -0.7303538    24.9083  0.000e+00
      1.605      1.619    13.0822  39.044654    33.1019    221.186    -0.0004      8.195    94.9438 5.2963e+02 -0.7303538    24.9065  0.000e+00
      2.008      2.025    13.0755  39.037945    33.1013    220.653    -0.0077      8.191    94.9696 4.8953e+02 -0.7303538    24.9074  0.000e+00
      2.238      2.256    13.0680  39.031874    33.1019    220.904     0.0289      8.191    94.8405 3.9646e+02 -0.7303538    24.9093  0.000e+00
      2.140      2.158    13.0796  39.041844    33.1013    221.425     0.0216      8.191    94.9438 3.9092e+02 -0.7303538    24.9066  0.000e+00
      2.019      2.036    13.0815  39.043313    33.1010    221.413     0.0069      8.191    94.9696 5.2666e+02 -0.7303538    24.9060  0.000e+00
      1.988      2.005    13.0897  39.051238    33.1014    222.255    -0.0224      8.191    95.0729 4.0776e+02 -0.7303538    24.9047  0.000e+00
      1.864      1.880    13.0904  39.051685    33.1012    220.792    -0.0077      8.191    95.1246 5.0633e+02 -0.7303538    24.9044  0.000e+00
      1.497      1.509    13.0866  39.047913    33.1012    220.894     0.0069      8.191    95.0471 5.6343e+02 -0.7303538    24.9051  0.000e+00
      1.485      1.498    13.0875  39.049255    33.1017    220.641     0.0069      8.191    94.9696 4.1238e+02 -0.7303538    24.9053  0.000e+00
      1.864      1.880    13.0909  39.052324    33.1014    220.214     0.0509      8.191    95.0471 4.1470e+02 -0.7303538    24.9044  0.000e+00
      1.897      1.913    13.0885  39.049960    33.1013    221.588    -0.0297      8.191    95.0471 4.5375e+02 -0.7303538    24.9048  0.000e+00
      1.747      1.762    13.0848  39.046827    33.1016    221.236    -0.0004      8.191    94.9438 5.1062e+02 -0.7303538    24.9057  0.000e+00
      2.131      2.148    13.0867  39.048810    33.1016    220.451    -0.0077      8.191    94.8922 4.4867e+02 -0.7303538    24.9054  0.000e+00
      2.360      2.380    13.0877  39.049642    33.1015    221.393     0.0143      8.191    94.8663 4.1006e+02 -0.7303538    24.9051  0.000e+00
      2.021      2.038    13.0787  39.040245    33.1006    221.638     0.0143      8.191    94.9180 4.3501e+02 -0.7303538    24.9062  0.000e+00
      1.790      1.805    13.0720  39.035324    33.1019    220.509     0.0143      8.195    94.9954 4.6800e+02 -0.7303538    24.9085  0.000e+00
      1.846      1.861    13.0738  39.036730    33.1016    220.867    -0.0150      8.191    94.9438 5.4781e+02 -0.7303538    24.9079  0.000e+00
      1.829      1.844    13.0749  39.037433    33.1014    221.285    -0.0297      8.191    94.9954 5.1495e+02 -0.7303538    24.9075  0.000e+00
      1.635      1.648    13.0766  39.039924    33.1023    221.423    -0.0077      8.191    95.0471 4.8953e+02 -0.7303538    24.9079  0.000e+00
      1.624      1.637    13.0811  39.042736    33.1010    221.768    -0.0370      8.191    94.9954 5.6660e+02 -0.7303538    24.9061  0.000e+00
      1.890      1.906    13.0728  39.035835    33.1016    220.144    -0.0737      8.191    94.9954 4.3257e+02 -0.6641145    24.9082  0.000e+00
      1.998      2.015    13.0738  39.036986    33.1018    221.024     0.0069      8.191    95.0471 4.6407e+02 -0.6972342    24.9081  0.000e+00
      1.964      1.981    13.0796  39.041971    33.1014    220.749     0.0729      8.195    95.0729 5.3112e+02 -0.7303538    24.9067  0.000e+00
      2.129      2.147    13.0750  39.037434    33.1011    221.599     0.0802      8.191    95.0987 4.4490e+02 -0.7303538    24.9074  0.000e+00
      2.104      2.121    13.0786  39.041396    33.1017    220.757     0.0216      8.191    95.0729 5.0067e+02 -0.7303538    24.9071  0.000e+00
      1.808      1.823    13.0892  39.051365    33.1020    221.312    -0.0004      8.191    94.9954 4.6800e+02 -0.7303538    24.9052  0.000e+00
      1.808      1.823    13.0936  39.054178    33.1008    222.501    -0.0004      8.191    95.0213 5.0633e+02 -0.6641145    24.9034  0.000e+00
      1.390      1.401    13.1084  39.070157    33.1032    220.482     0.0069      8.191    95.0729 4.9368e+02 -0.6972342    24.9023  0.000e+00
      0.743      0.749    13.1190  39.078274    33.1018    220.570    -0.0224      8.191    94.9954 1.9246e+02 -0.7303538    24.8991  0.000e+00
      0.698      0.704    13.1240  39.082749    33.1017    220.814     0.0436      8.191    95.0729 1.9409e+02 -0.6641145    24.8980  0.000e+00
      0.646      0.651    13.1401  39.097584    33.1017    220.165     0.0509      8.191    95.0213 1.9629e+02 -0.7303538    24.8949  0.000e+00
     -0.081     -0.082    13.1989  29.255992    23.9701    236.916     0.0069      8.190    94.9696 2.1904e+02 -0.6309949    17.8304  0.000e+00
     -0.247     -0.249    13.1822   7.408110     5.4012    266.561    -0.1249      8.190    43.2229 2.3698e+02 -0.5647556     3.5355  0.000e+00
     -0.250     -0.252    13.1578   4.732950     3.3475    260.968    -0.2861      8.190    79.2700 2.6371e+02 -0.4985162     1.9539  0.000e+00
     -0.247     -0.249    13.1605   4.956006     3.5157    247.990    -0.1176      8.190    82.8851 3.3775e+02 -0.4985162     2.0835  0.000e+00
     -0.253     -0.255    13.1715  15.340766    11.8476    223.998    -0.1176      8.190    76.8944 1.8712e+02 -0.4985162     8.5011  0.000e+00
     -0.254     -0.256    13.2016  22.911195    18.3264    209.585    -0.1176      8.181    61.9953 1.8194e+02 -0.4985162    13.4822  0.000e+00
     -0.250     -0.252    13.2478  21.921043    17.4409    208.549    -0.1176      8.176    56.9342 2.9677e+02 -0.4985162    12.7927  0.000e+00
