Arg_Leg3_G10_NV.cnv
* Sea-Bird SBE 9 Data File:
* FileName = S:\CTD_Data\CTD\Data\Argentina 2014\Data\Leg3\Arg_Leg3_G10.hex
* Software Version Seasave V 7.21g
* Temperature SN = 5769
* Conductivity SN = 4244
* Number of Bytes Per Scan = 31
* Number of Voltage Words = 4
* Number of Scans Averaged by the Deck Unit = 24
* NMEA Latitude = 46 56.60 S
* NMEA Longitude = 066 12.59 W
* NMEA UTC (Time) = Feb 14 2014 12:54:44
* NMEA baud rate = 9600
** R/V Coriolis II
** MARES project, ARGENTINA 2014
** Chief scientist : Dr. Gustavo Ferreyra
** Co-Chief scientist : Dr. José Luis Esteves
# nquan = 13
# nvalues = 239                                   
# units = specified
# name 0 = depSM: Depth [salt water, m]
# name 1 = prDM: Pressure, Digiquartz [db]
# name 2 = t090C: Temperature [ITS-90, deg C]
# name 3 = c0mS/cm: Conductivity [mS/cm]
# name 4 = sal00: Salinity, Practical [PSU]
# name 5 = sbeox0Mm/Kg: Oxygen, SBE 43 [umol/Kg]
# name 6 = flECO-AFL: Fluorescence, WET Labs ECO-AFL/FL [mg/m^3]
# name 7 = ph: pH
# name 8 = CStarTr0: Beam Transmission, WET Labs C-Star [%]
# name 9 = par: PAR/Irradiance, Biospherical/Licor
# name 10 = upoly0: Upoly 0, Nitrate
# name 11 = sigma-é00: Density [sigma-theta, Kg/m^3]
# name 12 = flag:  0.000e+00
# span 0 =     -0.030,     34.448                 
# span 1 =     -0.030,     34.739                 
# span 2 =    14.1412,    14.4915                 
# span 3 =   4.683802,  40.120256                 
# span 4 =     3.2080,    33.1178                 
# span 5 =    177.989,    276.363                 
# span 6 =    -0.1396,    28.7542                 
# span 7 =      7.727,      8.181                 
# span 8 =    48.4905,    81.6198                 
# span 9 = 1.0000e-12, 9.8590e+02                 
# span 10 = -0.6972342,  41.695928                
# span 11 =     1.6711,    24.7040                
# span 12 = 0.0000e+00, 0.0000e+00                
# interval = seconds: 1
# start_time = Feb 14 2014 12:54:44 [NMEA time, header]
# bad_flag = -9.990e-29
*END*
[from data line 112]
     16.655     16.795    14.1659  40.072891    33.1169    204.118     0.6882      8.177    72.1174 3.0825e+00 -0.6309949    24.6982  0.000e+00
     16.326     16.464    14.1661  40.072826    33.1168    205.000     0.6589      8.177    72.1432 3.3485e+00 -0.6309949    24.6981  0.000e+00
     16.016     16.151    14.1662  40.072695    33.1168    203.903     0.6370      8.177    72.4531 3.9614e+00 -0.6309949    24.6980  0.000e+00
     15.776     15.909    14.1663  40.072759    33.1169    203.849     0.6003      8.177    72.5822 4.7250e+00 -0.6309949    24.6980  0.000e+00
     15.747     15.879    14.1664  40.072888    33.1169    205.284     0.6150      8.177    72.8920 4.5279e+00 -0.6309949    24.6980  0.000e+00
     15.751     15.883    14.1663  40.072888    33.1170    202.657     0.6223      8.177    74.1315 3.8284e+00 -0.6309949    24.6981  0.000e+00
     15.421     15.550    14.1647  40.071207    33.1169    203.452     0.5784      8.177    74.5705 4.2173e+00 -0.6309949    24.6984  0.000e+00
     14.955     15.081    14.1652  40.071593    33.1170    204.471     0.5857      8.177    73.4085 5.6821e+00 -0.6309949    24.6984  0.000e+00
     14.838     14.963    14.1719  40.078310    33.1175    204.692     0.6296      8.177    72.2981 6.3104e+00 -0.6309949    24.6973  0.000e+00
     15.167     15.294    14.1709  40.076244    33.1163    202.821     0.6150      8.177    72.2465 5.1744e+00 -0.6309949    24.6966  0.000e+00
     15.405     15.535    14.1644  40.071014    33.1170    202.261     0.5857      8.177    72.6080 4.4640e+00 -0.6309949    24.6986  0.000e+00
     15.171     15.299    14.1819  40.086966    33.1168    204.060     0.5930      8.177    73.6151 4.9869e+00 -0.6309949    24.6947  0.000e+00
     14.888     15.013    14.1916  40.095686    33.1166    204.706     0.5784      8.177    74.2348 5.6500e+00 -0.6309949    24.6925  0.000e+00
     14.807     14.932    14.1858  40.089161    33.1156    205.030     0.6443      8.177    73.4859 5.6340e+00 -0.6309949    24.6930  0.000e+00
     14.864     14.989    14.1775  40.083025    33.1170    203.282     0.7688      8.177    73.7442 5.6181e+00 -0.6309949    24.6958  0.000e+00
     14.995     15.121    14.1701  40.075985    33.1169    203.269     0.6223      8.177    74.8545 5.7796e+00 -0.6309949    24.6972  0.000e+00
     15.201     15.328    14.1647  40.071336    33.1171    203.738     0.6223      8.177    75.6550 5.1891e+00 -0.6309949    24.6986  0.000e+00
     15.254     15.383    14.1647  40.071400    33.1172    203.542     0.6296      8.177    75.4484 4.5537e+00 -0.6309949    24.6986  0.000e+00
     14.957     15.082    14.1736  40.080183    33.1177    203.694     0.5930      8.177    75.3451 5.2335e+00 -0.6309949    24.6972  0.000e+00
     14.693     14.816    14.1845  40.088773    33.1164    202.950     0.6003      8.177    75.0094 6.8505e+00 -0.6309949    24.6939  0.000e+00
     14.985     15.111    14.1714  40.077341    33.1170    203.010     0.6296      8.177    74.6737 6.3104e+00 -0.6309949    24.6970  0.000e+00
     15.419     15.549    14.1652  40.071918    33.1172    204.136     0.6296      8.177    73.7958 4.4261e+00 -0.6309949    24.6985  0.000e+00
     15.314     15.442    14.1680  40.074565    33.1172    203.080     0.5930      8.177    74.1573 4.1459e+00 -0.6309949    24.6979  0.000e+00
     14.765     14.889    14.1733  40.079084    33.1170    204.732     0.5710      8.177    74.4413 5.6821e+00 -0.6309949    24.6967  0.000e+00
     14.462     14.583    14.1825  40.087932    33.1174    202.848     0.5930      8.177    73.7442 7.6069e+00 -0.6309949    24.6950  0.000e+00
     14.841     14.966    14.1959  40.099949    33.1168    204.049     0.6003      8.177    73.2277 6.6782e+00 -0.6309949    24.6918  0.000e+00
     15.409     15.539    14.1841  40.088065    33.1158    203.065     0.5637      8.177    72.8920 4.7655e+00 -0.6309949    24.6935  0.000e+00
     15.464     15.594    14.1699  40.076568    33.1173    202.437     0.6077      8.177    73.1761 4.4895e+00 -0.6309949    24.6976  0.000e+00
     15.009     15.135    14.1823  40.087935    33.1174    204.448     0.5857      8.177    73.8733 5.7960e+00 -0.6309949    24.6951  0.000e+00
     14.625     14.748    14.2084  40.110673    33.1161    204.629     0.5784      8.177    73.7700 7.2496e+00 -0.6309949    24.6886  0.000e+00
     14.699     14.822    14.2049  40.108154    33.1167    203.905     0.6077      8.177    73.6667 6.4004e+00 -0.6309949    24.6899  0.000e+00
     14.921     15.047    14.2085  40.111320    33.1164    204.542     0.5857      8.177    73.7700 5.2632e+00 -0.6309949    24.6889  0.000e+00
     14.611     14.734    14.2111  40.113774    33.1166    202.988     0.5710      8.177    74.0798 5.9627e+00 -0.6309949    24.6885  0.000e+00
     13.628     13.743    14.2127  40.114934    33.1167    204.098     0.5784      8.177    74.3381 9.3245e+00 -0.6309949    24.6881  0.000e+00
     12.823     12.930    14.2097  40.111506    33.1165    205.765     0.6003      8.177    73.5892 1.2543e+01 -0.6309949    24.6886  0.000e+00
     12.637     12.743    14.2111  40.112991    33.1167    203.386     0.6003      8.177    73.6151 1.1623e+01 -0.6309949    24.6884  0.000e+00
     12.273     12.376    14.2089  40.110793    33.1167    203.686     0.5930      8.177    73.6151 1.2650e+01 -0.6309949    24.6890  0.000e+00
     11.352     11.447    14.2089  40.110402    33.1167    204.102     0.6296      8.177    73.8991 1.9585e+01 -0.6309949    24.6889  0.000e+00
     10.493     10.581    14.2078  40.109300    33.1170    204.383     0.6003      8.177    73.8733 2.8568e+01 -0.6309949    24.6893  0.000e+00
     10.170     10.256    14.2095  40.110526    33.1168    204.218     0.6223      8.177    73.7183 2.7931e+01 -0.6309949    24.6888  0.000e+00
      9.671      9.752    14.2089  40.109943    33.1169    204.853     0.5857      8.177    73.8991 2.8248e+01 -0.6641145    24.6890  0.000e+00
      8.644      8.716    14.2095  40.110262    33.1171    203.982     0.5857      8.177    74.1057 4.4950e+01 -0.6641145    24.6890  0.000e+00
      7.650      7.714    14.2081  40.108514    33.1171    204.065     0.6077      8.177    73.8733 7.9355e+01 -0.6641145    24.6892  0.000e+00
      7.281      7.342    14.2082  40.108383    33.1170    206.027     0.6150      8.177    73.5634 8.9558e+01 -0.6641145    24.6892  0.000e+00
      7.106      7.165    14.2086  40.108641    33.1170    204.937     0.5930      8.177    73.5376 8.0479e+01 -0.6641145    24.6891  0.000e+00
      6.705      6.762    14.2083  40.107928    33.1168    204.144     0.6370      8.177    73.4859 9.1855e+01 -0.6641145    24.6889  0.000e+00
      6.067      6.118    14.2038  40.103274    33.1167    203.501     0.6443      8.177    73.6667 1.2587e+02 -0.6641145    24.6898  0.000e+00
      5.588      5.635    14.2027  40.102820    33.1173    203.147     0.6296      8.177    73.8991 1.6076e+02 -0.6972342    24.6905  0.000e+00
      5.433      5.478    14.2011  40.100494    33.1166    202.701     0.6736      8.177    73.8733 1.6488e+02 -0.6972342    24.6903  0.000e+00
      5.444      5.490    14.1997  40.099783    33.1171    202.903     0.6736      8.177    74.6479 1.7054e+02 -0.6972342    24.6910  0.000e+00
      5.335      5.380    14.2014  40.101333    33.1171    205.210     0.6736      8.177    75.5775 1.8142e+02 -0.6972342    24.6906  0.000e+00
      4.961      5.002    14.1967  40.096422    33.1168    203.838     0.6663      8.177    76.0423 2.0648e+02 -0.6972342    24.6913  0.000e+00
      4.438      4.475    14.1962  40.096549    33.1176    203.882     0.6516      8.177    75.5259 2.5353e+02 -0.6972342    24.6920  0.000e+00
      4.092      4.127    14.1987  40.097904    33.1168    203.611     0.6516      8.177    74.7254 2.7123e+02 -0.6972342    24.6909  0.000e+00
      3.694      3.725    14.1979  40.097063    33.1169    203.016     0.6809      8.177    74.6479 3.2654e+02 -0.6972342    24.6912  0.000e+00
      3.296      3.324    14.1950  40.094219    33.1170    204.297     0.6370      8.177    74.5963 4.6932e+02 -0.6972342    24.6918  0.000e+00
      3.586      3.616    14.1956  40.095189    33.1172    205.685     0.5930      8.177    74.3381 4.0434e+02 -0.6972342    24.6918  0.000e+00
      3.472      3.501    14.1961  40.095318    33.1169    204.251     0.5784      8.177    74.1057 3.7268e+02 -0.6972342    24.6915  0.000e+00
      2.849      2.873    14.2018  40.101324    33.1178    202.389     0.5784      8.177    74.5963 4.6668e+02 -0.6972342    24.6910  0.000e+00
      2.739      2.762    14.2134  40.110885    33.1167    203.964     0.5930      8.177    74.3122 5.8276e+02 -0.6972342    24.6877  0.000e+00
      2.977      3.002    14.2130  40.110563    33.1167    204.214     0.5637      8.177    73.7700 5.2814e+02 -0.6972342    24.6878  0.000e+00
      3.214      3.241    14.2121  40.109853    33.1167    203.291     0.4904      8.177    73.9766 4.8270e+02 -0.6972342    24.6880  0.000e+00
      3.449      3.478    14.2027  40.101326    33.1168    203.877     0.4831      8.181    74.0540 3.9423e+02 -0.6972342    24.6901  0.000e+00
      3.090      3.116    14.2080  40.106687    33.1173    206.459     0.5124      8.177    74.1573 4.2176e+02 -0.6972342    24.6893  0.000e+00
      2.564      2.586    14.2149  40.112112    33.1166    203.804     0.5344      8.181    74.5446 6.0107e+02 -0.6972342    24.6873  0.000e+00
      2.773      2.796    14.2113  40.109270    33.1170    201.071     0.5344      8.181    73.9766 6.3405e+02 -0.6972342    24.6884  0.000e+00
      3.302      3.330    14.2168  40.114635    33.1170    204.851     0.4904      8.181    73.5892 3.7902e+02 -0.6972342    24.6873  0.000e+00
      3.416      3.445    14.2181  40.115669    33.1168    205.631     0.4904      8.181    73.6667 3.9757e+02 -0.6972342    24.6868  0.000e+00
      3.052      3.077    14.2156  40.113341    33.1170    202.535     0.5124      8.181    74.1831 4.6537e+02 -0.6972342    24.6875  0.000e+00
      2.806      2.830    14.2165  40.114051    33.1169    203.906     0.5271      8.181    74.0540 4.7196e+02 -0.6972342    24.6872  0.000e+00
      2.841      2.865    14.2195  40.116507    33.1166    204.529     0.5417      8.181    74.3122 5.8113e+02 -0.6972342    24.6864  0.000e+00
      3.068      3.094    14.2186  40.116055    33.1169    204.446     0.5271      8.181    74.5705 5.3713e+02 -0.6972342    24.6868  0.000e+00
      3.341      3.369    14.2187  40.116315    33.1169    204.303     0.4978      8.181    74.5188 3.7268e+02 -0.6972342    24.6868  0.000e+00
      3.225      3.252    14.2179  40.115280    33.1167    202.876     0.5198      8.181    74.5446 4.1821e+02 -0.6972342    24.6868  0.000e+00
      2.847      2.871    14.2162  40.113857    33.1170    205.140     0.5491      8.181    75.0611 5.2371e+02 -0.6972342    24.6873  0.000e+00
      2.647      2.669    14.2186  40.115795    33.1168    205.022     0.5564      8.181    75.3451 6.4122e+02 -0.6972342    24.6867  0.000e+00
      2.993      3.018    14.2160  40.113664    33.1170    203.176     0.5271      8.181    75.0094 5.6820e+02 -0.6972342    24.6874  0.000e+00
      3.422      3.450    14.2174  40.115281    33.1170    203.918     0.4758      8.181    74.5188 3.9757e+02 -0.6972342    24.6871  0.000e+00
      3.340      3.368    14.2199  40.117349    33.1169    204.643     0.4978      8.181    74.3122 4.1122e+02 -0.6972342    24.6865  0.000e+00
      2.900      2.924    14.2161  40.113728    33.1170    205.142     0.5198      8.181    74.6737 4.6668e+02 -0.6972342    24.6874  0.000e+00
      2.575      2.596    14.2166  40.113986    33.1169    204.936     0.5271      8.181    74.0540 5.9268e+02 -0.6972342    24.6872  0.000e+00
      2.875      2.899    14.2196  40.117218    33.1172    204.194     0.5051      8.181    73.8733 6.1129e+02 -0.6972342    24.6868  0.000e+00
      3.386      3.415    14.2223  40.119675    33.1169    204.196     0.4831      8.181    73.8733 4.6800e+02 -0.6972342    24.6861  0.000e+00
      3.417      3.446    14.2216  40.119029    33.1169    204.741     0.4904      8.181    74.1573 3.4640e+02 -0.6972342    24.6862  0.000e+00
      2.959      2.984    14.2226  40.119738    33.1169    202.999     0.4978      8.181    74.7254 4.4241e+02 -0.6972342    24.6859  0.000e+00
      2.711      2.734    14.2231  40.119931    33.1168    204.176     0.4978      8.181    74.1831 5.4781e+02 -0.6972342    24.6857  0.000e+00
      2.901      2.926    14.2219  40.118962    33.1168    204.129     0.5198      8.181    73.8216 5.8276e+02 -0.6972342    24.6860  0.000e+00
      3.165      3.191    14.2217  40.119092    33.1169    203.698     0.4758      8.181    74.1315 4.1704e+02 -0.6972342    24.6862  0.000e+00
      3.210      3.237    14.2228  40.120127    33.1169    204.972     0.4831      8.181    74.9320 4.3501e+02 -0.6972342    24.6859  0.000e+00
      3.080      3.106    14.2194  40.116507    33.1166    205.479     0.4758      8.181    75.8874 4.5630e+02 -0.6972342    24.6864  0.000e+00
      2.903      2.927    14.2120  40.110110    33.1172    205.113     0.4904      8.181    75.4226 4.2533e+02 -0.6972342    24.6884  0.000e+00
      2.724      2.747    14.2049  40.103132    33.1168    204.747     0.5051      8.181    75.3967 5.7624e+02 -0.6972342    24.6896  0.000e+00
      2.925      2.950    14.2087  40.107332    33.1174    205.081     0.4978      8.181    75.3967 5.3112e+02 -0.6972342    24.6892  0.000e+00
      3.313      3.340    14.2205  40.117801    33.1168    203.661     0.4758      8.181    74.6479 3.4934e+02 -0.6972342    24.6863  0.000e+00
      3.324      3.352    14.2229  40.120256    33.1169    204.491     0.4538      8.181    74.8287 3.6439e+02 -0.6972342    24.6859  0.000e+00
      3.013      3.038    14.2225  40.119609    33.1168    205.958     0.4538      8.181    75.4742 4.4241e+02 -0.6972342    24.6859  0.000e+00
      2.722      2.745    14.2214  40.117863    33.1163    204.679     0.4904      8.181    75.0611 5.9770e+02 -0.6641145    24.6857  0.000e+00
      2.920      2.944    14.2129  40.111015    33.1172    202.254     0.5198      8.181    74.6737 4.5888e+02 -0.6309949    24.6882  0.000e+00
      3.221      3.248    14.2124  40.110241    33.1168    204.038     0.4904      8.181    74.6479 3.8223e+02 -0.6309949    24.6880  0.000e+00
      3.101      3.127    14.2086  40.106945    33.1170    205.225     0.5417      8.181    75.1385 3.8008e+02 -0.6972342    24.6890  0.000e+00
      2.865      2.889    14.2026  40.101194    33.1170    205.152     0.5491      8.181    74.9578 4.8134e+02 -0.6972342    24.6902  0.000e+00
      3.011      3.036    14.1994  40.098611    33.1173    204.477     0.5198      8.181    74.7254 4.9786e+02 -0.6972342    24.6911  0.000e+00
      3.208      3.235    14.1985  40.097707    33.1172    203.749     0.5051      8.181    74.5446 3.3023e+02 -0.6972342    24.6912  0.000e+00
      3.095      3.121    14.2007  40.099903    33.1173    204.128     0.5124      8.181    74.6479 4.2893e+02 -0.6972342    24.6908  0.000e+00
      3.045      3.070    14.2040  40.102552    33.1170    204.310     0.4978      8.181    74.8028 4.7462e+02 -0.6972342    24.6899  0.000e+00
      3.211      3.238    14.2045  40.102940    33.1169    202.930     0.4685      8.181    74.7770 3.5528e+02 -0.6972342    24.6897  0.000e+00
      3.274      3.302    14.2108  40.109595    33.1175    203.596     0.4758      8.181    74.5446 3.4446e+02 -0.6972342    24.6889  0.000e+00
      3.015      3.040    14.2045  40.102939    33.1169    204.745     0.4978      8.181    74.0798 4.2653e+02 -0.6972342    24.6897  0.000e+00
      2.735      2.757    14.2131  40.111014    33.1171    205.346     0.4904      8.181    74.1057 5.2963e+02 -0.6972342    24.6881  0.000e+00
      2.719      2.742    14.2199  40.117088    33.1168    204.086     0.4831      8.181    74.0282 5.4016e+02 -0.6972342    24.6864  0.000e+00
