Arg_L2_SF04_NV.cnv
* Sea-Bird SBE 9 Data File:
* FileName = S:\CTD_Data\CTD\Data\Argentina 2014\Data\Arg_L2_SF04.hex
* Software Version Seasave V 7.21g
* Temperature SN = 5769
* Conductivity SN = 4244
* Number of Bytes Per Scan = 31
* Number of Voltage Words = 4
* Number of Scans Averaged by the Deck Unit = 24
* NMEA Latitude = 45 56.66 S
* NMEA Longitude = 065 33.73 W
* NMEA UTC (Time) = Feb 07 2014 01:01:23
* NMEA baud rate = 9600
** R/V Coriolis II
** MARES project, ARGENTINA 2014
** Chief scientist : Dr. Gustavo Ferreyra
** Co-Chief scientist : Dr. José Luis Esteves
# nquan = 13
# nvalues = 705                                   
# units = specified
# name 0 = depSM: Depth [salt water, m]
# name 1 = prDM: Pressure, Digiquartz [db]
# name 2 = t090C: Temperature [ITS-90, deg C]
# name 3 = c0mS/cm: Conductivity [mS/cm]
# name 4 = sal00: Salinity, Practical [PSU]
# name 5 = sbeox0Mm/Kg: Oxygen, SBE 43 [umol/Kg]
# name 6 = flECO-AFL: Fluorescence, WET Labs ECO-AFL/FL [mg/m^3]
# name 7 = ph: pH
# name 8 = CStarTr0: Beam Transmission, WET Labs C-Star [%]
# name 9 = par: PAR/Irradiance, Biospherical/Licor
# name 10 = upoly0: Upoly 0, Nitrate
# name 11 = sigma-é00: Density [sigma-theta, Kg/m^3]
# name 12 = flag:  0.000e+00
# span 0 =     -0.411,     84.733                 
# span 1 =     -0.415,     85.452                 
# span 2 =    10.1097,    14.3702                 
# span 3 =   0.454511,  39.846282                 
# span 4 =     0.2812,    33.2258                 
# span 5 =    170.974,    275.404                 
# span 6 =    -0.1396,     1.2524                 
# span 7 =      7.879,      8.225                 
# span 8 =    50.9177,    97.4743                 
# span 9 = 1.0000e-12, 3.9954e+00                 
# span 10 = -0.7303538,  4.3700735                
# span 11 =    -0.5278,    25.5155                
# span 12 = 0.0000e+00, 0.0000e+00                
# interval = seconds: 1
# start_time = Feb 07 2014 01:01:23 [NMEA time, header]
# bad_flag = -9.990e-29
*END*
      1.071      1.079    13.7907  39.831010    33.2230    223.625     0.9227      8.216    94.6081 1.0354e-01 -0.5647556    24.8573  0.000e+00
      0.809      0.815    13.7651  39.807045    33.2230    223.736     0.9886      8.216    94.5307 5.6118e-02 -0.4985162    24.8625  0.000e+00
      0.830      0.837    13.7570  39.800347    33.2237    223.067     1.0179      8.216    94.4790 1.0700e-01 -0.4985162    24.8647  0.000e+00
      1.128      1.138    13.7574  39.800799    33.2237    223.779     0.9080      8.216    94.0400 5.4368e-02 -0.5647556    24.8646  0.000e+00
      1.307      1.318    13.7586  39.802410    33.2241    225.591     0.9447      8.216    94.4532 4.8745e-02 -0.5978752    24.8647  0.000e+00
      0.970      0.979    13.7585  39.802151    33.2240    224.121     0.9080      8.216    94.6081 9.8073e-03 -0.6309949    24.8647  0.000e+00
      0.656      0.662    13.7592  39.802278    33.2237    224.008     0.9959      8.216    94.4532 4.3688e-02 -0.6309949    24.8643  0.000e+00
      0.962      0.970    13.7592  39.802215    33.2236    222.860     0.9886      8.216    94.4790 3.7674e-02 -0.5316359    24.8642  0.000e+00
      0.990      0.998    13.7623  39.805629    33.2240    224.204     0.9154      8.216    94.7889 7.8152e-02 -0.4653966    24.8639  0.000e+00
      1.120      1.129    13.7658  39.808721    33.2238    224.848     0.9593      8.216    94.6856 3.8649e-02 -0.4653966    24.8630  0.000e+00
      1.093      1.102    13.7686  39.811040    33.2236    224.179     0.9373      8.216    94.6081 2.5540e-02 -0.4653966    24.8623  0.000e+00
      1.327      1.338    13.7729  39.814906    33.2233    223.663     0.9886      8.216    94.4015 1.6196e-02 -0.4653966    24.8611  0.000e+00
      2.042      2.059    13.7615  39.805118    33.2238    223.181     1.0252      8.216    94.2208 1.0000e-12 -0.4653966    24.8639  0.000e+00
      2.841      2.865    13.7604  39.804799    33.2241    223.964     0.9740      8.216    94.3241 3.1707e-03 -0.5978752    24.8644  0.000e+00
      3.539      3.568    13.7599  39.804480    33.2240    225.246     0.9520      8.216    93.9884 5.8515e-03 -0.5978752    24.8644  0.000e+00
      4.013      4.047    13.7598  39.804610    33.2240    223.647     1.0179      8.220    94.3757 1.0000e-12 -0.4653966    24.8644  0.000e+00
      4.445      4.481    13.7607  39.805771    33.2241    223.755     1.1132      8.216    94.4790 1.0000e-12 -0.5647556    24.8644  0.000e+00
      5.003      5.044    13.7613  39.806675    33.2242    224.575     1.1425      8.216    94.4015 1.0000e-12 -0.5316359    24.8643  0.000e+00
      5.726      5.773    13.7625  39.808031    33.2241    222.070     1.0326      8.220    94.2724 1.0000e-12 -0.4653966    24.8641  0.000e+00
      6.488      6.542    13.7625  39.808420    33.2242    224.208     0.9813      8.220    94.3241 1.0000e-12 -0.4985162    24.8642  0.000e+00
      7.087      7.146    13.7616  39.807972    33.2243    225.794     0.9886      8.220    94.4532 1.0000e-12 -0.4985162    24.8644  0.000e+00
      7.496      7.558    13.7607  39.807265    33.2243    223.892     1.0179      8.220    94.4790 1.0000e-12 -0.4985162    24.8646  0.000e+00
      7.893      7.959    13.7582  39.805205    33.2244    224.066     1.0912      8.220    94.5307 1.0000e-12 -0.4985162    24.8652  0.000e+00
      8.458      8.529    13.7586  39.805980    33.2245    222.718     1.0692      8.220    94.6339 1.0000e-12 -0.4985162    24.8653  0.000e+00
      9.173      9.249    13.7605  39.807593    33.2241    223.941     1.0106      8.220    94.7372 1.0000e-12 -0.4985162    24.8645  0.000e+00
      9.860      9.942    13.7609  39.808176    33.2240    224.263     0.9959      8.220    94.8405 1.0000e-12 -0.6309949    24.8644  0.000e+00
     10.342     10.428    13.7606  39.807984    33.2239    223.116     1.0545      8.220    94.7372 1.0000e-12 -0.4985162    24.8644  0.000e+00
     10.596     10.684    13.7578  39.805795    33.2241    223.540     1.1791      8.220    94.7631 7.3199e-05 -0.4985162    24.8652  0.000e+00
     10.842     10.932    13.7578  39.806183    33.2244    223.042     1.1937      8.220    94.7114 1.0000e-12 -0.5978752    24.8654  0.000e+00
     11.389     11.484    13.7577  39.806314    33.2244    223.058     1.2377      8.220    94.7889 1.0000e-12 -0.5978752    24.8654  0.000e+00
     12.169     12.270    13.7566  39.805608    33.2244    224.550     1.0179      8.220    94.8147 1.0000e-12 -0.4653966    24.8657  0.000e+00
     12.881     12.988    13.7563  39.805740    33.2245    223.512     1.0179      8.220    94.8405 1.0000e-12 -0.4985162    24.8659  0.000e+00
     13.328     13.439    13.7585  39.807867    33.2244    222.907     1.0839      8.220    94.8405 1.0000e-12 -0.5978752    24.8653  0.000e+00
     13.785     13.900    13.7581  39.807611    33.2243    223.529     1.0912      8.220    94.6598 1.0000e-12 -0.4653966    24.8654  0.000e+00
     14.469     14.590    13.7562  39.806326    33.2245    224.264     1.0765      8.220    94.8405 1.0000e-12 -0.4985162    24.8659  0.000e+00
     15.299     15.426    13.7557  39.806200    33.2244    223.936     1.0326      8.220    94.9180 1.0000e-12 -0.6309949    24.8660  0.000e+00
     16.113     16.247    13.7546  39.805559    33.2245    223.559     1.0179      8.221    94.8405 1.0000e-12 -0.4653966    24.8663  0.000e+00
     16.722     16.861    13.7552  39.806141    33.2243    225.192     1.0545      8.221    94.8922 1.0000e-12 -0.4985162    24.8660  0.000e+00
     17.107     17.249    13.7604  39.810716    33.2239    223.764     1.1132      8.220    94.8147 1.0000e-12 -0.6641145    24.8646  0.000e+00
     17.422     17.567    13.7602  39.810137    33.2234    221.903     1.1205      8.220    94.7889 1.0000e-12 -0.4653966    24.8643  0.000e+00
     17.925     18.074    13.7603  39.810913    33.2238    224.496     1.1132      8.220    94.8147 1.0000e-12 -0.4653966    24.8647  0.000e+00
     18.713     18.868    13.7587  39.810207    33.2242    223.010     1.0545      8.220    94.7889 1.0000e-12 -0.6641145    24.8653  0.000e+00
     19.624     19.788    13.7592  39.810984    33.2242    222.373     1.0472      8.220    94.8147 1.0000e-12 -0.4985162    24.8652  0.000e+00
     20.423     20.593    13.7573  39.809827    33.2244    223.975     1.0252      8.220    94.8663 1.0000e-12 -0.4985162    24.8657  0.000e+00
     20.901     21.075    13.7572  39.809894    33.2243    223.078     1.0839      8.220    94.9438 1.0000e-12 -0.6641145    24.8657  0.000e+00
     21.243     21.420    13.7578  39.810346    33.2241    221.820     1.2524      8.220    94.8922 1.0000e-12 -0.4985162    24.8655  0.000e+00
     21.759     21.941    13.7578  39.810734    33.2243    222.949     1.2011      8.220    94.8147 1.0000e-12 -0.4653966    24.8656  0.000e+00
     22.482     22.669    13.7579  39.811381    33.2245    223.577     1.0765      8.220    94.7631 1.0000e-12 -0.4653966    24.8657  0.000e+00
     23.259     23.452    13.7548  39.808486    33.2242    223.208     1.0179      8.221    94.8147 1.0000e-12 -0.4653966    24.8662  0.000e+00
     23.909     24.108    13.7512  39.805847    33.2245    223.597     1.0326      8.221    94.8405 1.0000e-12 -0.4653966    24.8672  0.000e+00
     24.364     24.567    13.7268  39.781955    33.2233    223.014     1.0619      8.221    94.8405 1.0000e-12 -0.4653966    24.8712  0.000e+00
     24.811     25.018    13.7265  39.784018    33.2253    224.242     1.0912      8.221    94.9954 1.0000e-12 -0.4653966    24.8729  0.000e+00
     25.399     25.610    13.7197  39.775842    33.2234    222.214     1.0472      8.221    95.0729 1.0000e-12 -0.4653966    24.8728  0.000e+00
     26.075     26.292    13.6872  39.746164    33.2236    222.275     0.9593      8.221    95.0987 1.0000e-12 -0.4985162    24.8797  0.000e+00
     26.751     26.974    13.6866  39.745781    33.2235    223.371     0.9447      8.216    95.1504 1.0000e-12 -0.4985162    24.8797  0.000e+00
     27.371     27.599    13.6883  39.747457    33.2233    222.261     0.9373      8.216    95.2795 1.0000e-12 -0.4985162    24.8792  0.000e+00
     27.895     28.128    13.6877  39.747072    33.2232    223.195     0.9373      8.221    95.2278 1.0000e-12 -0.4985162    24.8793  0.000e+00
     28.385     28.622    13.6745  39.733750    33.2221    223.680     0.9080      8.216    95.3311 1.0000e-12 -0.4985162    24.8811  0.000e+00
     28.943     29.184    13.6642  39.724420    33.2221    222.621     0.9007      8.216    95.3569 1.0000e-12 -0.4653966    24.8832  0.000e+00
     29.577     29.824    13.6430  39.703122    33.2204    222.382     0.9154      8.216    95.3053 1.0000e-12 -0.4653966    24.8863  0.000e+00
     30.281     30.533    13.6150  39.675974    33.2191    225.802     0.8714      8.216    95.3828 1.0000e-12 -0.4653966    24.8910  0.000e+00
     31.014     31.273    13.6076  39.669159    33.2189    224.276     0.7688      8.216    95.6926 1.0000e-12 -0.4653966    24.8924  0.000e+00
     31.748     32.013    13.6010  39.662086    33.2177    222.325     0.6956      8.217    95.9508 1.0000e-12 -0.4985162    24.8928  0.000e+00
     32.426     32.697    13.5778  39.638423    33.2155    223.126     0.6443      8.217    96.0541 1.0000e-12 -0.4653966    24.8958  0.000e+00
     32.869     33.143    13.5692  39.630194    33.2151    222.310     0.5564      8.217    96.2607 1.0000e-12 -0.4653966    24.8973  0.000e+00
     33.137     33.414    13.5661  39.626659    33.2143    222.897     0.5417      8.217    96.3898 1.0000e-12 -0.4985162    24.8973  0.000e+00
     33.601     33.881    13.5607  39.621453    33.2141    223.197     0.5051      8.217    96.5189 1.0000e-12 -0.4653966    24.8982  0.000e+00
     34.357     34.644    13.5276  39.586615    33.2099    222.093     0.4978      8.217    96.5964 1.0000e-12 -0.4985162    24.9018  0.000e+00
     35.229     35.523    13.4353  39.497711    33.2066    223.835     0.4392      8.213    96.7255 1.0000e-12 -0.4653966    24.9179  0.000e+00
     36.000     36.301    13.3902  39.455537    33.2060    223.609     0.3659      8.213    96.8546 1.0000e-12 -0.4653966    24.9265  0.000e+00
     36.554     36.860    13.3434  39.411648    33.2054    223.214     0.3439      8.208    96.9837 1.0000e-12 -0.4653966    24.9354  0.000e+00
     37.077     37.387    13.2961  39.364893    33.2025    222.992     0.3513      8.208    97.0870 1.0000e-12 -0.4653966    24.9427  0.000e+00
     37.713     38.029    13.2096  39.281571    33.1993    221.954     0.3586      8.204    97.1645 1.0000e-12 -0.4985162    24.9576  0.000e+00
     38.397     38.719    13.1127  39.189422    33.1969    221.225     0.3513      8.200    97.1645 1.0000e-12 -0.4985162    24.9750  0.000e+00
     39.034     39.360    12.9605  39.043148    33.1915    222.065     0.3000      8.196    97.2936 1.0000e-12 -0.5316359    25.0010  0.000e+00
     39.629     39.961    12.8227  38.913432    33.1891    222.317     0.2414      8.187    97.3969 1.0000e-12 -0.4653966    25.0261  0.000e+00
     40.291     40.628    12.6991  38.795683    33.1855    220.356     0.2707      8.183    97.4743 1.0000e-12 -0.4985162    25.0475  0.000e+00
     41.048     41.392    12.5345  38.638099    33.1797    219.755     0.2267      8.174    97.4485 1.0000e-12 -0.4653966    25.0748  0.000e+00
     41.887     42.238    12.3126  38.427605    33.1735    219.921     0.2487      8.166    97.3452 1.0000e-12 -0.5978752    25.1126  0.000e+00
     42.700     43.058    12.0861  38.217382    33.1713    218.878     0.2267      8.153    97.3452 1.0000e-12 -0.4985162    25.1539  0.000e+00
     43.324     43.687    11.9549  38.092444    33.1667    216.837     0.2121      8.144    97.1645 1.0000e-12 -0.4653966    25.1749  0.000e+00
     43.842     44.209    11.8163  37.962993    33.1642    215.265     0.1828      8.140    97.0095 1.0000e-12 -0.5647556    25.1989  0.000e+00
     44.520     44.894    11.6294  37.785766    33.1580    213.974     0.1608      8.127    96.8804 1.0000e-12 -0.4985162    25.2286  0.000e+00
     45.304     45.684    11.4468  37.616112    33.1551    212.248     0.1388      8.113    96.7771 1.0000e-12 -0.4985162    25.2597  0.000e+00
     46.047     46.433    11.2802  37.458956    33.1498    210.675     0.1022      8.105    96.4673 1.0000e-12 -0.5978752    25.2858  0.000e+00
     46.712     47.104    11.1029  37.295725    33.1480    209.369     0.0655      8.091    95.9767 1.0000e-12 -0.4985162    25.3162  0.000e+00
     47.438     47.836    10.9340  37.140859    33.1466    207.200     0.0509      8.078    95.4344 1.0000e-12 -0.4653966    25.3451  0.000e+00
     48.238     48.643    10.8413  37.057389    33.1471    203.866     0.0362      8.064    94.7372 1.0000e-12 -0.5978752    25.3619  0.000e+00
     49.011     49.422    10.8043  37.021596    33.1445    201.202     0.0069      8.055    93.3687 1.0000e-12 -0.4985162    25.3664  0.000e+00
     49.673     50.090    10.7709  36.989006    33.1420    199.018    -0.0004      8.050    92.1809 1.0000e-12 -0.5316359    25.3703  0.000e+00
     50.358     50.781    10.7339  36.952926    33.1393    197.422    -0.0004      8.046    91.0964 1.0000e-12 -0.7303538    25.3747  0.000e+00
     51.137     51.566    10.6994  36.920860    33.1383    196.644     0.0143      8.041    90.2442 1.0000e-12 -0.4985162    25.3799  0.000e+00
     51.934     52.370    10.6824  36.905552    33.1380    195.705     0.0362      8.036    89.1339 1.0000e-12 -0.4985162    25.3827  0.000e+00
     52.600     53.042    10.6708  36.894557    33.1372    195.067     0.0069      8.032    88.3334 1.0000e-12 -0.3660376    25.3841  0.000e+00
     53.179     53.626    10.6651  36.888560    33.1362    194.982    -0.0077      8.032    87.6879 1.0000e-12  0.2963556    25.3844  0.000e+00
     53.858     54.310    10.6616  36.884877    33.1354    194.384    -0.0004      8.032    87.4297 1.0000e-12  1.7536205    25.3843  0.000e+00
     54.655     55.114    10.6582  36.881443    33.1347    194.113    -0.0077      8.027    87.2231 1.0000e-12  1.1905863    25.3844  0.000e+00
     55.469     55.935    10.6526  36.876136    33.1341    194.268    -0.0150      8.027    87.0424 1.0000e-12  1.0912274    25.3850  0.000e+00
     56.083     56.555    10.6326  36.858398    33.1342    193.970    -0.0077      8.022    86.8616 1.0000e-12  1.6542615    25.3885  0.000e+00
     56.522     56.998    10.6253  36.851592    33.1339    193.362    -0.0150      8.022    86.2677 1.0000e-12  1.7536205    25.3895  0.000e+00
     57.107     57.588    10.6004  36.828989    33.1335    193.247    -0.0004      8.023    86.0095 1.0000e-12  1.1905863    25.3936  0.000e+00
     57.912     58.399    10.5673  36.799900    33.1341    193.171    -0.0297      8.018    85.3639 1.0000e-12  2.0848171    25.3998  0.000e+00
     58.777     59.272    10.5395  36.776624    33.1357    192.819    -0.0224      8.013    83.5306 1.0000e-12  4.0057573    25.4059  0.000e+00
     59.399     59.899    10.5273  36.766580    33.1364    191.976    -0.0150      8.013    80.8193 1.0000e-12  1.7867402    25.4085  0.000e+00
     59.772     60.275    10.5211  36.761216    33.1365    190.684    -0.0297      8.009    79.2184 1.0000e-12  2.5484923    25.4097  0.000e+00
     60.299     60.806    10.5139  36.753668    33.1353    190.076    -0.0150      8.009    78.8310 1.0000e-12  2.5153726    25.4100  0.000e+00
     61.038     61.552    10.5016  36.742941    33.1354    189.748    -0.0150      8.009    78.4695 1.0000e-12  2.1179368    25.4122  0.000e+00
     61.824     62.345    10.4892  36.732464    33.1359    189.585    -0.0224      8.004    78.0822 1.0000e-12  2.1179368    25.4147  0.000e+00
     62.447     62.973    10.4854  36.729223    33.1358    189.803    -0.0224      8.004    77.4108 1.0000e-12  3.3433641    25.4153  0.000e+00
     62.965     63.496    10.4805  36.725046    33.1358    189.767    -0.0150      8.004    76.9461 1.0000e-12  3.4427231    25.4162  0.000e+00
     63.562     64.097    10.4732  36.719311    33.1364    189.484    -0.0077      8.004    76.6362 1.0000e-12  3.0784068    25.4179  0.000e+00
