Arg_L1_T9_NV.cnv
* Sea-Bird SBE 9 Data File:
* FileName = S:\CTD_Data\CTD\Data\Argentina 2014\Data\Arg_L1_T9.hex
* Software Version Seasave V 7.21g
* Temperature SN = 5769
* Conductivity SN = 4244
* Number of Bytes Per Scan = 31
* Number of Voltage Words = 4
* Number of Scans Averaged by the Deck Unit = 24
* NMEA Latitude = 46 02.12 S
* NMEA Longitude = 066 34.16 W
* NMEA UTC (Time) = Feb 03 2014 16:56:39
* NMEA baud rate = 9600
** R/V Coriolis II
** MARES project, ARGENTINA 2014
** Chief scientist : Dr. Gustavo Ferreyra
** Co-Chief scientist : Dr. José Luis Esteves
# nquan = 13
# nvalues = 604                                   
# units = specified
# name 0 = depSM: Depth [salt water, m]
# name 1 = prDM: Pressure, Digiquartz [db]
# name 2 = t090C: Temperature [ITS-90, deg C]
# name 3 = c0mS/cm: Conductivity [mS/cm]
# name 4 = sal00: Salinity, Practical [PSU]
# name 5 = sbeox0Mm/Kg: Oxygen, SBE 43 [umol/Kg]
# name 6 = flECO-AFL: Fluorescence, WET Labs ECO-AFL/FL [mg/m^3]
# name 7 = ph: pH
# name 8 = CStarTr0: Beam Transmission, WET Labs C-Star [%]
# name 9 = par: PAR/Irradiance, Biospherical/Licor
# name 10 = upoly0: Upoly 0, Nitrate
# name 11 = sigma-é00: Density [sigma-theta, Kg/m^3]
# name 12 = flag:  0.000e+00
# span 0 =     -0.265,     86.354                 
# span 1 =     -0.267,     87.087                 
# span 2 =     7.7055,    15.1429                 
# span 3 =   3.221317,  41.405312                 
# span 4 =     2.1480,    33.5059                 
# span 5 =    146.230,    273.523                 
# span 6 =    -0.2568,    26.8128                 
# span 7 =      7.777,      8.243                 
# span 8 =    60.8591,    95.9250                 
# span 9 = 1.0000e-12, 2.0307e+03                 
# span 10 = -0.7634735,  8.9074667                
# span 11 =     0.8348,    26.0743                
# span 12 = 0.0000e+00, 0.0000e+00                
# interval = seconds: 1
# start_time = Feb 03 2014 16:56:39 [NMEA time, header]
# bad_flag = -9.990e-29
*END*
[from data line 556]
      2.133      2.151    15.1136  41.382248    33.5050    210.402     0.2853      8.215    91.5870 1.2277e+03 -0.6309949    24.7949  0.000e+00
      1.767      1.781    15.1134  41.382116    33.5052    210.723     0.2853      8.215    91.5870 1.3972e+03 -0.6309949    24.7951  0.000e+00
      1.127      1.137    15.1126  41.381131    33.5053    210.563     0.3146      8.215    91.5870 1.4130e+03 -0.6309949    24.7953  0.000e+00
      0.500      0.505    15.1135  41.381718    33.5053    210.689     0.3146      8.215    91.5870 1.4451e+03 -0.6309949    24.7951  0.000e+00
      0.433      0.436    15.1147  41.383026    33.5054    211.196    16.1535      8.215    91.5612 1.9359e+03 -0.6309949    24.7949  0.000e+00
      0.499      0.503    15.1295  41.396834    33.5052    211.282    16.1315      8.215    91.5612 2.0307e+03 -0.6309949    24.7915  0.000e+00
     -0.088     -0.089    15.1308  36.392590    29.0272    218.037    10.9080      8.215    89.9602 1.9688e+03 -0.6309949    21.3452  0.000e+00
     -0.256     -0.258    14.8977   7.766079     5.4362    261.204    21.3110      8.211    68.9413 1.9688e+03 -0.5978752     3.3025  0.000e+00
     -0.239     -0.241    15.1116  25.793356    19.8640    225.403     0.0436      8.215    69.0704 1.9305e+03 -0.5978752    14.3170  0.000e+00
     -0.254     -0.257    15.1257  26.669043    20.5982    209.412    -0.0883      8.219    71.4460 1.8612e+03 -0.5316359    14.8769  0.000e+00
     -0.252     -0.254    15.1300  24.327434    18.6208    206.061    -0.1176      8.219    70.6714 1.8822e+03 -0.4985162    13.3609  0.000e+00
     -0.256     -0.258    15.1429  36.472177    29.0888    188.968    -0.1176      8.215    69.8967 1.9911e+03 -0.4985162    21.3900  0.000e+00
     -0.258     -0.261    15.1143  30.432443    23.8260    191.038    26.8128      8.210    69.1221 2.0023e+03 -0.4985162    17.3543  0.000e+00
     -0.247     -0.249    15.1031  20.728128    15.6406    194.908     5.2084      8.210    68.4765 1.8560e+03 -0.4985162    11.0837  0.000e+00
     -0.250     -0.252    15.0825  21.073888    15.9339    192.279     0.6809      8.210    70.0517 1.8352e+03 -0.4985162    11.3121  0.000e+00
     -0.257     -0.259    15.0861  21.871928    16.5927    195.663     0.9373      8.201    77.4625 1.4451e+03 -0.4985162    11.8159  0.000e+00
     -0.253     -0.255    15.0753  22.856611    17.4160    193.994     0.9666      8.192    80.3029 1.1315e+03 -0.4985162    12.4484  0.000e+00
     -0.239     -0.241    15.0722  19.800268    14.8900    192.694     0.4685      8.178    80.4062 2.9844e+02 -0.4985162    10.5146  0.000e+00
     -0.258     -0.260    15.0697  12.723913     9.2128    218.516    -0.2055      8.178    80.6127 5.6660e+02 -0.4985162     6.1685  0.000e+00
     -0.258     -0.260    15.0566   7.177383     4.9754    258.686    -0.2568      8.178    80.6644 3.6234e+02 -0.4985162     2.9231  0.000e+00
     -0.254     -0.256    15.0501   6.048460     4.1431    273.523    -0.0370      8.178    80.7935 2.1659e+02 -0.4985162     2.2854  0.000e+00
     -0.258     -0.260    15.0420   6.815624     4.7089    269.188    -0.1176      8.178    80.8451 2.5069e+02 -0.4985162     2.7210  0.000e+00
     -0.260     -0.262    15.0255   7.007582     4.8531    263.333    -0.1176      8.173    80.8710 1.9907e+02 -0.5316359     2.8344  0.000e+00
     -0.250     -0.252    14.9999   8.418341     5.9126    257.799    -0.1323      8.169    80.8710 3.0182e+02 -0.5647556     3.6513  0.000e+00
     -0.265     -0.267    14.9583   9.085629     6.4248    256.757    -0.1323      8.164    80.8710 4.3746e+02 -0.4985162     4.0509  0.000e+00
     -0.260     -0.262    14.9146   7.004811     4.8647    261.396    -0.1249      8.155    80.9484 1.9519e+02 -0.4985162     2.8611  0.000e+00
     -0.254     -0.256    14.8949   6.714466     4.6514    262.925    -0.1176      8.151    80.9484 9.4519e+02 -0.4985162     2.7005  0.000e+00
     -0.257     -0.259    14.8813   8.876832     6.2783    260.057    -0.1249      8.137    80.8710 1.7893e+03 -0.4985162     3.9512  0.000e+00
     -0.252     -0.254    14.8698   8.622148     6.0867    259.695    -0.1249      8.137    80.9226 1.9143e+03 -0.4985162     3.8060  0.000e+00
     -0.257     -0.259    14.8394   6.751687     4.6856    262.064    -0.1249      8.133    80.9226 1.8822e+03 -0.4985162     2.7356  0.000e+00
     -0.259     -0.262    14.8157   6.822786     4.7413    262.458    -0.1323      8.123    81.0001 1.5416e+03 -0.4985162     2.7822  0.000e+00
     -0.262     -0.264    14.7924   5.866723     4.0365    263.411    -0.1323      8.128    80.9226 1.8560e+03 -0.4985162     2.2444  0.000e+00
     -0.262     -0.264    14.7750   5.086911     3.4678    262.847    -0.1249      8.128    80.7160 1.8664e+03 -0.4985162     1.8101  0.000e+00
     -0.258     -0.260    14.7590   4.553397     3.0828    261.567    -0.1249      8.124    80.7160 1.4989e+03 -0.4985162     1.5165  0.000e+00
     -0.257     -0.259    14.7430   4.831888     3.2854    259.091    -0.1249      8.119    80.7418 1.4656e+03 -0.4985162     1.6748  0.000e+00
     -0.258     -0.260    14.7258   5.101562     3.4828    257.924    -0.1323      8.119    80.8193 1.1936e+03 -0.4985162     1.8293  0.000e+00
     -0.256     -0.259    14.7070   5.112263     3.4923    257.566    -0.1176      8.115    80.8451 3.3397e+02 -0.4985162     1.8395  0.000e+00
     -0.258     -0.260    14.6891   5.205271     3.5617    257.461    -0.1323      8.115    80.7935 1.3967e+02 -0.4985162     1.8956  0.000e+00
     -0.261     -0.263    14.6738   5.198150     3.5579    257.473    -0.1396      8.115    80.8451 3.9757e+02 -0.4985162     1.8951  0.000e+00
     -0.263     -0.266    14.6593   4.877027     3.3252    257.836    -0.1249      8.110    80.9226 1.6308e+03 -0.4985162     1.7183  0.000e+00
     -0.263     -0.266    14.6451   4.552012     3.0907    258.202    -0.1249      8.110    80.8968 1.1347e+03 -0.4985162     1.5401  0.000e+00
     -0.262     -0.264    14.6279   4.352049     2.9477    258.605    -0.1249      8.110    81.0259 9.9986e+02 -0.4985162     1.4327  0.000e+00
     -0.261     -0.263    14.6072   4.824228     3.2912    258.160    -0.1323      8.106    81.0259 2.0706e+02 -0.4985162     1.7002  0.000e+00
     -0.261     -0.263    14.5810   4.673322     3.1837    258.316    -0.1396      8.106    81.1034 1.4006e+02 -0.4985162     1.6215  0.000e+00
     -0.259     -0.261    14.5602   5.152136     3.5345    258.042    -0.1396      8.101    81.1550 1.4006e+02 -0.4985162     1.8946  0.000e+00
     -0.261     -0.263    14.5412   4.791225     3.2727    258.433    -0.1249      8.101    81.2066 1.3967e+02 -0.4985162     1.6961  0.000e+00
     -0.262     -0.264    14.5235   3.958038     2.6718    259.609    -0.1323      8.101    81.2841 1.3967e+02 -0.4653966     1.2361  0.000e+00
     -0.263     -0.266    14.5079   3.221317     2.1480    260.878    -0.1249      8.097    81.3357 1.4006e+02 -0.4985162     0.8348  0.000e+00
