Arg_L2_SF07_NV.cnv
* Sea-Bird SBE 9 Data File:
* FileName = S:\CTD_Data\CTD\Data\Argentina 2014\Data\Arg_L2_SF07.hex
* Software Version Seasave V 7.21g
* Temperature SN = 5769
* Conductivity SN = 4244
* Number of Bytes Per Scan = 31
* Number of Voltage Words = 4
* Number of Scans Averaged by the Deck Unit = 24
* NMEA Latitude = 45 56.70 S
* NMEA Longitude = 065 33.48 W
* NMEA UTC (Time) = Feb 07 2014 05:09:48
* NMEA baud rate = 9600
** R/V Coriolis II
** MARES project, ARGENTINA 2014
** Chief scientist : Dr. Gustavo Ferreyra
** Co-Chief scientist : Dr. José Luis Esteves
# nquan = 13
# nvalues = 803                                   
# units = specified
# name 0 = depSM: Depth [salt water, m]
# name 1 = prDM: Pressure, Digiquartz [db]
# name 2 = t090C: Temperature [ITS-90, deg C]
# name 3 = c0mS/cm: Conductivity [mS/cm]
# name 4 = sal00: Salinity, Practical [PSU]
# name 5 = sbeox0Mm/Kg: Oxygen, SBE 43 [umol/Kg]
# name 6 = flECO-AFL: Fluorescence, WET Labs ECO-AFL/FL [mg/m^3]
# name 7 = ph: pH
# name 8 = CStarTr0: Beam Transmission, WET Labs C-Star [%]
# name 9 = par: PAR/Irradiance, Biospherical/Licor
# name 10 = upoly0: Upoly 0, Nitrate
# name 11 = sigma-é00: Density [sigma-theta, Kg/m^3]
# name 12 = flag:  0.000e+00
# span 0 =     -0.420,     83.554                 
# span 1 =     -0.424,     84.263                 
# span 2 =     9.4864,    13.8041                 
# span 3 =   2.851500,  39.877244                 
# span 4 =     1.9289,    33.2850                 
# span 5 =    139.425,    274.501                 
# span 6 =    -0.1249,     1.0839                 
# span 7 =      7.819,      8.216                 
# span 8 =    46.7604,    97.5518                 
# span 9 = 1.0000e-12, 1.2321e+00                 
# span 10 = -0.7303538,  4.5687915                
# span 11 =     0.7874,    25.6984                
# span 12 = 0.0000e+00, 0.0000e+00                
# interval = seconds: 1
# start_time = Feb 07 2014 05:09:48 [NMEA time, header]
# bad_flag = -9.990e-29
*END*
[from data line 445]
     33.792     34.075    13.6303  39.689369    33.2169    220.241     0.5198      8.184    95.5635 1.0000e-12 -0.4653966    24.8863  0.000e+00
     33.034     33.309    13.6798  39.737951    33.2195    220.880     0.6736      8.188    95.4344 3.4694e-04 -0.4653966    24.8782  0.000e+00
     32.557     32.829    13.7046  39.762927    33.2215    220.731     0.8128      8.188    95.4086 1.0381e-03 -0.4653966    24.8746  0.000e+00
     32.444     32.715    13.7473  39.805301    33.2240    220.972     0.9007      8.188    95.2795 2.0988e-04 -0.4653966    24.8678  0.000e+00
     32.430     32.701    13.7525  39.811227    33.2250    220.736     0.8421      8.193    95.2537 6.2223e-04 -0.4985162    24.8676  0.000e+00
     31.865     32.131    13.7199  39.779215    33.2237    221.579     0.8274      8.193    95.1762 6.2223e-04 -0.4653966    24.8732  0.000e+00
     30.735     30.991    13.6970  39.761634    33.2276    221.898     0.8201      8.193    95.2537 1.0000e-12 -0.4653966    24.8809  0.000e+00
     29.609     29.856    13.7318  39.793568    33.2276    220.836     0.8934      8.193    95.3053 3.3161e-03 -0.4653966    24.8737  0.000e+00
     28.773     29.013    13.7352  39.796656    33.2279    220.896     0.9740      8.197    95.3569 8.9907e-04 -0.4653966    24.8733  0.000e+00
     28.222     28.457    13.7430  39.804641    33.2288    220.994     0.9813      8.197    95.2020 7.3199e-05 -0.4653966    24.8723  0.000e+00
     28.024     28.258    13.7497  39.811790    33.2298    221.615     0.8714      8.197    95.2278 7.3199e-05 -0.4653966    24.8717  0.000e+00
     28.109     28.344    13.7507  39.813208    33.2301    221.053     0.8421      8.197    95.2020 7.3199e-05 -0.4653966    24.8718  0.000e+00
     28.006     28.240    13.7538  39.816750    33.2308    221.135     0.8201      8.197    95.0987 7.3199e-05 -0.4653966    24.8716  0.000e+00
     27.120     27.347    13.7412  39.804444    33.2306    221.726     0.8055      8.197    95.2537 1.0000e-12 -0.4653966    24.8741  0.000e+00
     25.708     25.923    13.7483  39.811846    33.2319    220.535     0.8494      8.197    95.2278 1.0000e-12 -0.4653966    24.8736  0.000e+00
     24.545     24.749    13.7554  39.818348    33.2323    220.976     0.9227      8.202    95.2278 1.0000e-12 -0.4653966    24.8724  0.000e+00
     23.987     24.187    13.7492  39.812999    33.2329    221.394     0.9300      8.202    95.1762 1.0000e-12 -0.4653966    24.8741  0.000e+00
     23.838     24.036    13.7638  39.827557    33.2338    221.624     0.9373      8.202    95.2537 1.0000e-12 -0.4653966    24.8718  0.000e+00
     23.869     24.068    13.7663  39.830199    33.2342    221.613     0.8641      8.202    95.1504 1.0000e-12 -0.4653966    24.8716  0.000e+00
     23.821     24.019    13.7646  39.828782    33.2343    221.568     0.8348      8.202    95.1504 1.0000e-12 -0.4985162    24.8720  0.000e+00
     23.544     23.740    13.7641  39.828072    33.2342    221.208     0.8201      8.202    95.1762 1.0000e-12 -0.4653966    24.8721  0.000e+00
     23.015     23.206    13.7632  39.827490    33.2347    220.640     0.8201      8.202    95.2278 1.0000e-12 -0.4985162    24.8726  0.000e+00
     22.231     22.416    13.7609  39.825425    33.2350    221.185     0.8714      8.202    95.1762 1.0000e-12 -0.4653966    24.8733  0.000e+00
     21.446     21.625    13.7628  39.826840    33.2350    221.357     0.9227      8.202    95.0987 1.0000e-12 -0.4653966    24.8729  0.000e+00
     21.108     21.283    13.7625  39.826774    33.2354    221.500     0.9740      8.207    95.2020 1.0000e-12 -0.4653966    24.8732  0.000e+00
     21.233     21.410    13.7632  39.827548    33.2355    220.792     0.9740      8.202    95.2537 1.0000e-12 -0.4985162    24.8731  0.000e+00
     21.372     21.550    13.7617  39.826324    33.2356    221.662     0.9227      8.202    95.1504 1.0000e-12 -0.4653966    24.8735  0.000e+00
     20.971     21.145    13.7557  39.819751    33.2348    221.731     0.8494      8.202    95.1504 1.0000e-12 -0.4653966    24.8741  0.000e+00
     19.746     19.910    13.7504  39.814529    33.2350    220.757     0.8274      8.202    95.2020 1.0000e-12 -0.4653966    24.8754  0.000e+00
     18.236     18.388    13.7566  39.819998    33.2353    219.828     0.8934      8.202    95.0987 1.0000e-12 -0.4985162    24.8743  0.000e+00
     17.580     17.726    13.7555  39.819030    33.2357    222.140     0.9593      8.207    95.1762 1.0000e-12 -0.4653966    24.8747  0.000e+00
     17.835     17.984    13.7589  39.822445    33.2358    221.678     0.8128      8.207    95.2020 1.0000e-12 -0.4653966    24.8741  0.000e+00
     18.415     18.568    13.7556  39.819484    33.2356    220.139     0.7981      8.207    95.1762 1.0000e-12 -0.4653966    24.8747  0.000e+00
     19.088     19.247    13.7531  39.817296    33.2355    220.070     0.8348      8.207    95.1246 1.0000e-12 -0.4653966    24.8752  0.000e+00
     19.256     19.416    13.7553  39.819745    33.2359    220.621     0.8567      8.207    95.2278 1.0000e-12 -0.4653966    24.8750  0.000e+00
     18.185     18.336    13.7573  39.821287    33.2360    222.049     0.8934      8.207    95.0987 1.0000e-12 -0.4653966    24.8747  0.000e+00
     17.539     17.685    13.7572  39.821220    33.2363    220.766     0.9520      8.207    95.0987 1.0000e-12 -0.4653966    24.8749  0.000e+00
     17.713     17.860    13.7601  39.824313    33.2366    219.442     0.9740      8.207    95.0987 1.0000e-12 -0.4653966    24.8745  0.000e+00
     18.407     18.560    13.7600  39.824251    33.2363    220.778     0.9300      8.207    95.2795 1.0000e-12 -0.4985162    24.8744  0.000e+00
     19.221     19.381    13.7532  39.817812    33.2359    221.946     0.8787      8.207    95.2020 1.0000e-12 -0.4653966    24.8754  0.000e+00
     19.777     19.941    13.7556  39.820584    33.2361    219.774     0.8494      8.207    95.2020 1.0000e-12 -0.4653966    24.8752  0.000e+00
     18.974     19.132    13.7515  39.816201    33.2359    220.781     0.8055      8.207    95.2020 1.0000e-12 -0.4985162    24.8758  0.000e+00
     17.706     17.853    13.7508  39.815036    33.2360    220.701     0.8201      8.207    95.2020 1.0000e-12 -0.4985162    24.8760  0.000e+00
     16.872     17.012    13.7561  39.820186    33.2365    220.550     0.9373      8.207    95.1504 1.0000e-12 -0.4653966    24.8753  0.000e+00
     17.023     17.164    13.7556  39.819543    33.2363    220.811     0.9300      8.207    95.2020 1.0000e-12 -0.4653966    24.8752  0.000e+00
     17.698     17.846    13.7508  39.815036    33.2360    221.154     0.9813      8.207    95.2278 1.0000e-12 -0.4653966    24.8760  0.000e+00
     18.487     18.641    13.7511  39.815683    33.2360    219.962     0.8861      8.207    95.2020 1.0000e-12 -0.4653966    24.8760  0.000e+00
     18.614     18.769    13.7473  39.811432    33.2353    221.348     0.8128      8.207    95.2537 1.0000e-12 -0.4985162    24.8761  0.000e+00
     17.539     17.685    13.7523  39.816904    33.2365    220.335     0.8274      8.207    95.2278 1.0000e-12 -0.4653966    24.8760  0.000e+00
     16.800     16.939    13.7529  39.817094    33.2364    218.944     0.9227      8.207    95.1246 1.0000e-12 -0.4653966    24.8759  0.000e+00
     16.999     17.140    13.7513  39.815355    33.2361    219.971     0.9813      8.207    95.0987 1.0000e-12 -0.4653966    24.8760  0.000e+00
     17.735     17.883    13.7463  39.810591    33.2357    219.863     0.9447      8.207    95.1762 1.0000e-12 -0.4653966    24.8767  0.000e+00
     18.555     18.709    13.7470  39.811496    33.2356    219.175     0.8787      8.207    95.2020 1.0000e-12 -0.4653966    24.8765  0.000e+00
     19.069     19.227    13.7470  39.811885    33.2358    220.454     0.8641      8.207    95.3053 1.0000e-12 -0.4653966    24.8766  0.000e+00
     18.768     18.924    13.7477  39.812464    33.2358    222.265     0.7981      8.207    95.2020 1.0000e-12 -0.4985162    24.8765  0.000e+00
     17.986     18.136    13.7484  39.812525    33.2356    220.569     0.7908      8.207    95.2278 1.0000e-12 -0.4653966    24.8762  0.000e+00
     17.192     17.335    13.7484  39.812200    33.2356    220.090     0.8348      8.207    95.0471 1.0000e-12 -0.4653966    24.8762  0.000e+00
     17.103     17.245    13.7479  39.811684    33.2356    221.052     0.9373      8.207    95.2537 1.0000e-12 -0.4653966    24.8763  0.000e+00
     17.696     17.843    13.7459  39.809818    33.2353    220.167     0.9520      8.207    95.2020 1.0000e-12 -0.4653966    24.8764  0.000e+00
     18.475     18.628    13.7479  39.812398    33.2357    219.622     0.9007      8.207    95.1762 1.0000e-12 -0.4653966    24.8764  0.000e+00
     19.054     19.213    13.7489  39.813753    33.2358    220.747     0.8421      8.207    95.2537 1.0000e-12 -0.4985162    24.8763  0.000e+00
     18.665     18.820    13.7478  39.812463    33.2358    220.591     0.8128      8.207    95.3311 1.0000e-12 -0.4985162    24.8765  0.000e+00
     18.277     18.429    13.7462  39.810336    33.2354    220.536     0.8201      8.207    95.0987 1.0000e-12 -0.4653966    24.8764  0.000e+00
     18.381     18.534    13.7463  39.810594    33.2355    221.095     0.8714      8.207    95.2020 1.0000e-12 -0.4653966    24.8765  0.000e+00
     18.726     18.881    13.7412  39.805507    33.2350    220.572     0.8787      8.207    95.2537 1.0000e-12 -0.4653966    24.8772  0.000e+00
     18.943     19.101    13.7421  39.807182    33.2357    219.661     0.8348      8.207    95.2020 1.0000e-12 -0.4653966    24.8776  0.000e+00
     19.114     19.273    13.7492  39.814140    33.2359    220.545     0.8128      8.207    95.2278 1.0000e-12 -0.4653966    24.8763  0.000e+00
     19.392     19.553    13.7501  39.815172    33.2360    221.308     0.7981      8.207    95.2278 1.0000e-12 -0.4653966    24.8762  0.000e+00
     19.825     19.990    13.7502  39.815431    33.2360    219.143     0.8274      8.207    95.2020 1.0000e-12 -0.4653966    24.8761  0.000e+00
     20.052     20.219    13.7448  39.810085    33.2356    219.680     0.8348      8.207    95.2537 1.0000e-12 -0.4653966    24.8770  0.000e+00
     20.138     20.306    13.7482  39.813306    33.2356    222.453     0.8348      8.207    95.2278 1.0000e-12 -0.4653966    24.8763  0.000e+00
     19.979     20.145    13.7473  39.812790    33.2360    219.921     0.8201      8.207    95.0987 1.0000e-12 -0.4653966    24.8767  0.000e+00
     19.942     20.108    13.7461  39.811566    33.2359    219.265     0.8787      8.207    95.2020 1.0000e-12 -0.4653966    24.8769  0.000e+00
     20.171     20.339    13.7437  39.809119    33.2356    222.272     0.9080      8.207    95.3311 1.0000e-12 -0.4653966    24.8772  0.000e+00
     20.662     20.834    13.7435  39.809121    33.2356    219.958     0.8787      8.207    95.2278 1.0000e-12 -0.4985162    24.8772  0.000e+00
     21.058     21.234    13.7449  39.810604    33.2356    219.301     0.8641      8.207    95.1762 1.0000e-12 -0.4985162    24.8770  0.000e+00
     20.886     21.060    13.7442  39.809637    33.2353    221.582     0.8494      8.207    95.2537 1.0000e-12 -0.4653966    24.8769  0.000e+00
     20.422     20.592    13.7442  39.809571    33.2355    220.302     0.8714      8.207    95.2278 1.0000e-12 -0.4985162    24.8770  0.000e+00
     20.320     20.489    13.7446  39.810022    33.2356    220.043     0.8567      8.207    95.2795 1.0000e-12 -0.4653966    24.8771  0.000e+00
     20.663     20.835    13.7472  39.812793    33.2358    221.004     1.0399      8.211    95.2278 1.0000e-12 -0.4653966    24.8767  0.000e+00
     21.027     21.202    13.7468  39.812279    33.2355    221.876     0.9080      8.211    95.2537 1.0000e-12 -0.4653966    24.8765  0.000e+00
     21.197     21.373    13.7465  39.812409    33.2358    220.261     0.8421      8.207    95.3053 1.0000e-12 -0.4653966    24.8768  0.000e+00
     21.238     21.414    13.7494  39.815243    33.2359    219.994     0.8494      8.207    95.2020 1.0000e-12 -0.4985162    24.8763  0.000e+00
     21.276     21.453    13.7489  39.814921    33.2360    220.101     0.8934      8.211    95.0987 1.0000e-12 -0.4985162    24.8765  0.000e+00
     21.262     21.439    13.7513  39.817369    33.2362    220.595     0.8787      8.211    95.3053 1.0000e-12 -0.4653966    24.8762  0.000e+00
     21.229     21.406    13.7532  39.819237    33.2364    220.991     0.8494      8.211    95.2020 1.0000e-12 -0.4653966    24.8759  0.000e+00
     21.383     21.561    13.7557  39.822072    33.2368    220.932     0.8494      8.211    95.2020 1.0000e-12 -0.4985162    24.8757  0.000e+00
     21.559     21.739    13.7561  39.822395    33.2367    221.289     0.8421      8.211    95.2020 1.0000e-12 -0.4985162    24.8755  0.000e+00
     21.504     21.683    13.7567  39.823232    33.2369    220.373     0.8421      8.211    95.1762 1.0000e-12 -0.4653966    24.8756  0.000e+00
     21.452     21.631    13.7575  39.824070    33.2370    219.811     0.8567      8.211    95.1246 1.0000e-12 -0.4985162    24.8755  0.000e+00
     21.730     21.911    13.7582  39.824908    33.2371    220.576     0.8787      8.211    95.2020 1.0000e-12 -0.4985162    24.8755  0.000e+00
     22.099     22.283    13.7585  39.825361    33.2371    220.787     0.9007      8.211    95.1762 1.0000e-12 -0.4985162    24.8754  0.000e+00
     22.087     22.271    13.7580  39.824781    33.2370    221.295     0.8421      8.211    95.1762 1.0000e-12 -0.4985162    24.8754  0.000e+00
     21.791     21.972    13.7580  39.824715    33.2371    221.286     0.8714      8.211    95.1504 1.0000e-12 -0.4653966    24.8754  0.000e+00
     21.654     21.834    13.7565  39.823040    33.2369    219.821     0.8714      8.211    95.1762 1.0000e-12 -0.4653966    24.8756  0.000e+00
     21.751     21.933    13.7567  39.823362    33.2369    219.469     0.9080      8.211    95.0729 1.0000e-12 -0.4653966    24.8756  0.000e+00
     21.976     22.159    13.7562  39.822848    33.2369    220.441     0.8934      8.211    95.1504 1.0000e-12 -0.4985162    24.8757  0.000e+00
     22.268     22.454    13.7564  39.823300    33.2370    220.651     0.8787      8.211    95.2537 1.0000e-12 -0.4653966    24.8757  0.000e+00
     22.419     22.606    13.7559  39.822656    33.2367    221.517     0.8641      8.211    95.2278 1.0000e-12 -0.4653966    24.8757  0.000e+00
     22.305     22.491    13.7551  39.822012    33.2368    221.163     0.8494      8.211    95.1504 1.0000e-12 -0.4653966    24.8759  0.000e+00
     22.095     22.279    13.7549  39.821624    33.2367    220.195     0.8861      8.211    95.2278 1.0000e-12 -0.4653966    24.8758  0.000e+00
     21.963     22.146    13.7507  39.816985    33.2362    220.769     0.9007      8.211    95.3311 1.0000e-12 -0.4653966    24.8763  0.000e+00
     22.054     22.237    13.7472  39.813443    33.2358    220.636     0.8714      8.211    95.3311 1.0000e-12 -0.4653966    24.8767  0.000e+00
     22.239     22.424    13.7478  39.814023    33.2357    221.499     0.9154      8.211    95.2795 1.0000e-12 -0.4985162    24.8765  0.000e+00
     22.274     22.459    13.7467  39.812928    33.2357    220.291     0.8494      8.211    95.1504 1.0000e-12 -0.4653966    24.8767  0.000e+00
     22.353     22.539    13.7433  39.809579    33.2355    220.762     0.8421      8.211    95.0729 1.0000e-12 -0.4653966    24.8772  0.000e+00
     22.536     22.724    13.7429  39.809064    33.2353    220.874     0.8494      8.211    95.2795 1.0000e-12 -0.4985162    24.8772  0.000e+00
     22.566     22.754    13.7430  39.809386    33.2355    219.910     0.8641      8.211    95.1762 1.0000e-12 -0.4653966    24.8774  0.000e+00
     22.371     22.558    13.7443  39.810738    33.2357    221.013     0.8494      8.211    95.2537 1.0000e-12 -0.4985162    24.8772  0.000e+00
     22.113     22.297    13.7482  39.814538    33.2359    221.545     0.8494      8.207    95.2020 1.0000e-12 -0.6309949    24.8766  0.000e+00
