Arg_L2_SF02_NV.cnv
* Sea-Bird SBE 9 Data File:
* FileName = S:\CTD_Data\CTD\Data\Argentina 2014\Data\Arg_L2_SF02.hex
* Software Version Seasave V 7.21g
* Temperature SN = 5769
* Conductivity SN = 4244
* Number of Bytes Per Scan = 31
* Number of Voltage Words = 4
* Number of Scans Averaged by the Deck Unit = 24
* NMEA Latitude = 45 57.16 S
* NMEA Longitude = 065 35.32 W
* NMEA UTC (Time) = Feb 06 2014 18:58:16
* NMEA baud rate = 9600
** R/V Coriolis II
** MARES project, ARGENTINA 2014
** Chief scientist : Dr. Gustavo Ferreyra
** Co-Chief scientist : Dr. José Luis Esteves
# nquan = 13
# nvalues = 355                                   
# units = specified
# name 0 = depSM: Depth [salt water, m]
# name 1 = prDM: Pressure, Digiquartz [db]
# name 2 = t090C: Temperature [ITS-90, deg C]
# name 3 = c0mS/cm: Conductivity [mS/cm]
# name 4 = sal00: Salinity, Practical [PSU]
# name 5 = sbeox0Mm/Kg: Oxygen, SBE 43 [umol/Kg]
# name 6 = flECO-AFL: Fluorescence, WET Labs ECO-AFL/FL [mg/m^3]
# name 7 = ph: pH
# name 8 = CStarTr0: Beam Transmission, WET Labs C-Star [%]
# name 9 = par: PAR/Irradiance, Biospherical/Licor
# name 10 = upoly0: Upoly 0, Nitrate
# name 11 = sigma-é00: Density [sigma-theta, Kg/m^3]
# name 12 = flag:  0.000e+00
# span 0 =     -0.350,     84.016                 
# span 1 =     -0.353,     84.729                 
# span 2 =     8.9840,    14.5354                 
# span 3 =   1.829960,  40.217261                 
# span 4 =     1.1943,    33.3396                 
# span 5 =    132.876,    277.519                 
# span 6 =    -0.1176,    24.7908                 
# span 7 =      7.815,      8.271                 
# span 8 =    24.5796,    96.6222                 
# span 9 = 1.0000e-12, 1.6820e+03                 
# span 10 = -0.7634735,  5.7942188                
# span 11 =     0.1561,    25.8211                
# span 12 = 0.0000e+00, 0.0000e+00                
# interval = seconds: 1
# start_time = Feb 06 2014 18:58:16 [NMEA time, header]
# bad_flag = -9.990e-29
*END*
[from data line 223]
     51.298     51.729    10.5280  36.750889    33.1237    192.212    -0.0297      8.009    84.5118 2.3690e+00  3.4758427    25.3983  0.000e+00
     50.508     50.932    10.5303  36.752758    33.1238    192.996    -0.0370      8.013    84.3569 2.6264e+00  3.2108855    25.3980  0.000e+00
     49.711     50.129    10.5313  36.753379    33.1238    193.877    -0.0297      8.013    84.6409 2.9787e+00  3.0121675    25.3978  0.000e+00
     49.144     49.556    10.5351  36.756496    33.1238    193.825    -0.0150      8.013    84.9508 3.2543e+00  2.6147316    25.3971  0.000e+00
     48.558     48.966    10.5380  36.759115    33.1240    194.030    -0.0077      8.013    85.2607 3.4454e+00  3.1446462    25.3968  0.000e+00
     47.742     48.142    10.5433  36.763604    33.1241    194.057    -0.0370      8.013    85.8804 3.7743e+00  3.0784068    25.3959  0.000e+00
     47.000     47.394    10.5647  36.782571    33.1240    194.433    -0.0297      8.018    86.9132 4.1459e+00  2.8134496    25.3921  0.000e+00
     46.494     46.884    10.6322  36.845185    33.1256    194.449    -0.0224      8.022    87.7395 4.3761e+00  3.6414410    25.3817  0.000e+00
     45.962     46.347    10.7079  36.913528    33.1255    195.421    -0.0077      8.027    88.7724 4.5150e+00  3.2440051    25.3684  0.000e+00
     45.210     45.590    10.9182  37.117234    33.1384    196.427    -0.0077      8.035    89.9860 4.7926e+00  3.1446462    25.3415  0.000e+00
     44.468     44.841    11.3944  37.556120    33.1435    196.311    -0.0150      8.052    91.4579 5.1597e+00  2.8134496    25.2602  0.000e+00
     43.936     44.304    11.7295  37.858015    33.1394    198.538    -0.0077      8.075    92.6715 5.4610e+00  1.3230650    25.1956  0.000e+00
     43.483     43.848    11.8950  38.013813    33.1436    202.939     0.0069      8.093    93.1879 5.6340e+00  0.9256291    25.1682  0.000e+00
     42.816     43.174    12.0713  38.183231    33.1513    206.449     0.0216      8.101    94.6598 5.9458e+00  0.5613128    25.1411  0.000e+00
     41.923     42.274    12.2100  38.309808    33.1509    209.349     0.0362      8.115    94.5823 6.5471e+00  0.3625949    25.1146  0.000e+00
     41.271     41.617    12.4229  38.523162    33.1681    210.859     0.0436      8.128    94.9180 7.1074e+00  0.2963556    25.0873  0.000e+00
     41.080     41.424    12.4600  38.550562    33.1616    212.663     0.0509      8.137    94.8922 7.0873e+00 -0.2335590    25.0752  0.000e+00
     40.775     41.116    12.6007  38.699217    33.1798    213.236     0.0582      8.141    95.6410 7.1883e+00 -0.3991573    25.0622  0.000e+00
     39.789     40.123    12.8079  38.890648    33.1804    213.354     0.1168      8.150    96.3124 7.9366e+00 -0.5647556    25.0223  0.000e+00
     38.687     39.010    13.0405  39.108549    33.1835    214.373     0.1315      8.163    95.9508 9.0391e+00 -0.5647556    24.9790  0.000e+00
     38.117     38.436    13.0972  39.157100    33.1800    216.458     0.1608      8.172    96.0541 9.6734e+00 -0.4985162    24.9650  0.000e+00
     37.988     38.306    13.1416  39.204206    33.1857    218.382     0.1681      8.177    96.1058 9.5377e+00 -0.5978752    24.9605  0.000e+00
     37.619     37.934    13.2561  39.309250    33.1848    219.237     0.2267      8.185    96.3382 9.4839e+00 -0.5647556    24.9370  0.000e+00
     36.874     37.183    13.2947  39.345527    33.1856    220.080     0.2560      8.190    96.5706 1.0381e+01 -0.4985162    24.9299  0.000e+00
     36.166     36.469    13.3569  39.408052    33.1904    220.501     0.2853      8.194    96.4156 1.1623e+01 -0.5978752    24.9211  0.000e+00
     35.467     35.763    13.4247  39.474277    33.1938    221.109     0.3366      8.199    96.4673 1.2333e+01 -0.5647556    24.9101  0.000e+00
     34.741     35.032    13.4800  39.530975    33.1991    222.189     0.3586      8.203    96.3640 1.3422e+01 -0.4985162    24.9030  0.000e+00
     34.202     34.487    13.5218  39.571769    33.2012    221.903     0.3659      8.208    96.2607 1.4241e+01 -0.5647556    24.8962  0.000e+00
     33.977     34.261    13.5386  39.589184    33.2029    221.748     0.4758      8.207    96.1316 1.4690e+01 -0.5647556    24.8941  0.000e+00
     33.732     34.014    13.5479  39.600238    33.2052    222.455     0.5344      8.212    95.9250 1.4690e+01 -0.4985162    24.8940  0.000e+00
     32.926     33.201    13.5567  39.610585    33.2076    222.789     0.5784      8.212    95.9767 1.5897e+01 -0.5316359    24.8940  0.000e+00
     31.763     32.028    13.6112  39.672314    33.2184    222.885     0.5198      8.216    96.0025 1.8099e+01 -0.5316359    24.8913  0.000e+00
     30.912     31.170    13.6638  39.723848    33.2211    222.504     0.5637      8.221    95.8217 2.1074e+01 -0.4985162    24.8826  0.000e+00
     30.600     30.855    13.6522  39.713743    33.2220    223.156     0.5344      8.221    95.7959 2.2046e+01 -0.4985162    24.8856  0.000e+00
     30.375     30.629    13.6780  39.744057    33.2279    222.967     0.6809      8.221    95.7959 2.1860e+01 -0.4985162    24.8850  0.000e+00
     29.889     30.139    13.6972  39.762725    33.2288    223.112     0.8274      8.225    95.0213 2.3258e+01 -0.4985162    24.8817  0.000e+00
     29.159     29.402    13.7267  39.796466    33.2349    223.452     0.8714      8.225    94.9696 2.5886e+01 -0.4985162    24.8804  0.000e+00
     28.403     28.640    13.7395  39.810118    33.2369    223.112     0.8641      8.225    95.0729 2.8568e+01 -0.4985162    24.8793  0.000e+00
     27.833     28.065    13.7457  39.816686    33.2379    222.659     0.8861      8.230    94.8922 3.0479e+01 -0.4985162    24.8788  0.000e+00
     27.484     27.713    13.7469  39.818875    33.2389    222.438     0.9154      8.230    94.8922 3.1438e+01 -0.5647556    24.8793  0.000e+00
     27.062     27.287    13.7532  39.825703    33.2400    223.105     0.9154      8.230    94.5048 3.2795e+01 -0.5647556    24.8789  0.000e+00
     26.276     26.496    13.7667  39.842001    33.2438    222.661     1.0106      8.230    94.4790 3.5685e+01 -0.4985162    24.8790  0.000e+00
     25.361     25.573    13.7961  39.874866    33.2492    222.440     1.0106      8.230    94.4790 4.0390e+01 -0.5647556    24.8771  0.000e+00
     24.598     24.803    13.8169  39.896587    33.2517    222.522     1.0326      8.230    94.3499 4.3825e+01 -0.5647556    24.8748  0.000e+00
     24.068     24.269    13.8250  39.905870    33.2535    222.618     1.1205      8.234    94.4274 4.7020e+01 -0.4985162    24.8745  0.000e+00
     23.756     23.954    13.8378  39.919474    33.2552    222.548     1.0326      8.234    94.2983 4.9463e+01 -0.5647556    24.8731  0.000e+00
     23.359     23.554    13.8413  39.926051    33.2585    221.961     1.0912      8.234    94.0659 4.9324e+01 -0.5316359    24.8749  0.000e+00
     22.655     22.844    13.8613  39.946558    33.2604    222.552     1.1205      8.234    94.1692 5.4430e+01 -0.4985162    24.8723  0.000e+00
     21.850     22.032    13.8907  39.979716    33.2661    222.235     1.1132      8.234    94.0659 6.3719e+01 -0.4985162    24.8706  0.000e+00
     21.202     21.379    13.9001  39.989651    33.2675    222.122     1.1278      8.234    93.9368 6.9918e+01 -0.5316359    24.8697  0.000e+00
     20.739     20.912    13.9156  40.006946    33.2703    222.938     1.1425      8.238    93.9626 7.1510e+01 -0.5647556    24.8687  0.000e+00
     20.138     20.306    13.9308  40.023920    33.2730    221.944     1.1425      8.238    93.9626 7.2727e+01 -0.4985162    24.8676  0.000e+00
     19.307     19.468    13.9556  40.050905    33.2769    221.401     1.1791      8.238    93.8593 8.8806e+01 -0.5316359    24.8655  0.000e+00
     18.607     18.762    13.9608  40.056326    33.2777    222.107     1.1425      8.238    93.7818 9.4741e+01 -0.5647556    24.8650  0.000e+00
     18.119     18.269    13.9664  40.061361    33.2778    222.769     1.1425      8.238    93.7302 9.8270e+01 -0.4985162    24.8639  0.000e+00
     17.616     17.763    13.9743  40.071305    33.2803    221.464     1.1132      8.238    93.7302 1.0308e+02 -0.5316359    24.8642  0.000e+00
     16.909     17.050    13.9794  40.075888    33.2804    221.372     1.1864      8.238    93.6527 1.1865e+02 -0.5978752    24.8632  0.000e+00
     16.231     16.366    13.9791  40.075562    33.2806    222.303     1.1937      8.238    93.6011 1.2203e+02 -0.4985162    24.8634  0.000e+00
     15.648     15.778    13.9845  40.081955    33.2821    222.060     1.1718      8.243    93.6527 1.2693e+02 -0.5316359    24.8634  0.000e+00
     15.037     15.162    13.9951  40.093128    33.2836    223.191     1.1571      8.243    93.6527 1.4775e+02 -0.6309949    24.8623  0.000e+00
     14.318     14.437    13.9999  40.097970    33.2842    220.702     1.1498      8.243    93.5753 1.6350e+02 -0.4985162    24.8618  0.000e+00
     13.604     13.717    14.0020  40.100099    33.2846    220.225     1.1278      8.243    93.6269 1.8399e+02 -0.5316359    24.8617  0.000e+00
     12.846     12.952    14.0073  40.105652    33.2855    220.873     1.0839      8.243    93.6269 1.8142e+02 -0.6309949    24.8612  0.000e+00
     12.270     12.372    14.0078  40.105585    33.2852    221.704     1.0545      8.243    93.6269 1.9519e+02 -0.4985162    24.8609  0.000e+00
     12.060     12.160    14.0121  40.110301    33.2860    221.726     1.0545      8.243    93.5494 2.0474e+02 -0.5316359    24.8606  0.000e+00
     11.779     11.877    14.0125  40.111528    33.2868    221.816     1.0033      8.243    93.6269 2.1904e+02 -0.6309949    24.8611  0.000e+00
     10.926     11.017    14.0180  40.116629    33.2872    222.663     1.0106      8.243    93.5753 2.5211e+02 -0.6309949    24.8603  0.000e+00
      9.850      9.932    14.0278  40.127157    33.2889    222.537     0.9447      8.243    93.5494 2.9510e+02 -0.4985162    24.8595  0.000e+00
      9.315      9.392    14.0381  40.137237    33.2895    221.380     0.9227      8.243    93.6011 3.4061e+02 -0.6641145    24.8578  0.000e+00
      9.210      9.287    14.0260  40.123924    33.2877    221.236     0.8494      8.243    93.6527 3.3491e+02 -0.5978752    24.8589  0.000e+00
      8.622      8.694    14.0329  40.132064    33.2894    221.234     0.8348      8.247    93.4720 3.4157e+02 -0.4985162    24.8588  0.000e+00
      7.581      7.643    14.0386  40.137747    33.2902    221.526     0.8201      8.247    93.5236 3.9202e+02 -0.4985162    24.8582  0.000e+00
      6.739      6.795    14.0402  40.138778    33.2901    221.694     0.8348      8.247    93.6011 4.7329e+02 -0.4985162    24.8578  0.000e+00
      6.416      6.470    14.0394  40.137807    33.2900    221.491     0.7981      8.247    93.5494 4.8406e+02 -0.4985162    24.8579  0.000e+00
      6.380      6.433    14.0447  40.143947    33.2911    221.116     0.6882      8.247    93.6011 4.2294e+02 -0.4985162    24.8576  0.000e+00
      6.266      6.318    14.0557  40.155193    33.2921    221.409     0.6003      8.247    93.6527 5.2224e+02 -0.4985162    24.8561  0.000e+00
      6.030      6.080    14.0658  40.166182    33.2936    222.595     0.5710      8.247    93.6011 5.0208e+02 -0.4985162    24.8551  0.000e+00
      5.653      5.699    14.0912  40.190361    33.2941    221.576     0.5198      8.247    93.6011 5.0208e+02 -0.4985162    24.8503  0.000e+00
      5.165      5.208    14.0909  40.188678    33.2930    221.320     0.4685      8.247    93.6011 6.5397e+02 -0.4985162    24.8494  0.000e+00
      4.791      4.831    14.0919  40.189970    33.2936    221.352     0.5637      8.247    93.6785 5.2518e+02 -0.5978752    24.8496  0.000e+00
      4.759      4.798    14.0928  40.191069    33.2938    221.149     0.6077      8.247    93.6527 6.0107e+02 -0.4985162    24.8497  0.000e+00
      4.870      4.911    14.0857  40.184474    33.2938    220.687     0.5051      8.247    93.6785 6.5581e+02 -0.4985162    24.8511  0.000e+00
      4.528      4.565    14.0858  40.184731    33.2941    221.024     0.4172      8.247    93.6011 6.3050e+02 -0.4985162    24.8513  0.000e+00
      3.826      3.858    14.0859  40.184470    33.2940    221.399     0.3952      8.247    93.6785 6.2696e+02 -0.5316359    24.8512  0.000e+00
      3.373      3.401    14.0857  40.183951    33.2939    221.190     0.4172      8.247    93.6785 8.7363e+02 -0.5647556    24.8511  0.000e+00
      2.974      2.998    14.0897  40.187441    33.2938    221.855     0.4172      8.247    93.7044 9.1383e+02 -0.5978752    24.8503  0.000e+00
      2.619      2.640    14.0966  40.193841    33.2939    221.466     0.3659      8.247    93.7044 1.0697e+03 -0.5316359    24.8489  0.000e+00
      2.691      2.713    14.0986  40.195717    33.2939    221.065     0.3219      8.252    93.7044 1.0112e+03 -0.5316359    24.8484  0.000e+00
      2.441      2.462    14.0920  40.188603    33.2931    221.980     0.3439      8.247    93.7302 9.6669e+02 -0.6309949    24.8492  0.000e+00
      1.704      1.719    14.0767  40.173729    33.2930    222.377     0.3513      8.252    93.6527 1.1379e+03 -0.5978752    24.8523  0.000e+00
      1.168      1.177    14.0797  40.176507    33.2931    220.912     0.3659      8.252    93.6785 1.5460e+03 -0.4985162    24.8517  0.000e+00
      1.093      1.102    14.0793  40.176312    33.2933    221.061     0.3732      8.252    93.6785 1.3097e+03 -0.4985162    24.8519  0.000e+00
      1.366      1.378    14.0915  40.188922    33.2943    220.910     0.3293      8.252    93.6785 1.3357e+03 -0.6309949    24.8501  0.000e+00
      1.409      1.420    14.0917  40.188663    33.2939    221.754     0.3146      8.252    93.7302 1.4821e+03 -0.5647556    24.8498  0.000e+00
      1.231      1.241    14.0880  40.185624    33.2943    222.159     0.3293      8.252    93.6269 1.4614e+03 -0.4985162    24.8509  0.000e+00
      1.227      1.237    14.0899  40.187305    33.2942    222.253     0.3366      8.252    93.6269 1.4090e+03 -0.6641145    24.8504  0.000e+00
      1.166      1.176    14.0895  40.187240    33.2945    221.906     0.3586      8.252    93.7302 1.4410e+03 -0.5316359    24.8508  0.000e+00
      1.193      1.203    14.0903  40.187951    33.2945    221.509     0.3513      8.252    93.7044 1.5856e+03 -0.5978752    24.8506  0.000e+00
      1.538      1.551    14.0917  40.189634    33.2947    221.362     0.3146      8.252    93.5753 1.4011e+03 -0.5316359    24.8505  0.000e+00
      1.748      1.762    14.0949  40.191833    33.2939    221.008     0.2853      8.252    93.7044 1.1252e+03 -0.4985162    24.8492  0.000e+00
      1.403      1.414    14.0896  40.187564    33.2947    222.259     0.2926      8.252    93.6785 1.4451e+03 -0.6641145    24.8509  0.000e+00
      1.028      1.037    14.0914  40.189114    33.2947    221.397     0.3073      8.252    93.7044 1.5031e+03 -0.4985162    24.8505  0.000e+00
      0.780      0.787    14.0914  40.188920    33.2946    221.493     0.3293      8.252    93.6527 1.5591e+03 -0.4985162    24.8505  0.000e+00
      1.069      1.078    14.0921  40.189891    33.2948    222.088     0.3439      8.252    93.6527 1.3470e+03 -0.6309949    24.8505  0.000e+00
      1.693      1.707    14.1000  40.197071    33.2944    221.330     0.3293      8.252    93.6269 6.6697e+02 -0.4985162    24.8485  0.000e+00
      1.665      1.679    14.0957  40.193191    33.2945    221.695     0.2853      8.252    93.6785 1.2139e+03 -0.5316359    24.8495  0.000e+00
      1.058      1.066    14.0955  40.193512    33.2952    221.875     0.3000      8.252    93.3429 1.5901e+03 -0.5978752    24.8500  0.000e+00
      0.890      0.897    14.1009  40.198167    33.2949    220.956     0.3366      8.252    91.4837 1.6726e+03 -0.4985162    24.8487  0.000e+00
      1.245      1.255    14.0967  40.194094    33.2946    221.678     0.3513      8.252    92.0001 1.1704e+03 -0.5316359    24.8494  0.000e+00
      1.441      1.453    14.0942  40.192155    33.2949    221.048     0.3439      8.252    92.8781 1.3546e+03 -0.5316359    24.8501  0.000e+00
