Arg_Leg3_G12_NV.cnv
* Sea-Bird SBE 9 Data File:
* FileName = S:\CTD_Data\CTD\Data\Argentina 2014\Data\Leg3\Arg_Leg3_G12.hex
* Software Version Seasave V 7.21g
* Temperature SN = 5769
* Conductivity SN = 4244
* Number of Bytes Per Scan = 31
* Number of Voltage Words = 4
* Number of Scans Averaged by the Deck Unit = 24
* NMEA Latitude = 46 37.85 S
* NMEA Longitude = 065 25.72 W
* NMEA UTC (Time) = Feb 12 2014 05:09:12
* NMEA baud rate = 9600
** R/V Coriolis II
** MARES project, ARGENTINA 2014
** Chief scientist : Dr. Gustavo Ferreyra
** Co-Chief scientist : Dr. José Luis Esteves
# nquan = 13
# nvalues = 546                                   
# units = specified
# name 0 = depSM: Depth [salt water, m]
# name 1 = prDM: Pressure, Digiquartz [db]
# name 2 = t090C: Temperature [ITS-90, deg C]
# name 3 = c0mS/cm: Conductivity [mS/cm]
# name 4 = sal00: Salinity, Practical [PSU]
# name 5 = sbeox0Mm/Kg: Oxygen, SBE 43 [umol/Kg]
# name 6 = flECO-AFL: Fluorescence, WET Labs ECO-AFL/FL [mg/m^3]
# name 7 = ph: pH
# name 8 = CStarTr0: Beam Transmission, WET Labs C-Star [%]
# name 9 = par: PAR/Irradiance, Biospherical/Licor
# name 10 = upoly0: Upoly 0, Nitrate
# name 11 = sigma-é00: Density [sigma-theta, Kg/m^3]
# name 12 = flag:  0.000e+00
# span 0 =     -0.126,     77.379                 
# span 1 =     -0.128,     78.039                 
# span 2 =    11.8620,    12.7471                 
# span 3 =   2.566153,  38.735874                 
# span 4 =     1.7816,    33.1091                 
# span 5 =    210.742,    263.170                 
# span 6 =    -0.1249,     0.9227                 
# span 7 =      7.852,      8.108                 
# span 8 =    76.3522,    93.2137                 
# span 9 = 1.0000e-12, 6.1480e-01                 
# span 10 = -0.7634735, -0.3991573                
# span 11 =     0.8357,    25.1479                
# span 12 = 0.0000e+00, 0.0000e+00                
# interval = seconds: 1
# start_time = Feb 12 2014 05:09:12 [NMEA time, header]
# bad_flag = -9.990e-29
*END*
      1.391      1.403    12.7380  38.727400    33.1023    218.137     0.7176      8.057    92.4649 7.9585e-02 -0.6309949    24.9744  0.000e+00
      1.396      1.407    12.7355  38.724470    33.1017    210.742     0.7322      8.057    92.5166 7.8866e-02 -0.6309949    24.9745  0.000e+00
      1.490      1.502    12.7278  38.717909    33.1022    212.629     0.7029      8.057    92.5166 6.4366e-02 -0.6309949    24.9764  0.000e+00
      1.498      1.511    12.7308  38.720648    33.1022    218.053     0.7762      8.062    92.4391 8.8139e-02 -0.6309949    24.9758  0.000e+00
      1.397      1.409    12.7350  38.723960    33.1017    217.691     0.6882      8.057    92.3358 3.9140e-02 -0.5978752    24.9746  0.000e+00
      1.355      1.366    12.7366  38.725807    33.1021    215.552     0.6882      8.062    92.3875 4.4208e-02 -0.6309949    24.9745  0.000e+00
      1.441      1.453    12.7344  38.724024    33.1022    212.909     0.6956      8.062    92.3100 6.0316e-02 -0.5978752    24.9751  0.000e+00
      1.527      1.539    12.7323  38.721986    33.1021    214.156     0.7322      8.062    92.4907 7.4642e-02 -0.6309949    24.9754  0.000e+00
      1.429      1.441    12.7323  38.721985    33.1022    214.710     0.7322      8.062    92.5424 7.4642e-02 -0.6641145    24.9755  0.000e+00
      1.368      1.379    12.7319  38.721539    33.1021    217.458     0.7395      8.062    92.5166 7.8509e-02 -0.6641145    24.9755  0.000e+00
      1.499      1.511    12.7277  38.718164    33.1026    218.654     0.7835      8.062    92.4649 9.5230e-02 -0.6309949    24.9766  0.000e+00
      1.494      1.507    12.7303  38.719820    33.1018    215.430     0.7762      8.062    92.4391 8.6232e-02 -0.6309949    24.9755  0.000e+00
      1.394      1.406    12.7294  38.719565    33.1024    216.480     0.7102      8.062    92.4907 8.0669e-02 -0.6309949    24.9762  0.000e+00
      1.259      1.270    12.7328  38.722303    33.1022    215.845     0.7469      8.062    92.4907 6.9890e-02 -0.5978752    24.9753  0.000e+00
      1.331      1.342    12.7356  38.725106    33.1023    218.303     0.7029      8.062    92.4649 8.1033e-02 -0.3991573    24.9749  0.000e+00
      1.775      1.789    12.7471  38.735874    33.1023    220.236     0.7029      8.062    92.3616 7.2923e-02 -0.5647556    24.9726  0.000e+00
      2.200      2.218    12.7435  38.732691    33.1023    215.358     0.7176      8.062    92.3616 4.8472e-02 -0.6309949    24.9733  0.000e+00
      2.485      2.505    12.7259  38.716830    33.1025    217.019     0.7395      8.066    92.3875 3.4583e-02 -0.6309949    24.9770  0.000e+00
      2.883      2.907    12.7220  38.713647    33.1026    215.813     0.7908      8.066    92.4649 1.0632e-02 -0.6309949    24.9778  0.000e+00
      3.316      3.344    12.7228  38.714413    33.1026    213.781     0.7615      8.066    92.4649 1.6379e-02 -0.6309949    24.9776  0.000e+00
      3.868      3.900    12.7186  38.710657    33.1024    217.773     0.7029      8.066    92.3875 2.0221e-03 -0.6309949    24.9783  0.000e+00
      4.423      4.460    12.7068  38.700278    33.1027    219.018     0.6663      8.066    92.3875 7.3199e-05 -0.6309949    24.9808  0.000e+00
      4.922      4.963    12.6976  38.692065    33.1027    217.402     0.6956      8.066    92.3875 1.0000e-12 -0.6641145    24.9827  0.000e+00
      5.573      5.620    12.7012  38.695888    33.1029    216.226     0.7102      8.066    92.4391 1.0000e-12 -0.6641145    24.9821  0.000e+00
      6.297      6.350    12.7230  38.715507    33.1022    216.366     0.6223      8.071    92.4649 1.0000e-12 -0.6641145    24.9774  0.000e+00
      6.915      6.972    12.7207  38.713853    33.1023    216.826     0.6589      8.071    92.3358 1.0000e-12 -0.6641145    24.9780  0.000e+00
      7.556      7.619    12.7229  38.715957    33.1022    219.061     0.7029      8.071    92.3616 1.0000e-12 -0.6641145    24.9774  0.000e+00
      8.278      8.347    12.7192  38.713158    33.1024    217.613     0.6443      8.071    92.3616 1.0000e-12 -0.6641145    24.9784  0.000e+00
      8.892      8.967    12.7233  38.717364    33.1026    216.310     0.6443      8.076    92.3100 1.0000e-12 -0.6972342    24.9777  0.000e+00
      9.469      9.548    12.7307  38.724118    33.1023    217.160     0.7249      8.076    92.3875 1.0000e-12 -0.6972342    24.9760  0.000e+00
     10.130     10.215    12.6947  38.691702    33.1027    217.342     0.7249      8.076    92.4133 1.0000e-12 -0.6972342    24.9834  0.000e+00
     10.926     11.018    12.6800  38.678397    33.1026    218.920     0.6589      8.076    92.3358 1.0000e-12 -0.6972342    24.9862  0.000e+00
     11.726     11.824    12.6181  38.621304    33.1022    215.871     0.6223      8.076    92.3875 1.0000e-12 -0.6972342    24.9979  0.000e+00
     12.376     12.480    12.5501  38.560556    33.1037    215.314     0.6516      8.076    92.3616 1.0000e-12 -0.7303538    25.0122  0.000e+00
     12.927     13.035    12.5189  38.531945    33.1036    217.075     0.6882      8.081    92.5166 1.0000e-12 -0.7303538    25.0181  0.000e+00
     13.473     13.586    12.5019  38.516437    33.1035    216.416     0.7029      8.081    92.4907 1.0000e-12 -0.7303538    25.0214  0.000e+00
     14.087     14.204    12.4935  38.508430    33.1030    215.941     0.6882      8.081    92.4133 1.0000e-12 -0.7303538    25.0226  0.000e+00
     14.804     14.928    12.4656  38.483203    33.1030    216.529     0.6296      8.081    92.5682 1.0000e-12 -0.7303538    25.0280  0.000e+00
     15.574     15.705    12.4450  38.464400    33.1029    216.710     0.5930      8.081    92.3358 1.0000e-12 -0.7303538    25.0319  0.000e+00
     16.393     16.530    12.4244  38.446044    33.1031    215.317     0.6003      8.081    92.4133 1.0000e-12 -0.7303538    25.0360  0.000e+00
     17.099     17.243    12.4142  38.436456    33.1026    215.228     0.6223      8.081    92.3875 1.0000e-12 -0.7303538    25.0376  0.000e+00
     17.634     17.782    12.3918  38.415883    33.1024    216.233     0.6736      8.082    92.3616 1.0000e-12 -0.7303538    25.0417  0.000e+00
     18.248     18.401    12.3653  38.391759    33.1024    216.594     0.6809      8.082    92.4907 1.0000e-12 -0.7634735    25.0468  0.000e+00
     19.059     19.219    12.3428  38.371514    33.1024    215.203     0.6150      8.082    92.3616 1.0000e-12 -0.7634735    25.0512  0.000e+00
     19.838     20.004    12.3226  38.353303    33.1025    215.696     0.6003      8.082    92.3358 1.0000e-12 -0.7634735    25.0551  0.000e+00
     20.436     20.608    12.3159  38.347150    33.1022    215.879     0.6443      8.082    92.4907 1.0000e-12 -0.7634735    25.0562  0.000e+00
     20.949     21.124    12.3129  38.344487    33.1020    215.682     0.7102      8.082    92.6457 1.0000e-12 -0.7634735    25.0566  0.000e+00
     21.455     21.635    12.3129  38.344426    33.1018    214.625     0.7469      8.082    92.6973 1.0000e-12 -0.7634735    25.0564  0.000e+00
     22.096     22.281    12.3072  38.339352    33.1017    215.809     0.7029      8.087    92.8264 1.0000e-12 -0.7634735    25.0575  0.000e+00
     22.991     23.184    12.2931  38.326350    33.1013    215.654     0.6296      8.082    92.8006 1.0000e-12 -0.7634735    25.0599  0.000e+00
     24.006     24.207    12.2577  38.294386    33.1014    215.551     0.5344      8.087    92.7231 1.0000e-12 -0.7634735    25.0667  0.000e+00
     24.887     25.096    12.1947  38.239233    33.1036    214.625     0.5417      8.082    92.6198 1.0000e-12 -0.7634735    25.0804  0.000e+00
     25.427     25.641    12.1854  38.231503    33.1042    215.603     0.5051      8.082    92.9039 1.0000e-12 -0.7634735    25.0826  0.000e+00
     25.763     25.980    12.1786  38.225040    33.1038    214.861     0.5491      8.082    93.0846 1.0000e-12 -0.7634735    25.0836  0.000e+00
     26.286     26.507    12.1562  38.204258    33.1034    213.531     0.5784      8.082    93.0846 1.0000e-12 -0.7634735    25.0875  0.000e+00
     27.060     27.287    12.1420  38.192097    33.1039    214.750     0.4611      8.082    93.2137 1.0000e-12 -0.7634735    25.0906  0.000e+00
     27.852     28.086    12.1343  38.185322    33.1038    213.341     0.4025      8.082    93.2137 1.0000e-12 -0.7634735    25.0921  0.000e+00
     28.510     28.750    12.1263  38.178167    33.1037    213.395     0.4025      8.083    93.1621 1.0000e-12 -0.7634735    25.0934  0.000e+00
     29.140     29.385    12.1171  38.169746    33.1035    214.591     0.4099      8.083    92.9039 1.0000e-12 -0.7634735    25.0951  0.000e+00
     29.869     30.120    12.1043  38.158919    33.1040    214.284     0.3879      8.083    92.9814 1.0000e-12 -0.7634735    25.0979  0.000e+00
     30.626     30.883    12.0986  38.153982    33.1040    213.562     0.3439      8.083    92.9814 1.0000e-12 -0.7634735    25.0990  0.000e+00
     31.380     31.644    12.0936  38.149679    33.1039    214.218     0.3366      8.083    93.0588 1.0000e-12 -0.7634735    25.0999  0.000e+00
     32.160     32.431    12.0868  38.143730    33.1039    214.341     0.3366      8.083    93.0846 1.0000e-12 -0.7634735    25.1011  0.000e+00
     32.907     33.184    12.0785  38.136578    33.1041    213.015     0.3073      8.083    92.9555 1.0000e-12 -0.7634735    25.1029  0.000e+00
     33.533     33.816    12.0741  38.132782    33.1040    213.666     0.3219      8.083    92.8781 1.0000e-12 -0.7634735    25.1037  0.000e+00
     34.072     34.359    12.0719  38.131011    33.1040    213.605     0.3366      8.083    92.9297 1.0000e-12 -0.7634735    25.1041  0.000e+00
     34.590     34.882    12.0692  38.128671    33.1039    213.403     0.3586      8.083    92.9297 1.0000e-12 -0.7634735    25.1046  0.000e+00
     35.158     35.454    12.0676  38.127470    33.1039    214.268     0.3439      8.083    93.0072 1.0000e-12 -0.7634735    25.1049  0.000e+00
     35.892     36.194    12.0639  38.124244    33.1038    214.306     0.3073      8.083    92.9814 1.0000e-12 -0.7634735    25.1055  0.000e+00
     36.734     37.044    12.0557  38.117348    33.1040    213.751     0.2780      8.083    92.8781 1.0000e-12 -0.7634735    25.1072  0.000e+00
     37.537     37.853    12.0492  38.111970    33.1043    213.802     0.2707      8.083    92.7231 1.0000e-12 -0.7634735    25.1086  0.000e+00
     38.232     38.555    12.0435  38.106909    33.1042    213.690     0.2780      8.083    92.6457 1.0000e-12 -0.7303538    25.1097  0.000e+00
     38.861     39.189    12.0425  38.106279    33.1042    213.325     0.2780      8.083    92.6198 1.0000e-12 -0.7303538    25.1099  0.000e+00
     39.541     39.875    12.0389  38.103243    33.1041    213.976     0.2780      8.083    92.5682 1.0000e-12 -0.7303538    25.1105  0.000e+00
     40.283     40.623    12.0315  38.096981    33.1043    213.872     0.2780      8.083    92.6457 1.0000e-12 -0.7303538    25.1121  0.000e+00
     41.019     41.365    12.0261  38.092300    33.1043    214.075     0.2633      8.083    92.5682 1.0000e-12 -0.7303538    25.1131  0.000e+00
     41.710     42.062    12.0192  38.086544    33.1045    213.967     0.2707      8.083    92.3875 1.0000e-12 -0.7303538    25.1146  0.000e+00
     42.385     42.742    12.0188  38.086357    33.1044    214.533     0.2487      8.083    92.5166 1.0000e-12 -0.7303538    25.1146  0.000e+00
     42.977     43.340    12.0194  38.086992    33.1042    214.001     0.2487      8.083    92.5682 1.0000e-12 -0.7303538    25.1143  0.000e+00
     43.442     43.809    12.0167  38.084779    33.1043    213.566     0.2780      8.083    92.4649 1.0000e-12 -0.7303538    25.1149  0.000e+00
     43.971     44.343    12.0156  38.083958    33.1043    214.434     0.2853      8.083    92.5424 1.0000e-12 -0.7303538    25.1151  0.000e+00
     44.763     45.141    12.0104  38.079342    33.1041    214.479     0.2560      8.083    92.4391 1.0000e-12 -0.6972342    25.1160  0.000e+00
     45.736     46.123    12.0006  38.071943    33.1052    213.931     0.2121      8.083    92.3100 1.0000e-12 -0.6972342    25.1187  0.000e+00
     46.719     47.114    12.0046  38.075047    33.1042    213.941     0.2047      8.083    92.2067 1.0000e-12 -0.6972342    25.1172  0.000e+00
     47.499     47.901    11.9795  38.053350    33.1051    214.306     0.2194      8.083    92.0518 1.0000e-12 -0.6972342    25.1226  0.000e+00
     47.942     48.347    11.9661  38.042283    33.1061    213.989     0.2487      8.083    92.1551 1.0000e-12 -0.6972342    25.1259  0.000e+00
     48.305     48.714    11.9602  38.037034    33.1061    214.026     0.2707      8.083    92.3358 1.0000e-12 -0.6972342    25.1270  0.000e+00
     48.816     49.229    11.9508  38.028498    33.1060    213.926     0.3000      8.083    92.2842 1.0000e-12 -0.6972342    25.1287  0.000e+00
     49.413     49.831    11.9356  38.016043    33.1071    214.009     0.2560      8.083    92.1034 1.0000e-12 -0.6641145    25.1324  0.000e+00
     50.095     50.519    11.9362  38.016615    33.1069    213.868     0.2487      8.083    91.9485 1.0000e-12 -0.6972342    25.1321  0.000e+00
     50.951     51.382    11.9343  38.015164    33.1068    213.900     0.2194      8.083    91.5353 1.0000e-12 -0.6641145    25.1325  0.000e+00
     51.851     52.290    11.9288  38.010614    33.1069    213.792     0.2194      8.083    91.2513 1.0000e-12 -0.6641145    25.1336  0.000e+00
     52.681     53.127    11.9248  38.007519    33.1072    213.832     0.2194      8.083    91.1997 1.0000e-12 -0.6641145    25.1346  0.000e+00
     53.436     53.889    11.9221  38.005436    33.1072    214.098     0.2194      8.083    91.1222 1.0000e-12 -0.6641145    25.1351  0.000e+00
     54.045     54.503    11.9234  38.006766    33.1071    214.108     0.2340      8.083    91.2255 1.0000e-12 -0.6641145    25.1348  0.000e+00
     54.593     55.055    11.9259  38.008917    33.1067    214.112     0.2633      8.083    91.2771 1.0000e-12 -0.6641145    25.1341  0.000e+00
     55.264     55.732    11.9217  38.005569    33.1069    214.150     0.2560      8.083    91.3546 1.0000e-12 -0.6641145    25.1350  0.000e+00
     55.934     56.408    11.9209  38.004876    33.1066    213.781     0.2487      8.083    91.3288 1.0000e-12 -0.6309949    25.1349  0.000e+00
     56.408     56.886    11.9204  38.004751    33.1068    213.797     0.2853      8.083    91.3288 1.0000e-12 -0.6309949    25.1352  0.000e+00
     56.918     57.400    11.9208  38.005322    33.1068    214.432     0.3366      8.083    91.3804 1.0000e-12 -0.6309949    25.1351  0.000e+00
     57.697     58.186    11.9212  38.006147    33.1068    214.451     0.2560      8.083    91.2255 1.0000e-12 -0.6309949    25.1351  0.000e+00
     58.643     59.140    11.9229  38.007984    33.1067    214.237     0.2267      8.083    91.0189 1.0000e-12 -0.6309949    25.1347  0.000e+00
     59.528     60.033    11.9221  38.007545    33.1067    214.265     0.2194      8.083    90.8640 1.0000e-12 -0.6309949    25.1349  0.000e+00
     60.169     60.680    11.9255  38.010835    33.1065    214.267     0.2633      8.083    90.9673 1.0000e-12 -0.6309949    25.1341  0.000e+00
     60.679     61.194    11.9258  38.011153    33.1064    214.671     0.2707      8.083    91.1480 1.0000e-12 -0.6309949    25.1340  0.000e+00
     61.311     61.831    11.9255  38.011219    33.1064    214.299     0.2560      8.083    90.8381 1.0000e-12 -0.6309949    25.1341  0.000e+00
     62.066     62.593    11.9218  38.008313    33.1066    214.494     0.2414      8.083    91.1738 1.0000e-12 -0.6309949    25.1349  0.000e+00
     62.782     63.315    11.9214  38.008252    33.1066    214.357     0.2414      8.083    91.1480 1.0000e-12 -0.6309949    25.1350  0.000e+00
     63.400     63.938    11.9217  38.008697    33.1065    214.531     0.2780      8.083    91.1222 1.0000e-12 -0.6309949    25.1349  0.000e+00
     63.924     64.467    11.9208  38.008067    33.1065    214.783     0.3366      8.083    91.1222 1.0000e-12 -0.6309949    25.1350  0.000e+00
     64.447     64.994    11.9137  38.002379    33.1071    214.596     0.3219      8.083    91.2771 1.0000e-12 -0.6309949    25.1368  0.000e+00
