Arg_Leg3_G10_NV.cnv
* Sea-Bird SBE 9 Data File:
* FileName = S:\CTD_Data\CTD\Data\Argentina 2014\Data\Leg3\Arg_Leg3_G10.hex
* Software Version Seasave V 7.21g
* Temperature SN = 5769
* Conductivity SN = 4244
* Number of Bytes Per Scan = 31
* Number of Voltage Words = 4
* Number of Scans Averaged by the Deck Unit = 24
* NMEA Latitude = 46 56.60 S
* NMEA Longitude = 066 12.59 W
* NMEA UTC (Time) = Feb 14 2014 12:54:44
* NMEA baud rate = 9600
** R/V Coriolis II
** MARES project, ARGENTINA 2014
** Chief scientist : Dr. Gustavo Ferreyra
** Co-Chief scientist : Dr. José Luis Esteves
# nquan = 13
# nvalues = 239                                   
# units = specified
# name 0 = depSM: Depth [salt water, m]
# name 1 = prDM: Pressure, Digiquartz [db]
# name 2 = t090C: Temperature [ITS-90, deg C]
# name 3 = c0mS/cm: Conductivity [mS/cm]
# name 4 = sal00: Salinity, Practical [PSU]
# name 5 = sbeox0Mm/Kg: Oxygen, SBE 43 [umol/Kg]
# name 6 = flECO-AFL: Fluorescence, WET Labs ECO-AFL/FL [mg/m^3]
# name 7 = ph: pH
# name 8 = CStarTr0: Beam Transmission, WET Labs C-Star [%]
# name 9 = par: PAR/Irradiance, Biospherical/Licor
# name 10 = upoly0: Upoly 0, Nitrate
# name 11 = sigma-é00: Density [sigma-theta, Kg/m^3]
# name 12 = flag:  0.000e+00
# span 0 =     -0.030,     34.448                 
# span 1 =     -0.030,     34.739                 
# span 2 =    14.1412,    14.4915                 
# span 3 =   4.683802,  40.120256                 
# span 4 =     3.2080,    33.1178                 
# span 5 =    177.989,    276.363                 
# span 6 =    -0.1396,    28.7542                 
# span 7 =      7.727,      8.181                 
# span 8 =    48.4905,    81.6198                 
# span 9 = 1.0000e-12, 9.8590e+02                 
# span 10 = -0.6972342,  41.695928                
# span 11 =     1.6711,    24.7040                
# span 12 = 0.0000e+00, 0.0000e+00                
# interval = seconds: 1
# start_time = Feb 14 2014 12:54:44 [NMEA time, header]
# bad_flag = -9.990e-29
*END*
[from data line 223]
      1.877      1.892    14.2124  40.108749    33.1160    205.478     0.5344      8.181    74.8803 7.0357e+02 -0.6972342    24.6873  0.000e+00
      1.320      1.331    14.2092  40.106421    33.1168    204.589     0.4904      8.181    74.3639 9.4785e+02 -0.6972342    24.6886  0.000e+00
      0.831      0.838    14.2053  40.102155    33.1164    202.625     0.5051      8.181    73.8991 8.1204e+02 -0.6972342    24.6891  0.000e+00
      0.130      0.131    14.2032  33.572523    27.1842    213.341     0.4978      8.181    73.7958 8.4702e+02 -0.6309949    20.1165  0.000e+00
     -0.029     -0.030    14.2051   6.298487     4.4207    247.807     0.4245      8.181    48.4905 9.2157e+02 -0.5647556     2.6305  0.000e+00
     -0.030     -0.030    14.3735   5.450855     3.7716    238.851    -0.0883      8.181    66.7206 9.8590e+02 -0.4985162     2.1055  0.000e+00
     -0.030     -0.030    14.4754   5.096058     3.5010    229.147     0.2121      8.176    53.3450 8.9099e+02 -0.4985162     1.8818  0.000e+00
     -0.030     -0.030    14.3772   4.683802     3.2080    220.674     0.7542      8.144    75.2935 8.0976e+02 -0.4985162     1.6711  0.000e+00
     -0.025     -0.026    14.4149  11.978156     8.7758    204.997     0.7395      8.116    81.6198 9.4519e+02  16.193791     5.9429  0.000e+00
     -0.018     -0.019    14.4915  33.445771    26.8702    177.989     0.4099      8.097    69.5094 2.4374e+02  41.695928    19.8175  0.000e+00
      0.006      0.006    14.2769  24.162610    18.8903    194.020     0.0362      8.079    61.8662 1.3278e+02  41.695928    13.7265  0.000e+00
      0.008      0.008    14.2451  16.068002    12.1162    224.494     2.8787      8.061    61.6854 1.3166e+02  7.4502017     8.5338  0.000e+00
     -0.007     -0.007    14.2438  11.562266     8.4843    260.409    28.7542      8.042    60.4976 1.1634e+02 -0.4985162     5.7469  0.000e+00
     -0.010     -0.010    14.2251   9.862957     7.1510    276.363     0.0875      8.028    60.4718 1.0193e+02 -0.4985162     4.7261  0.000e+00
     -0.009     -0.009    14.2181   9.258632     6.6816    274.728    -0.1396      8.014    60.4718 8.9558e+01 -0.4985162     4.3666  0.000e+00
     -0.019     -0.019    14.2061   8.477415     6.0791    272.373    -0.1103      7.727    59.1807 8.1389e+01 -0.4985162     3.9056  0.000e+00
