Arg_Leg3_G15_NV.cnv
* Sea-Bird SBE 9 Data File:
* FileName = S:\CTD_Data\CTD\Data\Argentina 2014\Data\Leg3\Arg_Leg3_G15.hex
* Software Version Seasave V 7.21g
* Temperature SN = 5769
* Conductivity SN = 4244
* Number of Bytes Per Scan = 31
* Number of Voltage Words = 4
* Number of Scans Averaged by the Deck Unit = 24
* NMEA Latitude = 45 29.62 S
* NMEA Longitude = 065 24.09 W
* NMEA UTC (Time) = Feb 13 2014 20:28:34
* NMEA baud rate = 9600
** R/V Coriolis II
** MARES project, ARGENTINA 2014
** Chief scientist : Dr. Gustavo Ferreyra
** Co-Chief scientist : Dr. José Luis Esteves
# nquan = 13
# nvalues = 691                                   
# units = specified
# name 0 = depSM: Depth [salt water, m]
# name 1 = prDM: Pressure, Digiquartz [db]
# name 2 = t090C: Temperature [ITS-90, deg C]
# name 3 = c0mS/cm: Conductivity [mS/cm]
# name 4 = sal00: Salinity, Practical [PSU]
# name 5 = sbeox0Mm/Kg: Oxygen, SBE 43 [umol/Kg]
# name 6 = flECO-AFL: Fluorescence, WET Labs ECO-AFL/FL [mg/m^3]
# name 7 = ph: pH
# name 8 = CStarTr0: Beam Transmission, WET Labs C-Star [%]
# name 9 = par: PAR/Irradiance, Biospherical/Licor
# name 10 = upoly0: Upoly 0, Nitrate
# name 11 = sigma-é00: Density [sigma-theta, Kg/m^3]
# name 12 = flag:  0.000e+00
# span 0 =     -0.060,     90.565                 
# span 1 =     -0.061,     91.331                 
# span 2 =     8.6289,    16.1069                 
# span 3 =   7.934733,  42.359039                 
# span 4 =     5.4538,    33.5337                 
# span 5 =    137.164,    260.961                 
# span 6 =    -0.1909,    28.8201                 
# span 7 =      7.760,      8.240                 
# span 8 =    77.9531,    96.4156                 
# span 9 = 1.0000e-12, 1.0547e+03                 
# span 10 = -0.7634735,  7.1190051                
# span 11 =     3.1856,    25.9064                
# span 12 = 0.0000e+00, 0.0000e+00                
# interval = seconds: 1
# start_time = Feb 13 2014 20:28:34 [NMEA time, header]
# bad_flag = -9.990e-29
*END*
[from data line 112]
     65.912     66.465     8.6644  35.315107    33.3693    139.978     0.1168      7.826    83.2207 2.0797e-01  3.5420821    25.8946  0.000e+00
     66.252     66.808     8.6782  35.327207    33.3689    139.601     0.1315      7.821    83.1691 1.9327e-01  3.5420821    25.8921  0.000e+00
     66.631     67.190     8.6652  35.314556    33.3677    139.772     0.1535      7.821    83.1949 1.8264e-01  3.0121675    25.8932  0.000e+00
     67.361     67.926     8.6636  35.313023    33.3673    139.451     0.1388      7.817    83.0916 1.5632e-01  3.4096034    25.8931  0.000e+00
     68.329     68.903     8.6635  35.312781    33.3667    139.300     0.1022      7.817    82.7818 1.2356e-01  4.1051162    25.8927  0.000e+00
     69.176     69.757     8.6635  35.312477    33.3659    139.437     0.1095      7.817    82.5494 1.0142e-01  3.2440051    25.8921  0.000e+00
     69.700     70.286     8.6640  35.312724    33.3654    139.275     0.1241      7.812    82.6268 9.0463e-02  4.4031932    25.8916  0.000e+00
     70.168     70.758     8.6638  35.311927    33.3646    139.577     0.1535      7.812    82.8076 7.9945e-02  4.2044752    25.8911  0.000e+00
     70.883     71.479     8.6608  35.309351    33.3643    139.430     0.1754      7.807    82.8592 6.4049e-02  3.8401590    25.8913  0.000e+00
     71.678     72.281     8.6557  35.304625    33.3639    139.461     0.1168      7.807    82.8334 5.4658e-02  4.6681504    25.8917  0.000e+00
     72.392     73.001     8.6533  35.302601    33.3637    138.850     0.1168      7.807    82.7043 4.7928e-02  4.3369538    25.8920  0.000e+00
     73.090     73.704     8.6522  35.301437    33.3632    138.866     0.1168      7.802    82.7818 4.2401e-02  3.8732786    25.8918  0.000e+00
     73.722     74.343     8.6502  35.299597    33.3628    139.006     0.1168      7.802    82.9367 3.3423e-02  3.5420821    25.8918  0.000e+00
     74.318     74.943     8.6472  35.296898    33.3626    139.027     0.1168      7.798    82.9367 2.8295e-02  3.8070393    25.8920  0.000e+00
     74.930     75.560     8.6456  35.295426    33.3622    139.336     0.1241      7.798    82.8851 2.2884e-02  2.9128085    25.8920  0.000e+00
     75.588     76.224     8.6434  35.293464    33.3619    138.893     0.1388      7.798    82.9625 1.6379e-02  2.7803299    25.8921  0.000e+00
     76.344     76.987     8.6423  35.292607    33.3617    138.910     0.1388      7.793    82.8592 1.3352e-02  3.2771248    25.8922  0.000e+00
     77.096     77.745     8.6423  35.292671    33.3614    138.753     0.1168      7.793    82.6785 8.0324e-03  4.5356718    25.8920  0.000e+00
     77.725     78.379     8.6406  35.291076    33.3611    138.771     0.1168      7.793    82.4977 6.6206e-03  3.4096034    25.8920  0.000e+00
     78.309     78.969     8.6398  35.290464    33.3609    138.614     0.1168      7.793    82.3944 4.3455e-03  3.2771248    25.8920  0.000e+00
     79.066     79.732     8.6395  35.290344    33.3607    138.628     0.1168      7.788    82.3428 7.3199e-05  3.4096034    25.8919  0.000e+00
     79.903     80.577     8.6390  35.290040    33.3605    138.938     0.1022      7.788    82.2395 1.0000e-12  3.8401590    25.8918  0.000e+00
     80.481     81.159     8.6387  35.289797    33.3603    138.487     0.0948      7.788    82.0329 1.0000e-12  4.0057573    25.8917  0.000e+00
     80.823     81.504     8.6388  35.289920    33.3601    138.492     0.1461      7.788    82.0588 1.0000e-12  3.3433641    25.8915  0.000e+00
     81.213     81.898     8.6379  35.289001    33.3598    138.796     0.1535      7.788    82.2395 1.0000e-12  3.1777658    25.8914  0.000e+00
     81.724     82.413     8.6364  35.287775    33.3597    138.346     0.1535      7.784    82.3428 1.0000e-12  3.5089624    25.8915  0.000e+00
     82.321     83.015     8.6357  35.287224    33.3595    138.359     0.1315      7.784    82.3944 1.0000e-12  4.8337487    25.8915  0.000e+00
     82.925     83.625     8.6301  35.282438    33.3594    138.682     0.1168      7.784    82.1362 1.0000e-12  4.6019111    25.8924  0.000e+00
     83.407     84.110     8.6294  35.281887    33.3594    138.693     0.1241      7.784    81.8264 1.0000e-12  4.2707145    25.8924  0.000e+00
     83.908     84.616     8.6290  35.281643    33.3592    138.239     0.1461      7.779    81.1292 1.0000e-12  3.9063983    25.8924  0.000e+00
     84.486     85.199     8.6289  35.281645    33.3590    137.786     0.1241      7.779    80.0447 1.0000e-12  3.9063983    25.8922  0.000e+00
     84.960     85.677     8.6291  35.281770    33.3588    137.624     0.1095      7.779    78.9601 1.0000e-12  4.5025521    25.8921  0.000e+00
     85.335     86.055     8.6295  35.282139    33.3586    137.923     0.1315      7.779    78.6503 1.0000e-12  4.1382359    25.8918  0.000e+00
     85.779     86.503     8.6294  35.282263    33.3586    137.761     0.1608      7.779    78.7019 1.0000e-12  3.7408000    25.8919  0.000e+00
     86.308     87.036     8.6293  35.282327    33.3585    137.771     0.1241      7.779    78.8569 1.0000e-12  3.4096034    25.8918  0.000e+00
     86.671     87.403     8.6293  35.282451    33.3585    138.071     0.1461      7.774    78.8052 1.0000e-12  3.7408000    25.8918  0.000e+00
     86.927     87.661     8.6294  35.282452    33.3583    138.076     0.1681      7.774    78.8310 1.0000e-12  3.8401590    25.8917  0.000e+00
     87.212     87.949     8.6293  35.282453    33.3583    138.081     0.1681      7.779    78.9860 1.0000e-12  3.8732786    25.8917  0.000e+00
     87.721     88.462     8.6296  35.282823    33.3581    138.089     0.1388      7.774    79.2958 1.0000e-12  3.8070393    25.8915  0.000e+00
     88.312     89.058     8.6297  35.283132    33.3581    138.100     0.1168      7.774    78.9085 1.0000e-12  3.2108855    25.8914  0.000e+00
     88.644     89.393     8.6302  35.283563    33.3579    137.640     0.1315      7.774    78.5212 1.0000e-12  4.0719966    25.8912  0.000e+00
     88.695     89.445     8.6380  35.290561    33.3579    138.081     0.1535      7.774    78.7019 1.0000e-12  4.3038342    25.8900  0.000e+00
     88.765     89.515     8.6399  35.291667    33.3572    138.370     0.1461      7.774    78.9601 1.0000e-12  3.4096034    25.8892  0.000e+00
     89.040     89.793     8.6304  35.283809    33.3578    137.646     0.1535      7.774    79.0118 1.0000e-12  5.0987060    25.8911  0.000e+00
     89.521     90.277     8.6297  35.283381    33.3578    137.657     0.1388      7.769    78.9085 1.0000e-12  5.1318256    25.8912  0.000e+00
     89.925     90.685     8.6298  35.283444    33.3576    137.959     0.1168      7.769    78.7019 1.0000e-12  4.4031932    25.8911  0.000e+00
     89.948     90.708     8.6310  35.284611    33.3577    137.955     0.1535      7.769    78.7794 1.0000e-12  3.5420821    25.8910  0.000e+00
     89.732     90.490     8.6514  35.302722    33.3575    137.886     0.1315      7.769    78.8052 1.0000e-12  3.9395179    25.8877  0.000e+00
     89.745     90.503     8.6501  35.301310    33.3573    137.891     0.1241      7.769    78.9343 1.0000e-12  4.1382359    25.8877  0.000e+00
     89.985     90.745     8.6329  35.285961    33.3573    137.951     0.1168      7.769    78.7278 1.0000e-12  4.4031932    25.8904  0.000e+00
     90.198     90.960     8.6301  35.283752    33.3574    137.963     0.1241      7.769    78.7278 1.0000e-12  4.5687915    25.8909  0.000e+00
     90.258     91.020     8.6301  35.283814    33.3575    137.964     0.1461      7.769    78.8052 1.0000e-12  3.8070393    25.8909  0.000e+00
     90.177     90.939     8.6305  35.284120    33.3575    137.962     0.1608      7.769    78.9860 1.0000e-12  3.8070393    25.8909  0.000e+00
     90.081     90.843     8.6316  35.284979    33.3574    137.957     0.1535      7.769    79.0376 1.0000e-12  3.4758427    25.8907  0.000e+00
     90.029     90.790     8.6324  35.285470    33.3572    137.953     0.1608      7.769    79.1925 1.0000e-12  3.2440051    25.8904  0.000e+00
     90.050     90.811     8.6306  35.283936    33.3573    137.959     0.1754      7.769    79.4249 1.0000e-12  3.5420821    25.8907  0.000e+00
     90.100     90.861     8.6306  35.283874    33.3571    137.496     0.1608      7.769    79.4249 1.0000e-12  3.5089624    25.8906  0.000e+00
     90.097     90.858     8.6298  35.283322    33.3573    137.498     0.1681      7.769    79.4766 1.0000e-12  3.1446462    25.8909  0.000e+00
     90.027     90.788     8.6301  35.283506    33.3573    137.790     0.1461      7.769    79.6832 1.0000e-12  2.8134496    25.8908  0.000e+00
     89.969     90.729     8.6299  35.283383    33.3574    137.790     0.1608      7.769    79.6573 1.0000e-12  2.8465692    25.8909  0.000e+00
     90.042     90.803     8.6298  35.282769    33.3568    138.257     0.1901      7.765    79.5282 1.0000e-12  3.9395179    25.8905  0.000e+00
     90.213     90.976     8.6300  35.283261    33.3571    137.795     0.1535      7.765    79.3733 1.0000e-12  3.8070393    25.8906  0.000e+00
     90.274     91.037     8.6300  35.283138    33.3569    137.501     0.1315      7.765    79.4508 1.0000e-12  3.9726376    25.8905  0.000e+00
     90.192     90.954     8.6298  35.283077    33.3570    137.795     0.1388      7.765    79.5024 1.0000e-12  4.5025521    25.8906  0.000e+00
     90.120     90.881     8.6301  35.283322    33.3571    137.793     0.1608      7.765    79.4766 1.0000e-12  4.4694325    25.8906  0.000e+00
     90.114     90.876     8.6299  35.282954    33.3568    137.793     0.1608      7.765    79.2958 1.0000e-12  4.2375949    25.8905  0.000e+00
     90.064     90.825     8.6298  35.282769    33.3568    137.793     0.1461      7.765    79.4249 1.0000e-12  3.8070393    25.8905  0.000e+00
     90.029     90.790     8.6300  35.283015    33.3569    137.792     0.1388      7.765    79.5540 1.0000e-12  3.4096034    25.8905  0.000e+00
     90.165     90.927     8.6302  35.283138    33.3568    137.794     0.1828      7.765    79.4508 1.0000e-12  4.5356718    25.8904  0.000e+00
     90.274     91.037     8.6301  35.283138    33.3568    137.796     0.1315      7.765    79.4249 1.0000e-12  4.3369538    25.8904  0.000e+00
     90.172     90.934     8.6299  35.282892    33.3568    137.795     0.1241      7.765    79.3991 1.0000e-12  3.6414410    25.8904  0.000e+00
     90.014     90.775     8.6301  35.283015    33.3568    137.792     0.1315      7.765    79.5540 1.0000e-12  2.9459282    25.8904  0.000e+00
     89.975     90.735     8.6301  35.283137    33.3569    137.791     0.1461      7.765    79.2700 1.0000e-12  4.6681504    25.8905  0.000e+00
     90.118     90.880     8.6301  35.282954    33.3567    137.794     0.1388      7.765    79.2700 1.0000e-12  4.6350308    25.8903  0.000e+00
     90.348     91.112     8.6298  35.282770    33.3566    137.799     0.1168      7.765    79.2700 1.0000e-12  4.2375949    25.8903  0.000e+00
     90.388     91.152     8.6300  35.282954    33.3567    137.799     0.1168      7.765    79.2958 1.0000e-12  4.1051162    25.8903  0.000e+00
     90.245     91.007     8.6300  35.282954    33.3567    137.796     0.1388      7.765    79.4249 1.0000e-12  4.8337487    25.8903  0.000e+00
     90.196     90.959     8.6301  35.282954    33.3567    137.796     0.1535      7.765    79.3475 1.0000e-12  3.6745607    25.8903  0.000e+00
     90.269     91.032     8.6300  35.282954    33.3567    137.797     0.1608      7.765    79.2958 1.0000e-12  4.0388769    25.8903  0.000e+00
     90.219     90.982     8.6301  35.283015    33.3567    137.796     0.1315      7.765    79.2700 1.0000e-12  4.3038342    25.8903  0.000e+00
     90.046     90.807     8.6302  35.283015    33.3567    137.793     0.1608      7.765    79.4508 1.0000e-12  4.2044752    25.8903  0.000e+00
     89.958     90.718     8.6302  35.282892    33.3566    137.791     0.1608      7.765    79.3991 1.0000e-12  4.8668684    25.8902  0.000e+00
     90.071     90.833     8.6301  35.282892    33.3567    137.329     0.1461      7.765    79.1667 1.0000e-12  4.0719966    25.8903  0.000e+00
     90.263     91.026     8.6296  35.282586    33.3567    137.334     0.1315      7.765    79.1409 1.0000e-12  3.5089624    25.8904  0.000e+00
     90.370     91.133     8.6299  35.282770    33.3566    137.629     0.1168      7.760    79.2184 1.0000e-12  3.3433641    25.8903  0.000e+00
     90.290     91.053     8.6297  35.282647    33.3567    137.629     0.1241      7.760    79.6315 1.0000e-12  4.5356718    25.8904  0.000e+00
     90.176     90.939     8.6302  35.282892    33.3565    137.625     0.1461      7.765    79.7864 1.0000e-12  4.1713556    25.8902  0.000e+00
     90.209     90.972     8.6306  35.283384    33.3566    137.624     0.1461      7.760    79.5024 1.0000e-12  3.9395179    25.8902  0.000e+00
     90.236     90.999     8.6310  35.283568    33.3565    137.624     0.1388      7.765    79.4766 1.0000e-12  4.1051162    25.8900  0.000e+00
     90.209     90.971     8.6308  35.283506    33.3565    137.624     0.1461      7.760    79.7090 1.0000e-12  5.3636632    25.8901  0.000e+00
     90.195     90.957     8.6312  35.283813    33.3565    137.623     0.1828      7.760    80.1479 1.0000e-12  4.7343897    25.8900  0.000e+00
     90.230     90.993     8.6321  35.284611    33.3564    137.620     0.1974      7.760    80.1996 1.0000e-12  4.4031932    25.8898  0.000e+00
     90.321     91.085     8.6335  35.285840    33.3564    138.083     0.1754      7.765    80.0963 1.0000e-12  4.3369538    25.8896  0.000e+00
     90.367     91.130     8.6335  35.285901    33.3564    138.083     0.1535      7.760    80.3287 1.0000e-12  5.0655863    25.8896  0.000e+00
     90.257     91.020     8.6336  35.286024    33.3566    137.787     0.1608      7.765    81.2841 1.0000e-12  4.5687915    25.8897  0.000e+00
     90.021     90.782     8.6334  35.285654    33.3564    137.783     0.1388      7.760    81.7489 1.0000e-12  4.2044752    25.8896  0.000e+00
     89.876     90.636     8.6344  35.286452    33.3564    138.242     0.1388      7.765    80.8968 1.0000e-12  4.0719966    25.8894  0.000e+00
     90.030     90.791     8.6329  35.285163    33.3564    138.250     0.1388      7.760    80.6902 1.0000e-12  4.6681504    25.8897  0.000e+00
     90.355     91.119     8.6333  35.285840    33.3566    137.495     0.1168      7.760    81.0259 1.0000e-12  4.1382359    25.8897  0.000e+00
     90.565     91.331     8.6333  35.285779    33.3564    137.499     0.1022      7.760    81.1034 1.0000e-12  3.8070393    25.8896  0.000e+00
     90.481     91.246     8.6336  35.286086    33.3565    137.791     0.1168      7.760    81.6198 1.0000e-12  3.6745607    25.8897  0.000e+00
     90.192     90.954     8.6342  35.286392    33.3564    137.784     0.1388      7.760    81.6973 1.0000e-12  4.0719966    25.8895  0.000e+00
     90.062     90.823     8.6347  35.286821    33.3565    137.781     0.1461      7.760    80.9226 1.0000e-12  4.0719966    25.8894  0.000e+00
     90.184     90.946     8.6331  35.285348    33.3564    137.788     0.1315      7.760    80.7935 1.0000e-12  4.8999880    25.8896  0.000e+00
     90.259     91.022     8.6319  35.284366    33.3564    137.793     0.1315      7.765    81.0001 1.0000e-12  4.8337487    25.8898  0.000e+00
     90.186     90.948     8.6308  35.283383    33.3564    137.795     0.1388      7.765    81.3616 1.0000e-12  4.0388769    25.8900  0.000e+00
     90.166     90.928     8.6311  35.283629    33.3564    137.794     0.1388      7.760    81.6714 1.0000e-12  2.7803299    25.8899  0.000e+00
     90.302     91.065     8.6308  35.283445    33.3564    137.798     0.1754      7.760    81.3099 1.0000e-12  3.1777658    25.8900  0.000e+00
     90.407     91.171     8.6306  35.283261    33.3563    137.800     0.2267      7.760    81.2583 1.0000e-12  3.5752017    25.8900  0.000e+00
     90.357     91.121     8.6303  35.282954    33.3563    137.800     0.1754      7.760    81.1292 1.0000e-12  4.0057573    25.8900  0.000e+00
