Arg_L2_F2_NV.cnv
* Sea-Bird SBE 9 Data File:
* FileName = S:\CTD_Data\CTD\Data\Argentina 2014\Data\Arg_L2_F2.hex
* Software Version Seasave V 7.21g
* Temperature SN = 5769
* Conductivity SN = 4244
* Number of Bytes Per Scan = 31
* Number of Voltage Words = 4
* Number of Scans Averaged by the Deck Unit = 24
* NMEA Latitude = 46 34.95 S
* NMEA Longitude = 065 47.58 W
* NMEA UTC (Time) = Feb 06 2014 22:53:09
* NMEA baud rate = 9600
** R/V Coriolis II
** MARES project, ARGENTINA 2014
** Chief scientist : Dr. Gustavo Ferreyra
** Co-Chief scientist : Dr. José Luis Esteves
# nquan = 13
# nvalues = 314                                   
# units = specified
# name 0 = depSM: Depth [salt water, m]
# name 1 = prDM: Pressure, Digiquartz [db]
# name 2 = t090C: Temperature [ITS-90, deg C]
# name 3 = c0mS/cm: Conductivity [mS/cm]
# name 4 = sal00: Salinity, Practical [PSU]
# name 5 = sbeox0Mm/Kg: Oxygen, SBE 43 [umol/Kg]
# name 6 = flECO-AFL: Fluorescence, WET Labs ECO-AFL/FL [mg/m^3]
# name 7 = ph: pH
# name 8 = CStarTr0: Beam Transmission, WET Labs C-Star [%]
# name 9 = par: PAR/Irradiance, Biospherical/Licor
# name 10 = upoly0: Upoly 0, Nitrate
# name 11 = sigma-é00: Density [sigma-theta, Kg/m^3]
# name 12 = flag:  0.000e+00
# span 0 =     -0.319,     77.109                 
# span 1 =     -0.321,     77.766                 
# span 2 =    12.5574,    12.7850                 
# span 3 =  14.487232,  38.754667                 
# span 4 =    11.2572,    33.0886                 
# span 5 =    194.039,    261.709                 
# span 6 =    -0.2861,     0.2560                 
# span 7 =      8.132,      8.197                 
# span 8 =    34.1336,    93.8593                 
# span 9 = 1.0000e-12, 7.3757e+01                 
# span 10 = -0.4985162,  3.3764838                
# span 11 =     8.1102,    24.9969                
# span 12 = 0.0000e+00, 0.0000e+00                
# interval = seconds: 1
# start_time = Feb 06 2014 22:53:09 [NMEA time, header]
# bad_flag = -9.990e-29
*END*
[from data line 223]
     45.762     46.148    12.5632  38.566975    33.0844    222.864     0.0802      8.184    88.4884 1.6744e-02  1.0249880    24.9956  0.000e+00
     44.995     45.375    12.5625  38.565700    33.0841    223.224     0.0802      8.184    88.5400 2.1888e-02  1.8860991    24.9955  0.000e+00
     44.429     44.804    12.5615  38.564617    33.0842    223.213     0.1022      8.184    88.4884 2.4918e-02  2.0185778    24.9958  0.000e+00
     43.968     44.339    12.5631  38.565887    33.0842    222.970     0.0582      8.184    88.4884 2.8511e-02  2.2504154    24.9954  0.000e+00
     43.407     43.773    12.5649  38.567666    33.0845    222.945     0.0655      8.184    88.4109 3.2735e-02  2.4160137    24.9953  0.000e+00
     42.704     43.064    12.5665  38.568681    33.0844    222.918     0.0948      8.184    88.5400 3.9387e-02  2.0185778    24.9949  0.000e+00
     41.929     42.282    12.5729  38.574466    33.0846    222.866     0.0729      8.184    88.7466 4.4208e-02  2.0185778    24.9938  0.000e+00
     41.017     41.363    12.5751  38.576052    33.0846    223.207     0.0875      8.184    88.9273 5.0677e-02  2.2172957    24.9933  0.000e+00
     40.047     40.384    12.5697  38.570006    33.0840    223.206     0.0729      8.184    89.3921 6.1856e-02  2.3166547    24.9939  0.000e+00
     39.135     39.465    12.5628  38.563707    33.0844    222.990     0.0655      8.184    89.9344 7.6736e-02  2.3166547    24.9955  0.000e+00
     38.490     38.815    12.5721  38.572481    33.0849    222.174     0.0729      8.184    89.9086 8.8139e-02  2.6809709    24.9940  0.000e+00
     38.294     38.616    12.5721  38.571844    33.0844    222.546     0.0582      8.184    89.5729 9.0854e-02  2.0516974    24.9937  0.000e+00
     38.015     38.336    12.5734  38.573179    33.0846    223.351     0.0436      8.184    89.4696 9.2034e-02  1.7536205    24.9936  0.000e+00
     37.050     37.362    12.5742  38.573557    33.0847    222.722     0.0509      8.184    89.9344 1.0920e-01  1.7205009    24.9934  0.000e+00
     35.916     36.219    12.5750  38.573871    33.0847    222.465     0.0436      8.184    89.6245 1.4082e-01  1.8529795    24.9933  0.000e+00
     35.248     35.545    12.5728  38.571451    33.0846    222.677     0.0436      8.188    89.6762 1.6514e-01  1.7536205    24.9936  0.000e+00
     34.830     35.123    12.5728  38.571195    33.0845    222.289     0.0509      8.188    89.4180 1.7750e-01  1.8860991    24.9935  0.000e+00
     34.074     34.360    12.5704  38.568648    33.0846    222.656     0.0655      8.184    89.8827 2.0227e-01  2.1179368    24.9940  0.000e+00
     33.086     33.364    12.5712  38.569408    33.0850    222.468     0.0509      8.184    90.0893 2.4011e-01  2.2504154    24.9942  0.000e+00
     32.187     32.458    12.5795  38.576464    33.0848    222.183     0.0729      8.188    90.1410 2.7903e-01  2.1179368    24.9924  0.000e+00
     31.597     31.862    12.5808  38.577480    33.0849    222.381     0.0582      8.188    90.2959 3.0586e-01  2.0848171    24.9922  0.000e+00
     31.225     31.488    12.5874  38.583457    33.0849    221.963     0.0436      8.188    90.1668 3.2320e-01  2.0516974    24.9909  0.000e+00
     30.912     31.171    12.5898  38.585682    33.0851    221.943     0.0436      8.188    90.5541 3.3059e-01  1.9854581    24.9906  0.000e+00
     30.294     30.549    12.5865  38.581991    33.0847    222.914     0.0362      8.188    91.6128 3.5819e-01  1.6211419    24.9910  0.000e+00
     29.266     29.512    12.5874  38.582687    33.0850    222.504     0.0289      8.188    91.3288 4.1695e-01  1.2237060    24.9910  0.000e+00
     28.296     28.533    12.5811  38.576450    33.0850    222.441     0.0362      8.188    90.7865 4.9325e-01  1.5549026    24.9921  0.000e+00
     27.662     27.894    12.5800  38.575048    33.0849    221.898     0.0509      8.188    90.9156 5.4425e-01  2.4822530    24.9923  0.000e+00
     27.069     27.296    12.5817  38.576445    33.0850    221.653     0.0509      8.188    91.0447 5.9100e-01  1.9854581    24.9920  0.000e+00
     26.293     26.514    12.5731  38.567601    33.0844    222.488     0.0582      8.188    91.3029 6.6110e-01  1.6873812    24.9932  0.000e+00
     25.611     25.826    12.5761  38.571033    33.0853    221.702     0.0436      8.188    91.4062 7.4556e-01  1.5880222    24.9933  0.000e+00
     25.059     25.270    12.5845  38.578091    33.0849    221.804     0.0582      8.188    90.9931 8.2520e-01  1.7205009    24.9913  0.000e+00
     24.400     24.605    12.5781  38.571855    33.0849    221.880     0.0582      8.188    90.9931 9.2098e-01  2.3497744    24.9925  0.000e+00
     23.642     23.840    12.5697  38.563648    33.0847    222.053     0.0289      8.188    90.8898 1.0548e+00  2.1510564    24.9940  0.000e+00
     22.960     23.153    12.5688  38.562501    33.0847    221.508     0.0289      8.188    90.7349 1.1966e+00  2.1510564    24.9941  0.000e+00
     22.383     22.571    12.5678  38.561227    33.0846    220.901     0.0509      8.188    91.0189 1.3292e+00  2.1841761    24.9943  0.000e+00
     21.815     21.998    12.5679  38.561288    33.0848    221.325     0.0655      8.188    90.6832 1.4803e+00  2.1841761    24.9943  0.000e+00
     21.108     21.285    12.5766  38.569172    33.0850    221.484     0.0655      8.188    90.5541 1.6526e+00  1.7205009    24.9929  0.000e+00
     20.099     20.268    12.5841  38.576355    33.0857    220.295     0.0582      8.188    90.8381 1.9094e+00  1.4555436    24.9919  0.000e+00
     19.072     19.232    12.6113  38.600651    33.0854    220.515     0.0289      8.188    91.1480 2.2432e+00  1.2237060    24.9864  0.000e+00
     18.484     18.639    12.6049  38.593650    33.0846    221.562     0.0509      8.188    91.1480 2.4309e+00  1.0249880    24.9870  0.000e+00
     18.224     18.377    12.6570  38.643919    33.0869    221.835     0.0289      8.188    90.8640 2.4802e+00  1.6873812    24.9787  0.000e+00
     17.680     17.828    12.7070  38.689563    33.0867    221.367     0.0362      8.192    91.4062 2.6040e+00  1.4886632    24.9688  0.000e+00
     16.925     17.066    12.7084  38.689943    33.0862    221.277     0.0216      8.192    92.7490 2.8865e+00  1.7536205    24.9681  0.000e+00
     16.303     16.439    12.7080  38.689686    33.0866    222.378     0.0289      8.192    92.7231 3.2082e+00  2.3828940    24.9685  0.000e+00
     15.614     15.745    12.7176  38.698662    33.0870    222.839     0.0436      8.192    92.8006 3.6164e+00  0.9918684    24.9669  0.000e+00
     14.721     14.845    12.7291  38.708785    33.0869    222.108     0.0216      8.192    92.8781 4.1934e+00  1.3230650    24.9646  0.000e+00
     13.734     13.849    12.7310  38.710437    33.0872    223.122     0.0143      8.192    93.2137 4.8062e+00  1.5217829    24.9644  0.000e+00
     12.896     13.004    12.7345  38.713428    33.0873    222.710     0.0143      8.192    93.3170 5.2483e+00  1.5549026    24.9638  0.000e+00
     12.459     12.563    12.7365  38.714891    33.0872    222.192     0.0143      8.192    93.4203 5.5076e+00  1.2568256    24.9633  0.000e+00
     12.238     12.340    12.7361  38.714827    33.0875    222.404     0.0289      8.192    93.4978 5.7470e+00  1.2568256    24.9636  0.000e+00
     11.804     11.902    12.7387  38.716927    33.0874    222.534     0.0289      8.192    93.8335 6.0478e+00  1.6873812    24.9630  0.000e+00
     10.880     10.971    12.7385  38.716414    33.0876    222.509     0.0216      8.192    93.6269 6.9286e+00  1.9192188    24.9632  0.000e+00
      9.881      9.963    12.7380  38.715518    33.0875    222.637     0.0216      8.192    93.5236 8.3040e+00  1.5880222    24.9632  0.000e+00
      9.159      9.235    12.7350  38.712458    33.0875    223.373     0.0143      8.192    93.5753 9.6461e+00  1.5880222    24.9637  0.000e+00
      8.529      8.600    12.7334  38.710927    33.0877    223.146     0.0216      8.192    93.6269 1.0709e+01  1.8529795    24.9642  0.000e+00
      7.910      7.976    12.7339  38.711180    33.0878    223.064     0.0216      8.192    93.6527 1.1204e+01  1.6542615    24.9642  0.000e+00
      7.452      7.514    12.7373  38.714363    33.0880    223.034     0.0289      8.192    93.7302 1.2023e+01  1.0249880    24.9636  0.000e+00
      7.061      7.120    12.7427  38.718820    33.0877    223.153     0.0289      8.192    93.7302 1.3845e+01  1.2237060    24.9624  0.000e+00
      6.344      6.397    12.7482  38.723403    33.0875    223.106     0.0216      8.192    93.6785 1.5325e+01  1.2568256    24.9611  0.000e+00
      5.480      5.526    12.7475  38.722508    33.0876    223.239     0.0216      8.192    93.6785 1.6915e+01  1.2899453    24.9613  0.000e+00
      4.918      4.959    12.7462  38.721105    33.0877    223.230     0.0216      8.192    93.6527 2.1555e+01  1.3230650    24.9616  0.000e+00
      4.364      4.401    12.7469  38.721549    33.0877    222.624     0.0216      8.192    93.6785 2.2612e+01  1.2237060    24.9614  0.000e+00
      3.655      3.686    12.7476  38.722056    33.0879    222.971     0.0216      8.192    93.7818 2.5167e+01  1.2568256    24.9614  0.000e+00
      3.396      3.424    12.7466  38.720908    33.0878    223.555     0.0143      8.192    93.7302 2.9384e+01  1.2899453    24.9616  0.000e+00
      3.107      3.133    12.7464  38.720525    33.0877    223.702     0.0216      8.192    93.8076 3.2702e+01  1.3230650    24.9616  0.000e+00
      2.456      2.477    12.7473  38.721350    33.0880    223.833     0.0436      8.192    93.8593 3.4890e+01  1.4886632    24.9616  0.000e+00
      1.911      1.927    12.7494  38.722813    33.0878    223.592     0.0509      8.192    93.7560 4.1543e+01  1.5217829    24.9609  0.000e+00
      1.935      1.951    12.7485  38.722113    33.0878    223.380     0.0289      8.192    93.7560 4.4572e+01  1.6873812    24.9612  0.000e+00
      1.818      1.833    12.7518  38.725170    33.0880    223.361     0.0216      8.192    93.7560 4.5459e+01  1.6211419    24.9606  0.000e+00
      1.545      1.558    12.7540  38.727016    33.0879    223.713     0.0216      8.192    93.8076 5.8892e+01  1.1574667    24.9601  0.000e+00
      1.349      1.360    12.7562  38.728927    33.0879    223.328     0.0216      8.192    93.7818 5.9224e+01  1.3230650    24.9597  0.000e+00
      1.553      1.566    12.7674  38.740140    33.0886    223.434     0.0362      8.192    93.6785 5.7097e+01  1.6211419    24.9581  0.000e+00
      1.450      1.462    12.7850  38.754667    33.0871    223.936     0.0289      8.192    93.7302 4.9186e+01  1.5880222    24.9535  0.000e+00
      1.256      1.266    12.7831  38.753137    33.0873    222.245     0.0216      8.192    93.7818 4.5715e+01  1.0912274    24.9540  0.000e+00
      0.960      0.968    12.7585  38.730263    33.0872    222.875     0.0289      8.192    93.7044 3.9602e+01  1.5549026    24.9587  0.000e+00
      1.149      1.158    12.7569  38.729627    33.0880    223.750     0.0216      8.192    93.6785 4.4697e+01  1.3561846    24.9597  0.000e+00
      1.267      1.278    12.7571  38.730264    33.0883    222.950     0.0216      8.192    93.6785 4.6233e+01  1.2899453    24.9599  0.000e+00
      0.909      0.917    12.7702  38.741412    33.0876    222.510     0.0216      8.192    93.7560 4.2489e+01  1.3561846    24.9567  0.000e+00
      0.629      0.634    12.7642  38.736123    33.0880    223.115     0.0143      8.192    93.6269 4.5459e+01  1.3561846    24.9582  0.000e+00
      0.509      0.513    12.7603  38.731918    33.0875    224.087     0.0289      8.192    93.3170 5.7258e+01  1.1243470    24.9586  0.000e+00
      0.005      0.005    12.7501  38.714206    33.0798    223.547     0.0216      8.192    89.4954 5.8069e+01  0.5944325    24.9546  0.000e+00
     -0.249     -0.251    12.7537  14.487232    11.2572    261.709     0.2560      8.192    62.8474 6.0063e+01  0.2632359     8.1102  0.000e+00
      0.396      0.399    12.7654  33.577498    28.2303    225.643     0.1828      8.197    41.8027 5.8069e+01  0.3294752    21.1988  0.000e+00
      0.483      0.487    12.7400  33.071229    27.7780    214.054     0.0509      8.192    44.0233 6.0402e+01  1.1243470    20.8539  0.000e+00
     -0.076     -0.077    12.7559  30.225992    25.1392    207.218     0.0216      8.192    39.9435 5.8561e+01  1.2568256    18.8123  0.000e+00
     -0.303     -0.305    12.7675  20.985902    16.8407    208.600    -0.0956      8.192    34.1336 6.1086e+01  0.9256291    12.4098  0.000e+00
     -0.293     -0.295    12.7809  26.865798    22.0655    195.527    -0.2861      8.192    71.4977 6.1258e+01 -0.4985162    16.4356  0.000e+00
     -0.314     -0.317    12.7732  16.008243    12.5387    216.594    -0.2568      8.178    92.2842 6.3183e+01  0.3625949     9.0946  0.000e+00
     -0.312     -0.314    12.7716  33.555759    28.2056    202.483    -0.0517      8.164    86.6292 6.1604e+01 -0.1010803    21.1786  0.000e+00
     -0.299     -0.301    12.7693  38.659624    33.0111    194.545    -0.2715      8.155    85.1315 7.3344e+01 -0.4985162    24.8976  0.000e+00
     -0.319     -0.321    12.7467  38.646894    33.0188    194.039     0.0582      8.136    81.1550 7.3757e+01 -0.4985162    24.9080  0.000e+00
