Arg_L2_F8_NV.cnv
* Sea-Bird SBE 9 Data File:
* FileName = S:\CTD_Data\CTD\Data\Argentina 2014\Data\Arg_L2_F8.hex
* Software Version Seasave V 7.21g
* Temperature SN = 5769
* Conductivity SN = 4244
* Number of Bytes Per Scan = 31
* Number of Voltage Words = 4
* Number of Scans Averaged by the Deck Unit = 24
* NMEA Latitude = 46 32.44 S
* NMEA Longitude = 065 54.15 W
* NMEA UTC (Time) = Feb 08 2014 18:52:58
* NMEA baud rate = 9600
** R/V Coriolis II
** MARES project, ARGENTINA 2014
** Chief scientist : Dr. Gustavo Ferreyra
** Co-Chief scientist : Dr. José Luis Esteves
# nquan = 13
# nvalues = 589                                   
# units = specified
# name 0 = depSM: Depth [salt water, m]
# name 1 = prDM: Pressure, Digiquartz [db]
# name 2 = t090C: Temperature [ITS-90, deg C]
# name 3 = c0mS/cm: Conductivity [mS/cm]
# name 4 = sal00: Salinity, Practical [PSU]
# name 5 = sbeox0Mm/Kg: Oxygen, SBE 43 [umol/Kg]
# name 6 = flECO-AFL: Fluorescence, WET Labs ECO-AFL/FL [mg/m^3]
# name 7 = ph: pH
# name 8 = CStarTr0: Beam Transmission, WET Labs C-Star [%]
# name 9 = par: PAR/Irradiance, Biospherical/Licor
# name 10 = upoly0: Upoly 0, Nitrate
# name 11 = sigma-é00: Density [sigma-theta, Kg/m^3]
# name 12 = flag:  0.000e+00
# span 0 =     -0.268,     84.030                 
# span 1 =     -0.270,     84.747                 
# span 2 =    10.3490,    14.8690                 
# span 3 =   3.750996,  41.052146                 
# span 4 =     2.5291,    33.4189                 
# span 5 =    173.405,    267.664                 
# span 6 =    -0.1176,     3.2084                 
# span 7 =      7.967,      8.264                 
# span 8 =    54.7652,    97.8875                 
# span 9 = 1.0000e-12, 1.7644e+03                 
# span 10 = -0.7634735,  1.1243470                
# span 11 =     1.1391,    25.4979                
# span 12 = 0.0000e+00, 0.0000e+00                
# interval = seconds: 1
# start_time = Feb 08 2014 18:52:58 [NMEA time, header]
# bad_flag = -9.990e-29
*END*
[from data line 334]
     45.645     46.030    11.5663  37.714516    33.1443    206.738    -0.0004      8.094    97.8617 1.7110e+00 -0.7303538    25.2295  0.000e+00
     45.582     45.967    11.5668  37.715335    33.1447    206.733    -0.0077      8.094    97.8617 1.7159e+00 -0.7303538    25.2297  0.000e+00
     45.430     45.813    11.5770  37.724349    33.1445    206.684    -0.0150      8.094    97.8617 1.7714e+00 -0.7303538    25.2277  0.000e+00
     45.519     45.903    11.5675  37.715587    33.1444    207.126    -0.0077      8.094    97.8358 1.7714e+00 -0.7303538    25.2294  0.000e+00
     45.705     46.091    11.5629  37.711680    33.1446    207.547    -0.0004      8.094    97.8617 1.7061e+00 -0.7303538    25.2304  0.000e+00
     45.746     46.133    11.5671  37.715651    33.1446    207.292    -0.0004      8.094    97.8617 1.6962e+00 -0.7303538    25.2296  0.000e+00
     45.602     45.987    11.5742  37.722458    33.1451    206.622    -0.0077      8.094    97.8617 1.7259e+00 -0.7303538    25.2287  0.000e+00
     45.469     45.853    11.5786  37.726303    33.1449    207.392    -0.0077      8.094    97.8617 1.7663e+00 -0.7303538    25.2278  0.000e+00
     45.588     45.973    11.5798  37.727690    33.1451    207.230    -0.0077      8.094    97.8617 1.7460e+00 -0.7303538    25.2277  0.000e+00
     45.820     46.207    11.5707  37.718929    33.1446    206.803    -0.0077      8.094    97.8617 1.6767e+00 -0.7303538    25.2290  0.000e+00
     45.853     46.240    11.5640  37.713256    33.1450    207.467    -0.0150      8.094    97.8617 1.6670e+00 -0.7303538    25.2305  0.000e+00
     45.708     46.094    11.5668  37.715714    33.1450    207.451    -0.0224      8.094    97.8358 1.7159e+00 -0.7303538    25.2300  0.000e+00
     45.727     46.113    11.5688  37.717479    33.1450    207.205    -0.0077      8.094    97.8617 1.7309e+00 -0.7303538    25.2296  0.000e+00
     45.905     46.292    11.5695  37.718299    33.1450    207.603    -0.0004      8.094    97.8617 1.6719e+00 -0.7303538    25.2295  0.000e+00
     45.908     46.295    11.5704  37.719308    33.1452    207.202    -0.0004      8.099    97.8617 1.6622e+00 -0.7303538    25.2295  0.000e+00
     45.775     46.161    11.5749  37.723341    33.1452    206.942    -0.0077      8.094    97.8358 1.7061e+00 -0.7303538    25.2287  0.000e+00
     45.687     46.073    11.5765  37.724917    33.1453    207.565    -0.0150      8.099    97.8617 1.7460e+00 -0.7303538    25.2285  0.000e+00
     45.752     46.138    11.5760  37.724224    33.1451    207.174    -0.0077      8.099    97.8617 1.7359e+00 -0.7303538    25.2284  0.000e+00
     45.919     46.307    11.5670  37.715841    33.1448    206.981    -0.0004      8.099    97.8617 1.6864e+00 -0.7303538    25.2298  0.000e+00
     46.024     46.412    11.5665  37.715967    33.1454    207.619    -0.0004      8.099    97.8358 1.6526e+00 -0.7303538    25.2304  0.000e+00
     45.987     46.375    11.5687  37.717606    33.1451    207.609    -0.0077      8.094    97.8617 1.6622e+00 -0.7303538    25.2297  0.000e+00
     45.960     46.348    11.5707  37.719560    33.1452    206.966    -0.0077      8.099    97.8617 1.6767e+00 -0.7303538    25.2294  0.000e+00
     46.012     46.401    11.5764  37.725044    33.1454    207.337    -0.0077      8.099    97.8358 1.6719e+00 -0.7303538    25.2285  0.000e+00
     45.990     46.378    11.5814  37.729583    33.1454    207.552    -0.0077      8.099    97.8358 1.6670e+00 -0.7303538    25.2276  0.000e+00
     45.850     46.237    11.5832  37.731411    33.1456    207.302    -0.0077      8.099    97.8617 1.6962e+00 -0.7303538    25.2274  0.000e+00
     45.844     46.231    11.5825  37.730402    33.1453    207.702    -0.0150      8.099    97.8617 1.7159e+00 -0.7303538    25.2273  0.000e+00
     46.046     46.435    11.5759  37.724351    33.1451    207.341    -0.0004      8.099    97.8875 1.6622e+00 -0.7303538    25.2284  0.000e+00
     46.193     46.583    11.5621  37.711619    33.1450    207.169    -0.0004      8.099    97.8100 1.6101e+00 -0.7303538    25.2308  0.000e+00
     46.115     46.505    11.5613  37.710988    33.1451    207.012    -0.0150      8.099    97.8358 1.6383e+00 -0.7303538    25.2311  0.000e+00
     45.991     46.379    11.5676  37.717039    33.1454    206.980    -0.0150      8.099    97.8100 1.6864e+00 -0.7303538    25.2302  0.000e+00
     46.049     46.438    11.5681  37.717039    33.1450    207.217    -0.0077      8.099    97.8617 1.7011e+00 -0.7303538    25.2297  0.000e+00
     46.202     46.592    11.5640  37.713510    33.1451    207.636    -0.0004      8.099    97.8617 1.6622e+00 -0.7303538    25.2306  0.000e+00
     46.221     46.612    11.5568  37.706829    33.1451    207.273    -0.0004      8.099    97.8617 1.6383e+00 -0.7303538    25.2319  0.000e+00
     46.145     46.535    11.5625  37.712186    33.1452    207.007    -0.0150      8.099    97.8358 1.6431e+00 -0.7303538    25.2309  0.000e+00
     45.626     46.011    11.5813  37.729960    33.1460    207.146    -0.0150      8.099    97.8617 1.7011e+00 -0.7303538    25.2281  0.000e+00
     44.883     45.262    11.5984  37.746224    33.1470    207.049    -0.0150      8.099    97.8617 1.8233e+00 -0.7303538    25.2257  0.000e+00
     44.061     44.433    11.6852  37.830560    33.1521    207.420     0.0289      8.103    97.8617 1.9315e+00 -0.7303538    25.2137  0.000e+00
     43.291     43.656    11.8765  38.010084    33.1566    207.319     0.0289      8.112    97.8875 2.0817e+00 -0.7303538    25.1817  0.000e+00
     42.759     43.119    12.0173  38.144348    33.1618    208.144     0.0216      8.120    97.8875 2.1986e+00 -0.7303538    25.1594  0.000e+00
     42.327     42.684    12.1508  38.274870    33.1696    209.372     0.0289      8.125    97.8358 2.2822e+00 -0.7303538    25.1403  0.000e+00
     41.756     42.108    12.2646  38.381003    33.1712    211.147     0.0436      8.133    97.7842 2.3826e+00 -0.7634735    25.1200  0.000e+00
     41.034     41.379    12.3335  38.448815    33.1757    211.738     0.0509      8.133    97.8100 2.5450e+00 -0.7634735    25.1103  0.000e+00
     40.296     40.635    12.4206  38.537146    33.1838    211.566     0.0582      8.142    97.7842 2.7653e+00 -0.7634735    25.1000  0.000e+00
     39.591     39.925    12.6993  38.823419    33.2121    211.160     0.0582      8.146    97.7067 3.0043e+00 -0.7634735    25.0680  0.000e+00
     38.841     39.168    13.3519  39.498314    33.2785    210.108     0.0655      8.162    97.5518 3.2730e+00 -0.7634735    24.9903  0.000e+00
     38.086     38.407    13.9550  40.104529    33.3196    211.418     0.1095      8.178    97.2936 3.5653e+00 -0.7634735    24.8991  0.000e+00
     37.484     37.799    14.1672  40.323269    33.3384    215.247     0.2121      8.196    96.8030 3.8393e+00 -0.7634735    24.8696  0.000e+00
     36.970     37.282    14.2858  40.455639    33.3581    216.546     0.3952      8.204    95.7185 4.0411e+00 -0.7634735    24.8599  0.000e+00
     36.303     36.609    14.3634  40.541127    33.3700    216.569     0.9886      8.209    95.3311 4.3389e+00 -0.7634735    24.8527  0.000e+00
     35.533     35.832    14.3645  40.546056    33.3738    216.903     1.0399      8.213    95.6410 4.8062e+00 -0.7634735    24.8554  0.000e+00
     34.938     35.232    14.3829  40.565914    33.3764    216.867     0.8567      8.218    95.3569 5.2932e+00 -0.7634735    24.8535  0.000e+00
     34.417     34.706    14.4092  40.595124    33.3808    217.038     0.8274      8.218    94.2466 5.6661e+00 -0.7634735    24.8514  0.000e+00
     33.730     34.014    14.4111  40.598303    33.3823    216.331     1.0545      8.218    94.2208 6.2040e+00 -0.7634735    24.8521  0.000e+00
     33.011     33.288    14.4107  40.599534    33.3841    217.551     1.2524      8.222    93.8593 6.8894e+00 -0.7634735    24.8535  0.000e+00
     32.462     32.735    14.4205  40.610960    33.3864    216.067     1.3622      8.222    93.7302 7.4366e+00 -0.6641145    24.8532  0.000e+00
     31.886     32.154    14.4412  40.633818    33.3897    215.625     1.4135      8.222    92.9814 7.9816e+00 -0.7303538    24.8514  0.000e+00
     31.199     31.462    14.4561  40.650120    33.3920    216.806     1.4648      8.222    92.6973 8.7623e+00 -0.7634735    24.8500  0.000e+00
     30.643     30.900    14.4590  40.653626    33.3930    217.910     1.6992      8.227    92.6457 9.4839e+00 -0.7634735    24.8501  0.000e+00
     30.209     30.463    14.4603  40.655703    33.3939    217.160     1.5747      8.227    92.4133 1.0035e+01 -0.7634735    24.8506  0.000e+00
     29.607     29.856    14.4677  40.663172    33.3947    218.540     1.7432      8.227    91.6903 1.0861e+01 -0.7634735    24.8495  0.000e+00
     28.811     29.053    14.4598  40.655893    33.3951    217.375     1.8970      8.227    91.7677 1.2263e+01 -0.7634735    24.8515  0.000e+00
     28.027     28.262    14.4660  40.662646    33.3963    216.996     1.8970      8.227    92.2583 1.3806e+01 -0.7634735    24.8511  0.000e+00
     27.346     27.576    14.4735  40.669985    33.3968    217.375     2.1974      8.227    91.9743 1.5153e+01 -0.7634735    24.8499  0.000e+00
     26.763     26.988    14.4746  40.670958    33.3969    219.514     2.2853      8.231    91.4837 1.6491e+01 -0.7634735    24.8497  0.000e+00
     26.240     26.461    14.4754  40.671800    33.3973    217.976     2.3439      8.231    91.0964 1.7896e+01 -0.7634735    24.8498  0.000e+00
     25.647     25.863    14.4760  40.672383    33.3976    217.436     2.2560      8.231    90.7607 1.9530e+01 -0.7634735    24.8499  0.000e+00
     25.006     25.216    14.4769  40.672835    33.3974    218.040     2.1535      8.231    90.5541 2.1737e+01 -0.7634735    24.8496  0.000e+00
     24.293     24.497    14.4773  40.672767    33.3973    217.781     2.1681      8.236    90.4766 2.4399e+01 -0.5978752    24.8494  0.000e+00
     23.485     23.682    14.4773  40.672634    33.3975    218.978     2.2121      8.236    90.6574 2.7541e+01 -0.7634735    24.8495  0.000e+00
     22.784     22.975    14.4779  40.672891    33.3975    219.447     2.2926      8.236    90.0893 3.0825e+01 -0.7634735    24.8493  0.000e+00
     22.187     22.373    14.4798  40.674578    33.3977    220.894     2.4831      8.236    89.5729 3.3636e+01 -0.7634735    24.8491  0.000e+00
     21.517     21.697    14.4801  40.674250    33.3974    218.778     2.6443      8.236    89.4696 3.6498e+01 -0.7303538    24.8488  0.000e+00
     20.698     20.872    14.4797  40.673467    33.3973    218.966     2.4978      8.236    89.3921 4.1778e+01 -0.7634735    24.8487  0.000e+00
     19.976     20.143    14.4778  40.670865    33.3968    221.972     2.5857      8.241    89.4438 4.8362e+01 -0.7634735    24.8487  0.000e+00
     19.938     20.105    14.4800  40.672555    33.3965    220.164     2.4831      8.241    89.2630 5.0023e+01 -0.7303538    24.8480  0.000e+00
     20.086     20.254    14.4809  40.673270    33.3963    220.373     2.3659      8.241    89.2372 4.5715e+01 -0.4985162    24.8477  0.000e+00
     20.183     20.352    14.4816  40.673985    33.3963    221.636     2.4025      8.241    88.5658 4.6625e+01 -0.6309949    24.8476  0.000e+00
     20.239     20.409    14.4812  40.673985    33.3966    219.499     2.4099      8.241    88.1527 4.6888e+01 -0.5978752    24.8479  0.000e+00
     20.331     20.501    14.4816  40.674830    33.3971    220.139     2.3732      8.241    88.0494 4.5076e+01 -0.4985162    24.8482  0.000e+00
     20.304     20.474    14.4817  40.675025    33.3972    220.910     2.3659      8.241    88.0236 4.5076e+01 -0.6309949    24.8482  0.000e+00
     20.050     20.218    14.4811  40.674310    33.3971    219.984     2.3659      8.241    87.9978 4.7419e+01 -0.7303538    24.8483  0.000e+00
     19.937     20.104    14.4810  40.674244    33.3972    221.007     2.3879      8.241    88.1010 4.9186e+01 -0.6972342    24.8484  0.000e+00
     20.115     20.283    14.4813  40.674635    33.3972    219.836     2.5051      8.241    87.9719 4.6625e+01 -0.7303538    24.8483  0.000e+00
     20.193     20.362    14.4812  40.675025    33.3977    219.943     2.4465      8.241    87.9978 4.6625e+01 -0.7303538    24.8487  0.000e+00
     20.161     20.330    14.4814  40.675220    33.3977    220.371     2.4172      8.241    87.9719 4.6756e+01 -0.7634735    24.8487  0.000e+00
     20.187     20.356    14.4813  40.675285    33.3978    219.986     2.4099      8.241    87.9719 4.7821e+01 -0.6309949    24.8488  0.000e+00
     20.239     20.409    14.4811  40.675155    33.3978    219.840     2.4318      8.241    88.0236 4.7956e+01 -0.6972342    24.8488  0.000e+00
     20.342     20.513    14.4813  40.675350    33.3978    220.184     2.4318      8.241    88.1010 4.5203e+01 -0.7303538    24.8488  0.000e+00
     20.459     20.631    14.4815  40.676001    33.3982    219.695     2.4245      8.241    88.0752 4.4950e+01 -0.7303538    24.8490  0.000e+00
     20.462     20.633    14.4818  40.676456    33.3983    220.184     2.4025      8.241    88.0494 4.4572e+01 -0.7634735    24.8490  0.000e+00
     20.290     20.460    14.4815  40.676260    33.3985    220.566     2.4099      8.241    88.1010 4.5076e+01 -0.7634735    24.8492  0.000e+00
     20.121     20.289    14.4812  40.675609    33.3982    219.494     2.4538      8.241    87.9978 4.9048e+01 -0.7303538    24.8491  0.000e+00
     20.142     20.310    14.4805  40.674570    33.3978    220.523     2.4978      8.241    88.0494 4.7686e+01 -0.7303538    24.8490  0.000e+00
     20.238     20.407    14.4809  40.674960    33.3978    220.569     2.5051      8.241    87.9978 4.6103e+01 -0.7634735    24.8489  0.000e+00
     20.341     20.511    14.4809  40.675545    33.3983    221.359     2.4245      8.241    87.9978 4.5459e+01 -0.7634735    24.8492  0.000e+00
     20.293     20.463    14.4806  40.675220    33.3983    219.843     2.4025      8.241    88.0494 4.5715e+01 -0.7303538    24.8493  0.000e+00
     20.104     20.272    14.4803  40.674830    33.3983    219.408     2.3879      8.245    87.9978 4.8772e+01 -0.7634735    24.8494  0.000e+00
     20.122     20.290    14.4801  40.674440    33.3981    219.008     2.4538      8.241    88.0494 4.9048e+01 -0.7634735    24.8493  0.000e+00
     20.439     20.611    14.4807  40.675546    33.3985    219.846     2.5271      8.245    88.0494 4.5331e+01 -0.7303538    24.8494  0.000e+00
     20.647     20.820    14.4807  40.675742    33.3985    220.966     2.4685      8.245    88.0752 4.4073e+01 -0.7303538    24.8495  0.000e+00
     20.514     20.686    14.4803  40.675351    33.3986    220.385     2.4099      8.245    88.1010 4.4197e+01 -0.5978752    24.8496  0.000e+00
     20.314     20.484    14.4798  40.674636    33.3984    220.872     2.4465      8.245    88.1269 4.5331e+01 -0.7634735    24.8496  0.000e+00
     20.242     20.411    14.4802  40.674960    33.3984    219.159     2.5124      8.245    88.1269 4.8091e+01 -0.5978752    24.8494  0.000e+00
     20.187     20.356    14.4802  40.674830    33.3983    220.139     2.4978      8.245    88.0494 4.8091e+01 -0.7634735    24.8494  0.000e+00
     20.139     20.307    14.4804  40.675285    33.3986    221.102     2.4245      8.245    88.0494 4.8226e+01 -0.7634735    24.8496  0.000e+00
     20.177     20.346    14.4802  40.675220    33.3987    219.990     2.4245      8.245    88.0752 4.6625e+01 -0.7303538    24.8497  0.000e+00
     20.345     20.515    14.4801  40.675286    33.3988    219.995     2.4245      8.245    88.0494 4.6233e+01 -0.7303538    24.8498  0.000e+00
     20.544     20.716    14.4801  40.675481    33.3988    220.193     2.4245      8.245    88.0494 4.4447e+01 -0.7634735    24.8498  0.000e+00
     20.548     20.720    14.4803  40.675871    33.3991    220.534     2.4611      8.245    88.1527 4.4073e+01 -0.7303538    24.8500  0.000e+00
     20.387     20.558    14.4800  40.675286    33.3988    220.873     2.4245      8.245    88.1010 4.6756e+01 -0.5978752    24.8498  0.000e+00
