Arg_L1_T3_NV.cnv
* Sea-Bird SBE 9 Data File:
* FileName = S:\CTD_Data\CTD\Data\Argentina 2014\Data\Arg_L1_T3.hex
* Software Version Seasave V 7.21g
* Temperature SN = 5769
* Conductivity SN = 4244
* Number of Bytes Per Scan = 31
* Number of Voltage Words = 4
* Number of Scans Averaged by the Deck Unit = 24
* NMEA Latitude = 46 00.46 S
* NMEA Longitude = 059 23.80 W
* NMEA UTC (Time) = Feb 02 2014 01:35:40
* NMEA baud rate = 9600
** R/V Coriolis II
** MARES project, ARGENTINA 2014
** Chief scientist : Dr. Gustavo Ferreyra
** Co-Chief scientist : Dr. José Luis Esteves
# nquan = 12
# nvalues = 2463                                  
# units = specified
# name 0 = depSM: Depth [salt water, m]
# name 1 = prDM: Pressure, Digiquartz [db]
# name 2 = t090C: Temperature [ITS-90, deg C]
# name 3 = c0mS/cm: Conductivity [mS/cm]
# name 4 = sal00: Salinity, Practical [PSU]
# name 5 = sbeox0Mm/Kg: Oxygen, SBE 43 [umol/Kg]
# name 6 = flECO-AFL: Fluorescence, WET Labs ECO-AFL/FL [mg/m^3]
# name 7 = ph: pH
# name 8 = CStarTr0: Beam Transmission, WET Labs C-Star [%]
# name 9 = upoly0: Upoly 0, Nitrate
# name 10 = sigma-é00: Density [sigma-theta, Kg/m^3]
# name 11 = flag:  0.000e+00
# span 0 =     -0.299,    600.742                 
# span 1 =     -0.302,    606.602                 
# span 2 =     3.2852,    13.1137                 
# span 3 =   2.955916,  40.543942                 
# span 4 =     2.0363,    34.6995                 
# span 5 =    185.364,    278.001                 
# span 6 =    -0.1469,     1.1571                 
# span 7 =      8.021,      8.271                 
# span 8 =    61.5047,    99.7208                 
# span 9 = -0.6309949,  18.412809                 
# span 10 =     0.9551,    27.2203                
# span 11 = 0.0000e+00, 0.0000e+00                
# interval = seconds: 1
# start_time = Feb 02 2014 01:35:40 [NMEA time, header]
# bad_flag = -9.990e-29
*END*
[from data line 1083]
    595.530    601.331     3.2900  31.523251    34.1939    198.619    -0.1103      8.025    99.3593  16.458749    27.2186  0.000e+00
    595.768    601.572     3.2897  31.523193    34.1939    198.627    -0.1103      8.025    99.3593  16.458749    27.2186  0.000e+00
    595.567    601.369     3.2898  31.523133    34.1939    197.908    -0.1103      8.025    99.3593  17.651056    27.2186  0.000e+00
    595.112    600.909     3.2894  31.522603    34.1939    197.898    -0.1176      8.021    99.3593  18.346569    27.2186  0.000e+00
    594.968    600.763     3.2888  31.522250    34.1942    198.404    -0.1249      8.025    99.3593  17.783535    27.2189  0.000e+00
    595.020    600.816     3.2878  31.521721    34.1946    198.411    -0.1249      8.025    99.3593  17.551697    27.2194  0.000e+00
    594.919    600.714     3.2869  31.521133    34.1949    198.413    -0.1176      8.025    99.3335  17.253621    27.2197  0.000e+00
    594.965    600.760     3.2871  31.521251    34.1948    198.414    -0.1103      8.025    99.3077  17.154262    27.2195  0.000e+00
    595.080    600.876     3.2869  31.521134    34.1948    198.418    -0.1103      8.025    99.3335  17.419219    27.2196  0.000e+00
    594.896    600.690     3.2869  31.521075    34.1949    198.414    -0.1176      8.025    99.3593  17.054903    27.2196  0.000e+00
    594.564    600.355     3.2875  31.521250    34.1946    198.403    -0.1176      8.025    99.3593  18.015373    27.2193  0.000e+00
    594.482    600.272     3.2875  31.521014    34.1944    197.688    -0.1103      8.021    99.3851  18.346569    27.2192  0.000e+00
    594.731    600.523     3.2872  31.521133    34.1947    197.696    -0.1103      8.021    99.2302  17.849774    27.2194  0.000e+00
    594.840    600.633     3.2872  31.521133    34.1946    198.205    -0.1103      8.021    99.1011  17.551697    27.2194  0.000e+00
    594.634    600.426     3.2873  31.521132    34.1947    198.200    -0.1176      8.021    99.3335  17.916014    27.2194  0.000e+00
    594.542    600.332     3.2872  31.521132    34.1948    198.198    -0.1249      8.025    99.3593  18.081612    27.2195  0.000e+00
    594.666    600.457     3.2872  31.521074    34.1947    198.202    -0.1176      8.025    99.3335  17.949133    27.2194  0.000e+00
    594.569    600.360     3.2872  31.521015    34.1947    198.200    -0.1103      8.021    99.3077  17.088022    27.2194  0.000e+00
    594.203    599.990     3.2873  31.520955    34.1947    198.191    -0.1103      8.025    99.3335  17.021783    27.2194  0.000e+00
    594.025    599.809     3.2874  31.520954    34.1946    198.186    -0.1103      8.021    99.3335  16.624347    27.2193  0.000e+00
    594.248    600.035     3.2872  31.520955    34.1947    198.193    -0.1176      8.021    99.3593  16.591227    27.2195  0.000e+00
    594.486    600.276     3.2872  31.520956    34.1946    198.200    -0.1176      8.021    99.3593  17.849774    27.2194  0.000e+00
    594.510    600.300     3.2872  31.521015    34.1946    198.201    -0.1103      8.025    99.3851  16.690586    27.2194  0.000e+00
    594.474    600.264     3.2872  31.521014    34.1947    198.200    -0.1176      8.021    99.3851  16.458749    27.2194  0.000e+00
    594.347    600.135     3.2872  31.520955    34.1947    198.197    -0.1176      8.025    99.3593  16.260031    27.2194  0.000e+00
    593.995    599.779     3.2873  31.520837    34.1946    198.188    -0.1103      8.025    99.3593  16.028193    27.2193  0.000e+00
    593.458    599.236     3.2873  31.520541    34.1946    198.175    -0.1103      8.025    99.3593  16.657467    27.2193  0.000e+00
    593.167    598.942     3.2876  31.520658    34.1945    198.166    -0.1103      8.021    99.3077  16.955544    27.2193  0.000e+00
    593.539    599.318     3.2875  31.520894    34.1947    198.177    -0.1176      8.021    99.1786  17.121142    27.2194  0.000e+00
    594.210    599.996     3.2873  31.521014    34.1947    198.195    -0.1176      8.021    99.3335  17.121142    27.2194  0.000e+00
    594.292    600.079     3.2873  31.521014    34.1946    198.198    -0.1176      8.025    99.3593  17.121142    27.2194  0.000e+00
    593.749    599.530     3.2875  31.520836    34.1945    198.184    -0.1103      8.025    99.3593  17.054903    27.2193  0.000e+00
    593.332    599.109     3.2874  31.520658    34.1946    198.173    -0.1103      8.025    99.3593  16.889304    27.2193  0.000e+00
    593.511    599.289     3.2876  31.520835    34.1945    198.178    -0.1103      8.021    99.3593  16.657467    27.2193  0.000e+00
    593.902    599.685     3.2869  31.520601    34.1948    198.192    -0.1103      8.025    99.3593  16.193791    27.2195  0.000e+00
    593.921    599.705     3.2873  31.520778    34.1946    198.191    -0.1103      8.025    99.3593  16.127552    27.2194  0.000e+00
    593.538    599.317     3.2882  31.521188    34.1943    198.177    -0.1249      8.025    99.3593  17.187381    27.2190  0.000e+00
    593.056    598.829     3.2890  31.521363    34.1940    197.448    -0.1249      8.021    99.3593  18.015373    27.2187  0.000e+00
    592.980    598.753     3.2901  31.522009    34.1937    198.155    -0.1176      8.025    99.3593  16.359390    27.2183  0.000e+00
    593.357    599.133     3.2902  31.522304    34.1936    198.670    -0.1176      8.025    99.3593  16.789945    27.2183  0.000e+00
    593.596    599.376     3.2897  31.522069    34.1938    198.173    -0.1176      8.025    99.3077  16.922424    27.2185  0.000e+00
    593.522    599.301     3.2899  31.522069    34.1936    198.171    -0.1176      8.025    99.3335  16.889304    27.2183  0.000e+00
    593.354    599.131     3.2896  31.521951    34.1939    198.168    -0.1176      8.025    99.3851  16.491868    27.2186  0.000e+00
    593.098    598.872     3.2900  31.521950    34.1936    198.874    -0.1249      8.025    99.3851  16.293150    27.2183  0.000e+00
    592.851    598.623     3.2909  31.522361    34.1933    198.863    -0.1103      8.025    99.3593  16.260031    27.2180  0.000e+00
    592.964    598.737     3.2914  31.522773    34.1932    198.358    -0.1176      8.025    99.3593  16.624347    27.2178  0.000e+00
    593.414    599.191     3.2895  31.521893    34.1939    198.379    -0.1176      8.025    99.3593  17.386099    27.2186  0.000e+00
    593.762    599.544     3.2888  31.521541    34.1940    198.392    -0.1176      8.025    99.3335  17.518578    27.2187  0.000e+00
    593.593    599.372     3.2891  31.521776    34.1940    198.387    -0.1176      8.021    99.3851  17.121142    27.2188  0.000e+00
    593.001    598.774     3.2927  31.523478    34.1927    198.355    -0.1176      8.025    99.3593  17.419219    27.2173  0.000e+00
    592.653    598.422     3.2944  31.524182    34.1919    198.339    -0.1176      8.025    99.3593  17.949133    27.2166  0.000e+00
    593.010    598.783     3.2947  31.524594    34.1919    198.347    -0.1176      8.025    99.3593  17.021783    27.2165  0.000e+00
    593.660    599.440     3.2926  31.523774    34.1928    198.374    -0.1176      8.025    99.3593  17.286740    27.2174  0.000e+00
    593.577    599.356     3.2923  31.523538    34.1929    199.087    -0.1249      8.025    99.3593  17.319860    27.2175  0.000e+00
    592.731    598.500     3.2947  31.524476    34.1919    199.054    -0.1103      8.025    99.3335  17.352979    27.2166  0.000e+00
    592.220    597.985     3.2954  31.524592    34.1915    198.532    -0.1103      8.025    99.3077  17.949133    27.2161  0.000e+00
    592.585    598.353     3.2944  31.524299    34.1921    198.547    -0.1030      8.025    99.1786  17.253621    27.2167  0.000e+00
    593.264    599.039     3.2933  31.524007    34.1925    198.570    -0.1103      8.025    99.2302  17.121142    27.2171  0.000e+00
    593.585    599.364     3.2920  31.523480    34.1931    198.585    -0.1176      8.025    99.3593  17.121142    27.2177  0.000e+00
    593.462    599.240     3.2921  31.523479    34.1930    198.581    -0.1103      8.025    99.3851  17.154262    27.2176  0.000e+00
    593.112    598.886     3.2945  31.524595    34.1920    198.561    -0.1103      8.025    99.3593  16.988663    27.2166  0.000e+00
    592.641    598.410     3.2958  31.524887    34.1913    198.544    -0.1176      8.025    99.3593  17.220501    27.2159  0.000e+00
    592.376    598.142     3.2959  31.524769    34.1912    199.250    -0.1103      8.025    99.3593  17.154262    27.2158  0.000e+00
    592.557    598.325     3.2958  31.524887    34.1913    199.255    -0.1103      8.025    99.3593  16.591227    27.2159  0.000e+00
    593.154    598.929     3.2961  31.525300    34.1912    199.478    -0.1176      8.025    99.3335  16.127552    27.2158  0.000e+00
    593.758    599.540     3.2941  31.524655    34.1922    199.503    -0.1249      8.025    99.3335  16.922424    27.2168  0.000e+00
    593.806    599.588     3.2934  31.524362    34.1926    199.002    -0.1249      8.025    99.3335  17.088022    27.2172  0.000e+00
    593.427    599.204     3.2958  31.525301    34.1914    198.982    -0.1103      8.025    99.3335  16.591227    27.2160  0.000e+00
    592.832    598.603     3.2960  31.525181    34.1913    198.966    -0.1103      8.025    99.3593  16.955544    27.2159  0.000e+00
    592.284    598.049     3.2961  31.524945    34.1913    198.951    -0.1103      8.025    99.3593  16.094432    27.2159  0.000e+00
    592.244    598.008     3.2962  31.525062    34.1913    198.950    -0.1176      8.025    99.3593  16.591227    27.2159  0.000e+00
    592.865    598.636     3.2961  31.525417    34.1915    198.967    -0.1176      8.025    99.3593  17.750415    27.2160  0.000e+00
    593.841    599.623     3.2956  31.525478    34.1916    198.995    -0.1103      8.025    99.3335  16.226911    27.2162  0.000e+00
    594.290    600.077     3.2922  31.524070    34.1932    199.023    -0.1103      8.025    99.3335  16.226911    27.2178  0.000e+00
    593.434    599.212     3.2961  31.525536    34.1914    198.984    -0.1249      8.025    99.3593  16.193791    27.2160  0.000e+00
    592.405    598.171     3.2965  31.525239    34.1911    198.955    -0.1249      8.025    99.3335  16.359390    27.2157  0.000e+00
    592.048    597.810     3.2966  31.525238    34.1912    198.945    -0.1249      8.025    99.3335  17.253621    27.2157  0.000e+00
    592.514    598.281     3.2965  31.525474    34.1913    199.671    -0.1176      8.025    99.3335  16.657467    27.2159  0.000e+00
    593.329    599.105     3.2960  31.525418    34.1914    198.983    -0.1103      8.025    99.3335  17.054903    27.2160  0.000e+00
    593.972    599.756     3.2930  31.524245    34.1928    199.222    -0.1176      8.025    99.3851  16.988663    27.2174  0.000e+00
    594.094    599.879     3.2928  31.524069    34.1927    199.019    -0.1176      8.025    99.3593  15.597638    27.2174  0.000e+00
    593.825    599.607     3.2951  31.525184    34.1918    198.496    -0.1176      8.025    99.3593  16.425629    27.2164  0.000e+00
    593.265    599.041     3.2957  31.525241    34.1915    198.984    -0.1103      8.025    99.3593  17.154262    27.2161  0.000e+00
    592.897    598.668     3.2960  31.525299    34.1914    198.974    -0.1103      8.025    99.3593  17.518578    27.2160  0.000e+00
    593.062    598.836     3.2958  31.525241    34.1915    198.979    -0.1176      8.025    99.3335  17.386099    27.2161  0.000e+00
    593.459    599.237     3.2952  31.525183    34.1918    198.993    -0.1176      8.025    99.3593  15.398920    27.2164  0.000e+00
    593.718    599.499     3.2941  31.524714    34.1923    199.005    -0.1103      8.025    99.3593  17.154262    27.2169  0.000e+00
    593.648    599.429     3.2930  31.524067    34.1927    199.009    -0.1103      8.025    99.3593  18.081612    27.2173  0.000e+00
    593.503    599.281     3.2938  31.524302    34.1922    199.002    -0.1176      8.025    99.3335  17.949133    27.2168  0.000e+00
    593.635    599.415     3.2931  31.524009    34.1925    199.009    -0.1176      8.025    99.3593  16.955544    27.2172  0.000e+00
    594.073    599.858     3.2899  31.522482    34.1939    199.037    -0.1176      8.025    99.3851  17.154262    27.2186  0.000e+00
    594.281    600.069     3.2876  31.521366    34.1948    199.053    -0.1103      8.025    99.3593  17.021783    27.2195  0.000e+00
    593.777    599.559     3.2892  31.521952    34.1940    198.319    -0.1103      8.025    99.3593  16.988663    27.2187  0.000e+00
    593.120    598.894     3.2921  31.523302    34.1930    198.289    -0.1176      8.025    99.3593  17.783535    27.2176  0.000e+00
    593.209    598.984     3.2922  31.523420    34.1930    198.797    -0.1103      8.025    99.3593  18.114732    27.2176  0.000e+00
    593.919    599.702     3.2906  31.522776    34.1935    198.110    -0.1103      8.025    99.3335  17.551697    27.2182  0.000e+00
    594.316    600.104     3.2867  31.520779    34.1950    198.139    -0.1103      8.025    99.3593  17.286740    27.2197  0.000e+00
    594.190    599.976     3.2890  31.522012    34.1941    198.632    -0.1103      8.025    99.3851  18.346569    27.2188  0.000e+00
    593.904    599.687     3.2919  31.523422    34.1929    198.611    -0.1176      8.025    99.3593  17.319860    27.2176  0.000e+00
    593.608    599.388     3.2926  31.523538    34.1925    198.601    -0.1176      8.025    99.3593  16.657467    27.2172  0.000e+00
    593.604    599.384     3.2892  31.521834    34.1940    197.903    -0.1176      8.025    99.3593  16.591227    27.2187  0.000e+00
    594.061    599.845     3.2878  31.521307    34.1946    197.922    -0.1176      8.025    99.3851  17.816655    27.2194  0.000e+00
    594.611    600.402     3.2869  31.521015    34.1949    198.448    -0.1176      8.025    99.3593  17.816655    27.2197  0.000e+00
    594.571    600.362     3.2873  31.521191    34.1948    198.445    -0.1103      8.025    99.3851  17.121142    27.2195  0.000e+00
    594.066    599.850     3.2879  31.521248    34.1945    198.430    -0.1176      8.025    99.3593  17.088022    27.2192  0.000e+00
    593.753    599.535     3.2890  31.521659    34.1939    198.417    -0.1103      8.025    99.3593  17.352979    27.2187  0.000e+00
    594.012    599.797     3.2886  31.521659    34.1942    198.426    -0.1176      8.025    99.3593  16.955544    27.2189  0.000e+00
    594.361    600.149     3.2873  31.521014    34.1947    197.728    -0.1176      8.025    99.3851  16.591227    27.2194  0.000e+00
    594.215    600.002     3.2880  31.521366    34.1944    197.721    -0.1103      8.025    99.3593  16.491868    27.2191  0.000e+00
    593.934    599.717     3.2887  31.521600    34.1941    198.217    -0.1103      8.025    99.3335  16.524988    27.2189  0.000e+00
    594.005    599.790     3.2889  31.521836    34.1941    198.219    -0.1103      8.025    99.3593  16.756826    27.2188  0.000e+00
    594.452    600.241     3.2858  31.520192    34.1952    198.246    -0.1030      8.025    99.3593  17.949133    27.2200  0.000e+00
    594.979    600.774     3.2852  31.520135    34.1955    198.263    -0.1103      8.025    99.3593  17.452338    27.2203  0.000e+00
    595.187    600.984     3.2853  31.520194    34.1953    198.268    -0.1103      8.025    99.3077  16.723706    27.2201  0.000e+00
    594.573    600.363     3.2863  31.520486    34.1950    198.248    -0.1176      8.025    99.3335  16.657467    27.2198  0.000e+00
    593.420    599.197     3.2878  31.520952    34.1945    197.497    -0.1176      8.025    99.3593  15.696997    27.2192  0.000e+00
    592.347    598.113     3.2915  31.522536    34.1931    198.166    -0.1176      8.025    99.3335  15.564518    27.2178  0.000e+00
    592.017    597.779     3.2923  31.522887    34.1929    198.659    -0.1176      8.025    99.3335  16.061313    27.2175  0.000e+00
    592.331    598.097     3.2909  31.522124    34.1933    198.169    -0.1176      8.025    99.3335  17.286740    27.2180  0.000e+00
    592.355    598.121     3.2939  31.523828    34.1921    198.156    -0.1176      8.025    99.3335  17.617937    27.2168  0.000e+00
