Arg_L2_F10_NV.cnv
* Sea-Bird SBE 9 Data File:
* FileName = S:\CTD_Data\CTD\Data\Argentina 2014\Data\Arg_L2_F10.hex
* Software Version Seasave V 7.21g
* Temperature SN = 5769
* Conductivity SN = 4244
* Number of Bytes Per Scan = 31
* Number of Voltage Words = 4
* Number of Scans Averaged by the Deck Unit = 24
* NMEA Latitude = 46 35.79 S
* NMEA Longitude = 065 46.85 W
* NMEA UTC (Time) = Feb 09 2014 21:28:01
* NMEA baud rate = 9600
** R/V Coriolis II
** MARES project, ARGENTINA 2014
** Chief scientist : Dr. Gustavo Ferreyra
** Co-Chief scientist : Dr. José Luis Esteves
# nquan = 13
# nvalues = 615                                   
# units = specified
# name 0 = depSM: Depth [salt water, m]
# name 1 = prDM: Pressure, Digiquartz [db]
# name 2 = t090C: Temperature [ITS-90, deg C]
# name 3 = c0mS/cm: Conductivity [mS/cm]
# name 4 = sal00: Salinity, Practical [PSU]
# name 5 = sbeox0Mm/Kg: Oxygen, SBE 43 [umol/Kg]
# name 6 = flECO-AFL: Fluorescence, WET Labs ECO-AFL/FL [mg/m^3]
# name 7 = ph: pH
# name 8 = CStarTr0: Beam Transmission, WET Labs C-Star [%]
# name 9 = par: PAR/Irradiance, Biospherical/Licor
# name 10 = upoly0: Upoly 0, Nitrate
# name 11 = sigma-é00: Density [sigma-theta, Kg/m^3]
# name 12 = flag:  0.000e+00
# span 0 =     -0.254,     71.749                 
# span 1 =     -0.256,     72.359                 
# span 2 =    11.6554,    13.2478                 
# span 3 =   4.732950,  39.097584                 
# span 4 =     3.3475,    33.1531                 
# span 5 =    198.418,    266.561                 
# span 6 =    -0.2861,     0.2487                 
# span 7 =      8.093,      8.195                 
# span 8 =    43.2229,    95.2020                 
# span 9 = 1.0000e-12, 6.6323e+02                 
# span 10 = -0.7634735, -0.4985162                
# span 11 =     1.9539,    25.2206                
# span 12 = 0.0000e+00, 0.0000e+00                
# interval = seconds: 1
# start_time = Feb 09 2014 21:28:01 [NMEA time, header]
# bad_flag = -9.990e-29
*END*
[from data line 112]
     65.494     66.050    11.8572  37.986077    33.1410    202.952     0.0875      8.116    70.6197 1.0000e-12 -0.6309949    25.1737  0.000e+00
     65.964     66.524    11.8538  37.983361    33.1412    202.586     0.0875      8.116    71.0329 1.0000e-12 -0.6309949    25.1745  0.000e+00
     66.381     66.945    11.8535  37.983489    33.1414    202.205     0.0802      8.116    70.8005 1.0000e-12 -0.6309949    25.1747  0.000e+00
     66.704     67.271    11.8595  37.988294    33.1406    202.030     0.0802      8.116    70.8521 1.0000e-12 -0.6309949    25.1730  0.000e+00
     67.067     67.636    11.8589  37.987790    33.1405    202.276     0.0802      8.116    70.9296 1.0000e-12 -0.6309949    25.1730  0.000e+00
     67.513     68.087    11.8581  37.987539    33.1407    202.525     0.0875      8.116    70.9554 1.0000e-12 -0.6309949    25.1734  0.000e+00
     67.957     68.534    11.8564  37.986213    33.1408    202.544     0.0875      8.116    70.8779 1.0000e-12 -0.6309949    25.1738  0.000e+00
     68.334     68.915    11.8568  37.986467    33.1405    202.553     0.0875      8.116    70.7488 1.0000e-12 -0.6309949    25.1735  0.000e+00
     68.641     69.225    11.8567  37.986658    33.1407    202.561     0.0802      8.116    70.6714 1.0000e-12 -0.6309949    25.1737  0.000e+00
     68.892     69.478    11.8533  37.983751    33.1407    202.582     0.0875      8.116    70.8521 1.0000e-12 -0.6309949    25.1743  0.000e+00
     69.200     69.788    11.8524  37.983183    33.1409    202.594     0.0948      8.116    70.6456 1.0000e-12 -0.6309949    25.1747  0.000e+00
     69.483     70.074    11.8155  37.951079    33.1425    202.760     0.0948      8.112    70.3873 1.0000e-12 -0.6309949    25.1827  0.000e+00
     69.710     70.303    11.7605  37.905785    33.1473    202.209     0.0875      8.107    68.9413 1.0000e-12 -0.6309949    25.1967  0.000e+00
     69.804     70.397    11.7325  37.883051    33.1501    201.537     0.0948      8.107    67.7793 1.0000e-12 -0.6309949    25.2040  0.000e+00
     69.867     70.462    11.7334  37.883367    33.1495    200.823     0.1022      8.107    66.4108 1.0000e-12 -0.6309949    25.2034  0.000e+00
     69.891     70.486    11.7313  37.881472    33.1496    200.119     0.0875      8.103    65.7911 1.0000e-12 -0.6309949    25.2039  0.000e+00
     69.835     70.429    11.7445  37.892270    33.1484    199.982     0.0802      8.107    66.4624 1.0000e-12 -0.6309949    25.2005  0.000e+00
     69.772     70.366    11.7413  37.889112    33.1482    199.518     0.0802      8.107    67.2113 1.0000e-12 -0.6309949    25.2009  0.000e+00
     69.728     70.321    11.7316  37.880903    33.1489    199.635     0.1022      8.103    66.8239 1.0000e-12 -0.6309949    25.2032  0.000e+00
     69.657     70.250    11.7197  37.871180    33.1500    200.392     0.0802      8.103    66.1267 1.0000e-12 -0.6309949    25.2063  0.000e+00
     69.706     70.298    11.7324  37.881219    33.1484    200.182     0.0802      8.103    66.7465 1.0000e-12 -0.6309949    25.2027  0.000e+00
     69.930     70.524    11.7277  37.878000    33.1494    199.811     0.0729      8.103    66.5141 1.0000e-12 -0.6309949    25.2044  0.000e+00
     70.240     70.837    11.7438  37.890945    33.1475    199.594     0.0655      8.103    67.3920 1.0000e-12 -0.6309949    25.1999  0.000e+00
     70.454     71.053    11.7363  37.885263    33.1486    199.866     0.0655      8.103    67.4437 1.0000e-12 -0.6309949    25.2021  0.000e+00
     70.464     71.063    11.7382  37.886400    33.1480    200.096     0.0729      8.103    67.0822 1.0000e-12 -0.6309949    25.2013  0.000e+00
     70.359     70.958    11.7316  37.880653    33.1483    200.121     0.0948      8.103    66.4108 1.0000e-12 -0.6309949    25.2028  0.000e+00
     70.311     70.909    11.7266  37.876738    33.1490    200.141     0.0729      8.103    65.9718 1.0000e-12 -0.6309949    25.2042  0.000e+00
     70.307     70.905    11.7216  37.872192    33.1490    200.162     0.0729      8.103    66.5399 1.0000e-12 -0.6309949    25.2052  0.000e+00
     70.270     70.867    11.7153  37.867015    33.1496    200.187     0.0729      8.103    66.0493 1.0000e-12 -0.6309949    25.2068  0.000e+00
     70.230     70.827    11.7075  37.860197    33.1500    199.824     0.0729      8.103    65.9718 1.0000e-12 -0.6309949    25.2086  0.000e+00
     70.341     70.939    11.7034  37.856978    33.1504    199.448     0.0729      8.098    66.3333 1.0000e-12 -0.6309949    25.2097  0.000e+00
     70.597     71.198    11.6977  37.852181    33.1508    199.319     0.0802      8.098    66.3075 1.0000e-12 -0.6309949    25.2110  0.000e+00
     70.813     71.415    11.6979  37.852182    33.1505    199.165     0.0802      8.098    66.3591 1.0000e-12 -0.6309949    25.2107  0.000e+00
     70.850     71.452    11.6907  37.846501    33.1513    199.036     0.0802      8.098    66.2042 1.0000e-12 -0.6309949    25.2127  0.000e+00
     70.827     71.430    11.7202  37.871373    33.1492    199.150     0.0875      8.098    66.0493 1.0000e-12 -0.6309949    25.2056  0.000e+00
     70.945     71.548    11.7249  37.874531    33.1481    199.371     0.0875      8.103    66.1009 1.0000e-12 -0.6309949    25.2039  0.000e+00
     71.055     71.660    11.7136  37.865377    33.1492    199.421     0.0729      8.103    66.4883 1.0000e-12 -0.6309949    25.2069  0.000e+00
     70.899     71.502    11.6932  37.848458    33.1509    199.899     0.0802      8.098    66.0751 1.0000e-12 -0.6309949    25.2119  0.000e+00
     70.735     71.337    11.7024  37.855717    33.1499    199.856     0.0875      8.098    64.5258 1.0000e-12 -0.6309949    25.2095  0.000e+00
     70.799     71.401    11.7091  37.861651    33.1497    199.196     0.0948      8.098    64.7066 1.0000e-12 -0.6309949    25.2081  0.000e+00
     70.945     71.548    11.7101  37.861904    33.1490    199.197     0.1022      8.098    66.0751 1.0000e-12 -0.6309949    25.2074  0.000e+00
     71.072     71.677    11.7229  37.873395    33.1487    199.383     0.0802      8.098    66.6690 1.0000e-12 -0.6309949    25.2047  0.000e+00
     71.258     71.864    11.7237  37.873711    33.1482    199.781     0.0729      8.098    66.4108 1.0000e-12 -0.6309949    25.2042  0.000e+00
     71.413     72.020    11.7136  37.865504    33.1491    199.827     0.0729      8.098    66.6690 1.0000e-12 -0.6309949    25.2068  0.000e+00
     71.407     72.015    11.7067  37.860012    33.1500    199.618     0.0802      8.098    65.9976 1.0000e-12 -0.6309949    25.2087  0.000e+00
     71.282     71.889    11.7030  37.856603    33.1500    199.631     0.0802      8.098    65.5328 1.0000e-12 -0.6309949    25.2094  0.000e+00
     71.186     71.791    11.6971  37.851552    33.1504    199.653     0.0875      8.098    64.5258 1.0000e-12 -0.6309949    25.2108  0.000e+00
     71.186     71.791    11.6950  37.849469    33.1502    199.266     0.0875      8.098    65.3521 1.0000e-12 -0.6309949    25.2111  0.000e+00
     71.224     71.830    11.6914  37.846376    33.1504    199.282     0.0802      8.098    65.5845 1.0000e-12 -0.6309949    25.2119  0.000e+00
     71.211     71.817    11.6867  37.842779    33.1511    199.142     0.0802      8.098    65.2230 1.0000e-12 -0.6309949    25.2133  0.000e+00
     71.218     71.824    11.6805  37.837351    33.1513    198.772     0.0802      8.098    65.5587 1.0000e-12 -0.6309949    25.2146  0.000e+00
     71.431     72.039    11.6804  37.837162    33.1511    198.619     0.0875      8.098    65.7911 1.0000e-12 -0.6309949    25.2145  0.000e+00
     71.712     72.322    11.6728  37.831168    33.1520    198.895     0.0948      8.098    66.4366 1.0000e-12 -0.6309949    25.2165  0.000e+00
     71.749     72.359    11.6713  37.829717    33.1519    199.140     0.0802      8.094    66.2817 1.0000e-12 -0.6309949    25.2167  0.000e+00
     71.587     72.196    11.6790  37.836279    33.1515    198.707     0.0875      8.094    64.9906 1.0000e-12 -0.6309949    25.2150  0.000e+00
     71.550     72.159    11.6779  37.835017    33.1512    198.711     0.0948      8.094    64.3709 1.0000e-12 -0.6309949    25.2150  0.000e+00
     71.605     72.215    11.6746  37.832556    33.1518    198.964     0.0948      8.094    65.0939 1.0000e-12 -0.6309949    25.2161  0.000e+00
     71.487     72.096    11.6819  37.838172    33.1508    198.534     0.0875      8.094    65.1455 1.0000e-12 -0.6309949    25.2139  0.000e+00
     71.201     71.807    11.7080  37.860390    33.1492    198.418     0.0948      8.093    65.3521 1.0000e-12 -0.6309949    25.2079  0.000e+00
     71.089     71.694    11.7136  37.864493    33.1483    198.630     0.1022      8.098    63.9835 1.0000e-12 -0.6309949    25.2062  0.000e+00
     71.351     71.958    11.7002  37.853636    33.1496    199.485     0.1241      8.098    64.7066 1.0000e-12 -0.6309949    25.2097  0.000e+00
     71.643     72.253    11.6979  37.852059    33.1499    199.898     0.1241      8.098    66.4883 1.0000e-12 -0.6309949    25.2103  0.000e+00
     71.666     72.275    11.7076  37.860328    33.1494    199.383     0.0875      8.098    67.1080 1.0000e-12 -0.6309949    25.2081  0.000e+00
     71.558     72.167    11.7227  37.873144    33.1484    199.080     0.0875      8.098    66.2300 1.0000e-12 -0.6309949    25.2045  0.000e+00
     71.465     72.073    11.7261  37.875732    33.1480    199.064     0.1022      8.098    65.6361 1.0000e-12 -0.6309949    25.2036  0.000e+00
     71.438     72.046    11.7257  37.875290    33.1479    199.460     0.0875      8.098    66.2300 1.0000e-12 -0.6309949    25.2036  0.000e+00
     71.448     72.056    11.7194  37.870239    33.1486    199.883     0.0875      8.098    66.1526 1.0000e-12 -0.6309949    25.2053  0.000e+00
     71.445     72.053    11.7193  37.870176    33.1486    199.646     0.0729      8.098    65.9718 1.0000e-12 -0.6309949    25.2054  0.000e+00
     71.438     72.046    11.7139  37.865504    33.1489    199.432     0.0729      8.098    65.6361 1.0000e-12 -0.6309949    25.2065  0.000e+00
     71.364     71.971    11.7171  37.868661    33.1492    199.812     0.0802      8.098    65.9718 1.0000e-12 -0.6309949    25.2062  0.000e+00
     71.228     71.834    11.7231  37.872574    33.1477    199.785     0.0802      8.098    66.3075 1.0000e-12 -0.6309949    25.2039  0.000e+00
     71.188     71.794    11.7127  37.864367    33.1489    199.986     0.0802      8.098    65.9460 1.0000e-12 -0.6309949    25.2068  0.000e+00
     71.296     71.902    11.7029  37.856539    33.1500    200.030     0.0802      8.098    66.3333 1.0000e-12 -0.6309949    25.2095  0.000e+00
     71.341     71.948    11.7071  37.860075    33.1497    199.380     0.0729      8.098    66.5141 1.0000e-12 -0.6309949    25.2085  0.000e+00
     71.283     71.889    11.7230  37.873269    33.1484    199.312     0.0729      8.098    66.9014 1.0000e-12 -0.6309949    25.2045  0.000e+00
     71.288     71.895    11.7498  37.895559    33.1462    199.437     0.0802      8.098    66.8239 1.0000e-12 -0.6309949    25.1978  0.000e+00
     71.386     71.994    11.7469  37.893349    33.1466    199.452     0.0802      8.098    67.0305 1.0000e-12 -0.6309949    25.1986  0.000e+00
     71.307     71.913    11.7681  37.911538    33.1455    199.756     0.0802      8.103    67.3145 1.0000e-12 -0.6309949    25.1939  0.000e+00
     71.049     71.653    11.7842  37.924360    33.1437    200.471     0.0655      8.103    66.4366 1.0000e-12 -0.6309949    25.1895  0.000e+00
     70.885     71.488    11.7818  37.922464    33.1440    200.636     0.0729      8.103    65.3005 1.0000e-12 -0.6309949    25.1902  0.000e+00
     70.938     71.541    11.7812  37.922085    33.1442    200.563     0.0875      8.103    66.1009 1.0000e-12 -0.6309949    25.1904  0.000e+00
     71.030     71.634    11.7780  37.919496    33.1445    201.132     0.0875      8.103    67.9084 1.0000e-12 -0.6309949    25.1913  0.000e+00
     70.998     71.602    11.7748  37.916906    33.1448    200.909     0.0802      8.103    67.7535 1.0000e-12 -0.6309949    25.1921  0.000e+00
     70.939     71.542    11.7696  37.912610    33.1453    200.457     0.0802      8.103    66.8756 1.0000e-12 -0.6309949    25.1935  0.000e+00
     71.011     71.615    11.7660  37.909705    33.1457    200.474     0.0875      8.103    67.0563 1.0000e-12 -0.6309949    25.1944  0.000e+00
     71.173     71.778    11.7614  37.905916    33.1460    200.893     0.0802      8.103    67.3404 1.0000e-12 -0.6309949    25.1955  0.000e+00
     71.221     71.827    11.7664  37.910211    33.1457    200.478     0.0802      8.103    67.4695 1.0000e-12 -0.6309949    25.1943  0.000e+00
     71.161     71.767    11.7778  37.919433    33.1445    200.193     0.0802      8.103    67.3404 1.0000e-12 -0.6309949    25.1914  0.000e+00
     71.004     71.608    11.7693  37.912484    33.1454    200.460     0.0802      8.103    66.8239 1.0000e-12 -0.6309949    25.1936  0.000e+00
     70.730     71.332    11.7753  37.917284    33.1449    200.823     0.0729      8.103    65.8685 1.0000e-12 -0.6309949    25.1921  0.000e+00
     70.475     71.074    11.7803  37.921452    33.1445    201.190     0.0875      8.103    65.4296 1.0000e-12 -0.6309949    25.1909  0.000e+00
     70.414     71.013    11.7942  37.932949    33.1434    200.894     0.0948      8.103    65.9202 1.0000e-12 -0.6309949    25.1875  0.000e+00
     70.444     71.043    11.7981  37.936297    33.1432    201.037     0.0948      8.102    66.9789 1.0000e-12 -0.6309949    25.1865  0.000e+00
     70.530     71.130    11.8024  37.940152    33.1430    201.021     0.0802      8.102    67.8826 1.0000e-12 -0.6309949    25.1856  0.000e+00
     70.774     71.376    11.8051  37.942490    33.1428    201.175     0.0802      8.102    67.8568 1.0000e-12 -0.6309949    25.1850  0.000e+00
     71.021     71.625    11.8072  37.944450    33.1427    201.566     0.0875      8.107    68.3991 1.0000e-12 -0.6309949    25.1845  0.000e+00
     70.998     71.602    11.8084  37.945271    33.1425    201.325     0.0875      8.102    68.1925 1.0000e-12 -0.6309949    25.1841  0.000e+00
     70.787     71.389    11.8063  37.943691    33.1429    201.487     0.0875      8.107    67.0305 1.0000e-12 -0.6309949    25.1848  0.000e+00
     70.486     71.086    11.8053  37.942616    33.1429    201.484     0.0948      8.107    65.8944 1.0000e-12 -0.6309949    25.1849  0.000e+00
     70.159     70.755    11.8056  37.942804    33.1429    201.239     0.1022      8.102    66.0751 1.0000e-12 -0.6309949    25.1849  0.000e+00
     69.991     70.586    11.8099  37.946215    33.1425    201.217     0.1022      8.107    66.2559 1.0000e-12 -0.6309949    25.1838  0.000e+00
     70.066     70.662    11.8059  37.942993    33.1428    201.235     0.0948      8.107    67.2371 1.0000e-12 -0.6309949    25.1848  0.000e+00
     70.177     70.774    11.8028  37.940593    33.1433    201.251     0.0875      8.107    68.3991 1.0000e-12 -0.6309949    25.1857  0.000e+00
     70.188     70.785    11.8034  37.941161    33.1433    201.643     0.0802      8.102    68.2958 1.0000e-12 -0.6309949    25.1856  0.000e+00
     70.305     70.903    11.8042  37.941730    33.1430    201.643     0.0948      8.102    68.0634 1.0000e-12 -0.6309949    25.1853  0.000e+00
     70.519     71.119    11.7986  37.937056    33.1434    201.437     0.0875      8.102    68.4249 1.0000e-12 -0.6309949    25.1866  0.000e+00
     70.557     71.157    11.7970  37.936045    33.1438    201.444     0.0802      8.102    68.8639 1.0000e-12 -0.6309949    25.1872  0.000e+00
     70.402     71.001    11.7969  37.935918    33.1438    201.440     0.0802      8.103    67.9343 1.0000e-12 -0.6309949    25.1873  0.000e+00
     70.136     70.732    11.8012  37.939139    33.1432    201.416     0.0948      8.102    66.7981 1.0000e-12 -0.6309949    25.1860  0.000e+00
     69.818     70.412    11.8017  37.939391    33.1432    201.011     0.1022      8.102    66.2817 1.0000e-12 -0.6309949    25.1858  0.000e+00
