Arg_Leg3_G14_NV.cnv
* Sea-Bird SBE 9 Data File:
* FileName = S:\CTD_Data\CTD\Data\Argentina 2014\Data\Leg3\Arg_Leg3_G14.hex
* Software Version Seasave V 7.21g
* Temperature SN = 5769
* Conductivity SN = 4244
* Number of Bytes Per Scan = 31
* Number of Voltage Words = 4
* Number of Scans Averaged by the Deck Unit = 24
* NMEA Latitude = 45 49.21 S
* NMEA Longitude = 065 25.37 W
* NMEA UTC (Time) = Feb 12 2014 14:52:10
* NMEA baud rate = 9600
** R/V Coriolis II
** MARES project, ARGENTINA 2014
** Chief scientist : Dr. Gustavo Ferreyra
** Co-Chief scientist : Dr. José Luis Esteves
# nquan = 13
# nvalues = 603                                   
# units = specified
# name 0 = depSM: Depth [salt water, m]
# name 1 = prDM: Pressure, Digiquartz [db]
# name 2 = t090C: Temperature [ITS-90, deg C]
# name 3 = c0mS/cm: Conductivity [mS/cm]
# name 4 = sal00: Salinity, Practical [PSU]
# name 5 = sbeox0Mm/Kg: Oxygen, SBE 43 [umol/Kg]
# name 6 = flECO-AFL: Fluorescence, WET Labs ECO-AFL/FL [mg/m^3]
# name 7 = ph: pH
# name 8 = CStarTr0: Beam Transmission, WET Labs C-Star [%]
# name 9 = par: PAR/Irradiance, Biospherical/Licor
# name 10 = upoly0: Upoly 0, Nitrate
# name 11 = sigma-é00: Density [sigma-theta, Kg/m^3]
# name 12 = flag:  0.000e+00
# span 0 =     -0.067,     76.320                 
# span 1 =     -0.067,     76.965                 
# span 2 =     9.8523,    14.3008                 
# span 3 =   4.078268,  40.274363                 
# span 4 =     2.7922,    33.2209                 
# span 5 =    151.728,    336.450                 
# span 6 =    -0.2715,    29.3549                 
# span 7 =      7.874,      8.261                 
# span 8 =    57.0891,    95.9250                 
# span 9 = 8.8324e-03, 1.8456e+03                 
# span 10 = -0.7634735,  7.6820393                
# span 11 =     1.4003,    25.5566                
# span 12 = 0.0000e+00, 0.0000e+00                
# interval = seconds: 1
# start_time = Feb 12 2014 14:52:10 [NMEA time, header]
# bad_flag = -9.990e-29
*END*
[from data line 112]
     73.547     74.168     9.8534  36.205343    33.1792    152.856    -0.0224      7.898    75.1385 2.3894e-02  5.7279795    25.5562  0.000e+00
     74.159     74.785     9.8533  36.205469    33.1791    152.806    -0.0150      7.898    75.3709 1.9553e-02  6.0922957    25.5562  0.000e+00
     74.684     75.314     9.8532  36.205471    33.1790    152.651    -0.0224      7.898    75.6808 1.3526e-02  6.8540479    25.5561  0.000e+00
     75.155     75.789     9.8529  36.205472    33.1791    153.200    -0.0150      7.898    75.7066 1.1807e-02  6.8209282    25.5562  0.000e+00
     75.426     76.063     9.8531  36.205659    33.1789    153.039    -0.0224      7.893    75.6550 1.0301e-02  6.4234923    25.5560  0.000e+00
     75.521     76.158     9.8543  36.206838    33.1790    153.037    -0.0224      7.898    75.8357 1.1638e-02  6.5228513    25.5559  0.000e+00
     75.367     76.004     9.8551  36.207210    33.1787    152.866    -0.0150      7.893    75.7324 1.1807e-02  6.1254154    25.5555  0.000e+00
     75.206     75.841     9.8590  36.209566    33.1776    152.416    -0.0150      7.893    75.5775 1.3875e-02  6.0260564    25.5540  0.000e+00
     75.223     75.858     9.8542  36.206217    33.1785    152.701    -0.0297      7.893    75.6033 1.2833e-02  6.0591761    25.5556  0.000e+00
     75.303     75.939     9.8536  36.205597    33.1785    152.974    -0.0297      7.893    75.6550 1.3526e-02  6.2578940    25.5556  0.000e+00
     75.302     75.938     9.8537  36.205721    33.1785    152.974    -0.0297      7.893    75.9390 1.2660e-02  7.0196462    25.5556  0.000e+00
     75.255     75.891     9.8532  36.205225    33.1785    152.975    -0.0370      7.893    75.8357 1.3005e-02  6.9865265    25.5557  0.000e+00
     75.323     75.959     9.8532  36.205163    33.1784    152.976    -0.0224      7.893    75.8357 1.4581e-02  6.6884496    25.5556  0.000e+00
     75.489     76.127     9.8533  36.205287    33.1783    152.544    -0.0224      7.893    75.9390 1.0301e-02  6.1916547    25.5555  0.000e+00
     75.584     76.222     9.8534  36.205412    33.1783    152.110    -0.0297      7.893    75.6291 8.8324e-03  6.2247744    25.5555  0.000e+00
     75.489     76.127     9.8534  36.205287    33.1782    152.378    -0.0297      7.889    75.6291 1.1301e-02  6.3903726    25.5554  0.000e+00
     75.382     76.019     9.8537  36.205411    33.1782    152.645    -0.0224      7.889    75.7583 1.0966e-02  6.5890906    25.5553  0.000e+00
     75.402     76.039     9.8534  36.205163    33.1781    152.646    -0.0150      7.889    75.8874 1.2833e-02  6.7878085    25.5554  0.000e+00
     75.516     76.154     9.8533  36.205163    33.1782    152.649    -0.0224      7.889    75.8615 1.2489e-02  5.8604581    25.5554  0.000e+00
     75.598     76.236     9.8534  36.205226    33.1782    152.650    -0.0297      7.889    75.7583 1.0799e-02  6.3903726    25.5554  0.000e+00
     75.550     76.188     9.8532  36.205102    33.1782    152.650    -0.0224      7.889    75.5517 9.9713e-03  6.2910137    25.5555  0.000e+00
     75.446     76.083     9.8531  36.204915    33.1782    152.648    -0.0224      7.889    75.1644 1.2318e-02  5.6617402    25.5555  0.000e+00
     75.412     76.049     9.8532  36.204977    33.1781    152.647    -0.0297      7.889    75.1127 1.1301e-02  5.6617402    25.5554  0.000e+00
     75.478     76.116     9.8529  36.204729    33.1781    152.650    -0.0297      7.889    75.0094 1.1301e-02  7.0858855    25.5554  0.000e+00
     75.610     76.249     9.8530  36.204792    33.1781    152.652    -0.0224      7.889    74.9578 9.6436e-03  7.0527658    25.5554  0.000e+00
     75.758     76.397     9.8530  36.204916    33.1781    152.220    -0.0297      7.889    74.9836 1.1807e-02  6.5559709    25.5554  0.000e+00
     75.791     76.432     9.8530  36.204916    33.1781    152.221    -0.0297      7.889    74.8803 1.1638e-02  5.9929368    25.5554  0.000e+00
     75.635     76.274     9.8532  36.204978    33.1781    152.922    -0.0297      7.889    75.0869 1.3178e-02  7.4502017    25.5554  0.000e+00
     75.438     76.075     9.8545  36.206218    33.1782    152.913    -0.0224      7.889    75.2418 1.2489e-02  7.5164410    25.5552  0.000e+00
     75.487     76.125     9.8540  36.205597    33.1780    152.647    -0.0150      7.889    75.2418 1.2660e-02  7.1190051    25.5552  0.000e+00
     75.764     76.404     9.8528  36.204668    33.1781    152.221    -0.0150      7.889    75.0094 1.2489e-02  6.3241333    25.5554  0.000e+00
     75.809     76.450     9.8530  36.204916    33.1781    152.221    -0.0224      7.884    74.9578 1.3005e-02  5.7610991    25.5554  0.000e+00
     75.560     76.198     9.8551  36.206528    33.1779    152.479    -0.0297      7.884    74.9320 1.4936e-02  6.0591761    25.5549  0.000e+00
     75.481     76.119     9.8555  36.206714    33.1778    152.476    -0.0224      7.884    74.8803 1.4758e-02  6.3572530    25.5547  0.000e+00
     75.669     76.308     9.8538  36.205536    33.1780    152.486    -0.0150      7.884    75.0094 1.4581e-02  6.1254154    25.5552  0.000e+00
     75.861     76.502     9.8527  36.204731    33.1781    152.493    -0.0150      7.884    74.9578 1.0632e-02  6.1254154    25.5555  0.000e+00
     75.833     76.473     9.8531  36.204854    33.1779    152.491    -0.0297      7.884    75.3967 1.0799e-02  6.1585350    25.5552  0.000e+00
     75.692     76.332     9.8532  36.204916    33.1779    152.488    -0.0224      7.884    75.4226 1.2660e-02  6.1254154    25.5553  0.000e+00
     75.606     76.244     9.8534  36.204978    33.1779    152.486    -0.0224      7.884    75.1902 1.3526e-02  6.1585350    25.5552  0.000e+00
     75.610     76.249     9.8531  36.204668    33.1779    152.488    -0.0297      7.884    75.4484 1.4227e-02  7.1521248    25.5552  0.000e+00
     75.701     76.340     9.8529  36.204606    33.1779    152.490    -0.0370      7.884    75.4484 1.3005e-02  6.7215692    25.5553  0.000e+00
     75.803     76.443     9.8529  36.204606    33.1779    152.492    -0.0297      7.884    75.5000 1.5115e-02  6.6553299    25.5552  0.000e+00
     75.807     76.447     9.8528  36.204544    33.1779    152.492    -0.0297      7.884    75.5517 1.3178e-02  6.7546889    25.5553  0.000e+00
     75.786     76.426     9.8528  36.204606    33.1780    152.492    -0.0297      7.884    75.4742 1.3178e-02  6.7878085    25.5553  0.000e+00
     75.810     76.450     9.8527  36.204544    33.1780    152.493    -0.0297      7.884    75.4226 1.4581e-02  6.7878085    25.5554  0.000e+00
     75.849     76.490     9.8526  36.204420    33.1779    152.494    -0.0224      7.884    75.3451 1.3526e-02  6.9865265    25.5553  0.000e+00
     75.835     76.476     9.8524  36.204234    33.1780    152.495    -0.0150      7.884    74.8028 1.3875e-02  7.0858855    25.5554  0.000e+00
     75.791     76.431     9.8524  36.204296    33.1780    152.494    -0.0297      7.884    74.4413 1.3526e-02  6.0922957    25.5554  0.000e+00
     75.702     76.341     9.8525  36.204172    33.1778    152.492    -0.0150      7.884    74.6737 1.4227e-02  6.5890906    25.5553  0.000e+00
     75.574     76.212     9.8527  36.204233    33.1778    152.489    -0.0150      7.884    74.6996 1.4227e-02  6.6884496    25.5552  0.000e+00
     75.592     76.231     9.8529  36.204482    33.1779    152.489    -0.0077      7.884    74.8803 1.6744e-02  6.5890906    25.5553  0.000e+00
     75.874     76.515     9.8528  36.204607    33.1780    152.059    -0.0150      7.884    74.8545 1.3700e-02  6.5890906    25.5553  0.000e+00
     76.096     76.739     9.8528  36.204545    33.1778    152.064    -0.0224      7.884    74.9061 1.0301e-02  6.3572530    25.5552  0.000e+00
     75.967     76.608     9.8530  36.204731    33.1779    152.330    -0.0224      7.884    74.7770 1.2318e-02  6.4566120    25.5552  0.000e+00
     75.777     76.417     9.8546  36.206095    33.1779    152.321    -0.0150      7.879    74.6996 1.5294e-02  6.6553299    25.5550  0.000e+00
     75.855     76.495     9.8531  36.204855    33.1779    152.327    -0.0150      7.879    74.8028 1.3875e-02  6.9865265    25.5552  0.000e+00
     76.025     76.667     9.8526  36.204421    33.1779    152.333    -0.0224      7.879    74.7512 1.4758e-02  7.4833214    25.5553  0.000e+00
     75.965     76.607     9.8530  36.204731    33.1778    152.765    -0.0150      7.879    74.7512 1.4227e-02  6.7546889    25.5552  0.000e+00
     75.706     76.345     9.8538  36.205288    33.1778    152.758    -0.0224      7.879    74.7512 1.6015e-02  6.2910137    25.5550  0.000e+00
     75.560     76.198     9.8538  36.205288    33.1779    152.485    -0.0150      7.879    74.8803 1.6015e-02  6.0922957    25.5551  0.000e+00
     75.704     76.344     9.8530  36.204606    33.1779    152.056    -0.0224      7.879    74.6996 1.4404e-02  6.5890906    25.5552  0.000e+00
     76.049     76.691     9.8526  36.204545    33.1780    152.064    -0.0004      7.879    74.4155 1.2147e-02  6.5890906    25.5554  0.000e+00
     76.250     76.895     9.8526  36.204422    33.1777    152.338    -0.0150      7.879    74.4155 1.0301e-02  6.7546889    25.5552  0.000e+00
     76.083     76.726     9.8531  36.204855    33.1778    152.333    -0.0224      7.879    74.9061 1.0966e-02  6.9202872    25.5552  0.000e+00
     75.775     76.415     9.8541  36.205536    33.1777    152.323    -0.0224      7.879    74.7770 1.3178e-02  5.7942188    25.5549  0.000e+00
     75.649     76.288     9.8532  36.204730    33.1778    152.324    -0.0077      7.879    74.5963 1.4581e-02  5.7942188    25.5552  0.000e+00
     75.771     76.411     9.8527  36.204358    33.1778    152.328    -0.0077      7.879    74.4930 1.3352e-02  5.8935778    25.5553  0.000e+00
     75.886     76.527     9.8527  36.204545    33.1779    152.330    -0.0224      7.879    74.3122 1.1638e-02  6.0260564    25.5553  0.000e+00
     75.859     76.500     9.8525  36.204172    33.1778    152.331    -0.0150      7.879    73.8474 1.3005e-02  6.1585350    25.5553  0.000e+00
     75.882     76.523     9.8523  36.204172    33.1780    152.332    -0.0077      7.879    73.4859 1.3875e-02  6.9534068    25.5554  0.000e+00
     76.106     76.749     9.8524  36.204173    33.1778    152.336    -0.0077      7.879    73.8733 1.2660e-02  6.9534068    25.5553  0.000e+00
     76.229     76.873     9.8523  36.204174    33.1778    152.339    -0.0297      7.879    74.1057 1.1638e-02  6.7546889    25.5553  0.000e+00
     76.042     76.684     9.8524  36.204173    33.1778    152.335    -0.0297      7.879    74.1831 1.0966e-02  6.5559709    25.5553  0.000e+00
     75.782     76.422     9.8529  36.204606    33.1779    152.328    -0.0224      7.879    74.1315 1.2833e-02  7.1852444    25.5553  0.000e+00
     75.720     76.359     9.8529  36.204420    33.1777    152.327    -0.0224      7.879    74.3122 1.2318e-02  7.3508427    25.5552  0.000e+00
     75.765     76.405     9.8526  36.204358    33.1779    151.894    -0.0297      7.879    74.2606 1.1807e-02  7.2183641    25.5553  0.000e+00
     75.714     76.354     9.8527  36.204296    33.1778    152.328    -0.0150      7.879    74.4672 1.2660e-02  6.7215692    25.5552  0.000e+00
     75.710     76.349     9.8526  36.204234    33.1778    152.597    -0.0224      7.879    74.6996 1.5115e-02  6.5890906    25.5552  0.000e+00
     75.965     76.607     9.8527  36.204297    33.1777    152.333    -0.0297      7.879    74.9061 1.3352e-02  6.6884496    25.5552  0.000e+00
     76.246     76.890     9.8527  36.204484    33.1778    152.338    -0.0224      7.879    74.7254 1.3005e-02  6.7878085    25.5552  0.000e+00
     76.178     76.822     9.8530  36.204608    33.1776    152.336    -0.0297      7.879    74.7770 1.2833e-02  6.7546889    25.5551  0.000e+00
     75.854     76.495     9.8533  36.204917    33.1778    152.329    -0.0297      7.879    75.0094 1.7482e-02  6.5559709    25.5551  0.000e+00
     75.757     76.396     9.8535  36.204792    33.1776    152.327    -0.0224      7.879    75.0869 1.6379e-02  6.0260564    25.5549  0.000e+00
     75.964     76.605     9.8533  36.204731    33.1776    152.331    -0.0224      7.879    75.4742 1.4581e-02  6.0922957    25.5550  0.000e+00
     76.069     76.711     9.8535  36.204917    33.1775    152.333    -0.0370      7.879    76.0423 1.4227e-02  6.5228513    25.5549  0.000e+00
     75.893     76.534     9.8538  36.205103    33.1775    152.328    -0.0224      7.879    76.9977 1.4404e-02  6.8871675    25.5548  0.000e+00
     75.687     76.326     9.8546  36.205598    33.1773    152.322    -0.0224      7.879    77.4883 1.4404e-02  7.1190051    25.5545  0.000e+00
     75.765     76.405     9.8541  36.205288    33.1775    152.760    -0.0297      7.879    77.2559 1.6015e-02  6.5559709    25.5547  0.000e+00
     76.005     76.647     9.8526  36.204235    33.1777    152.770    -0.0150      7.879    76.6104 1.4227e-02  5.8935778    25.5551  0.000e+00
     76.069     76.711     9.8526  36.204421    33.1778    152.501    -0.0150      7.879    76.0165 1.5294e-02  6.6884496    25.5553  0.000e+00
     75.986     76.628     9.8528  36.204421    33.1777    152.499    -0.0224      7.879    75.3967 1.3352e-02  6.7546889    25.5551  0.000e+00
     75.883     76.524     9.8531  36.204669    33.1777    152.496    -0.0224      7.879    75.0611 1.2833e-02  6.7546889    25.5551  0.000e+00
     75.783     76.423     9.8529  36.204420    33.1777    152.060    -0.0150      7.879    75.1644 1.2833e-02  6.6222103    25.5551  0.000e+00
     75.768     76.408     9.8529  36.204420    33.1777    152.060    -0.0150      7.879    75.2676 1.5294e-02  6.0591761    25.5551  0.000e+00
     75.905     76.546     9.8529  36.204483    33.1777    152.332    -0.0150      7.879    75.7324 1.4581e-02  6.0591761    25.5551  0.000e+00
     76.074     76.717     9.8532  36.204731    33.1776    152.770    -0.0150      7.879    75.5517 1.2833e-02  6.3241333    25.5550  0.000e+00
     76.101     76.744     9.8533  36.204731    33.1775    152.335    -0.0150      7.879    75.4226 1.1977e-02  6.4566120    25.5549  0.000e+00
     75.986     76.628     9.8533  36.204731    33.1776    152.063    -0.0224      7.879    75.5517 1.3005e-02  6.3241333    25.5550  0.000e+00
     75.825     76.466     9.8536  36.204854    33.1775    152.329    -0.0297      7.879    76.2489 1.4051e-02  4.8668684    25.5548  0.000e+00
     75.717     76.357     9.8538  36.204978    33.1774    152.761    -0.0297      7.879    76.2747 1.4581e-02  6.4897316    25.5548  0.000e+00
     75.790     76.430     9.8536  36.204792    33.1774    152.763    -0.0224      7.879    76.3522 1.3526e-02  7.0858855    25.5548  0.000e+00
     75.963     76.604     9.8535  36.204793    33.1775    152.498    -0.0224      7.879    76.3522 1.2318e-02  6.6222103    25.5548  0.000e+00
     76.025     76.667     9.8534  36.204731    33.1775    152.499    -0.0150      7.879    76.2230 1.1638e-02  5.6286205    25.5549  0.000e+00
     75.950     76.591     9.8530  36.204483    33.1776    152.499    -0.0150      7.879    76.0939 1.3352e-02  6.4234923    25.5550  0.000e+00
     75.935     76.577     9.8531  36.204607    33.1777    152.498    -0.0224      7.879    75.6808 1.4051e-02  6.5228513    25.5551  0.000e+00
     75.988     76.630     9.8526  36.204235    33.1777    152.501    -0.0150      7.879    76.1198 1.2489e-02  6.0922957    25.5551  0.000e+00
     75.944     76.585     9.8523  36.204049    33.1778    152.501    -0.0150      7.879    75.9648 1.2147e-02  6.7546889    25.5553  0.000e+00
     75.848     76.489     9.8525  36.204234    33.1779    152.499    -0.0224      7.879    75.6033 1.3005e-02  6.6884496    25.5553  0.000e+00
     75.918     76.559     9.8526  36.204173    33.1777    152.065    -0.0224      7.879    75.3709 1.3700e-02  6.6553299    25.5552  0.000e+00
     76.075     76.718     9.8527  36.204421    33.1777    152.067    -0.0077      7.879    75.5775 1.2833e-02  6.7215692    25.5552  0.000e+00
