Arg_L2_F1_NV.cnv
* Sea-Bird SBE 9 Data File:
* FileName = S:\CTD_Data\CTD\Data\Argentina 2014\Data\Arg_L2_F1.hex
* Software Version Seasave V 7.21g
* Temperature SN = 5769
* Conductivity SN = 4244
* Number of Bytes Per Scan = 31
* Number of Voltage Words = 4
* Number of Scans Averaged by the Deck Unit = 24
* NMEA Latitude = 46 33.58 S
* NMEA Longitude = 065 51.09 W
* NMEA UTC (Time) = Feb 06 2014 21:28:04
* NMEA baud rate = 9600
** R/V Coriolis II
** MARES project, ARGENTINA 2014
** Chief scientist : Dr. Gustavo Ferreyra
** Co-Chief scientist : Dr. José Luis Esteves
# nquan = 13
# nvalues = 669                                   
# units = specified
# name 0 = depSM: Depth [salt water, m]
# name 1 = prDM: Pressure, Digiquartz [db]
# name 2 = t090C: Temperature [ITS-90, deg C]
# name 3 = c0mS/cm: Conductivity [mS/cm]
# name 4 = sal00: Salinity, Practical [PSU]
# name 5 = sbeox0Mm/Kg: Oxygen, SBE 43 [umol/Kg]
# name 6 = flECO-AFL: Fluorescence, WET Labs ECO-AFL/FL [mg/m^3]
# name 7 = ph: pH
# name 8 = CStarTr0: Beam Transmission, WET Labs C-Star [%]
# name 9 = par: PAR/Irradiance, Biospherical/Licor
# name 10 = upoly0: Upoly 0, Nitrate
# name 11 = sigma-é00: Density [sigma-theta, Kg/m^3]
# name 12 = flag:  0.000e+00
# span 0 =     -0.297,     84.302                 
# span 1 =     -0.299,     85.022                 
# span 2 =    10.8705,    12.9543                 
# span 3 =  17.478764,  38.727468                 
# span 4 =    13.8324,    33.2006                 
# span 5 =    174.273,    264.832                 
# span 6 =    -0.2422,    25.1058                 
# span 7 =      8.007,      8.188                 
# span 8 =     6.3494,    96.0025                 
# span 9 = 1.0000e-12, 1.0112e+03                 
# span 10 = -0.5316359,  18.412809                
# span 11 =    10.1069,    25.3987                
# span 12 = 0.0000e+00, 0.0000e+00                
# interval = seconds: 1
# start_time = Feb 06 2014 21:28:04 [NMEA time, header]
# bad_flag = -9.990e-29
*END*
[from data line 556]
      4.267      4.302    12.6793  38.703019    33.1295    225.012     0.3439      8.178    95.0471 2.6223e+02  3.4427231    25.0070  0.000e+00
      4.337      4.373    12.6785  38.702447    33.1296    224.800     0.3219      8.178    94.9696 2.6971e+02  3.5420821    25.0072  0.000e+00
      4.605      4.643    12.6783  38.702511    33.1298    224.809     0.3000      8.178    94.9696 2.4999e+02  3.5752017    25.0074  0.000e+00
      4.739      4.778    12.6793  38.703531    33.1298    225.923     0.3586      8.178    95.0729 2.7123e+02  3.5089624    25.0072  0.000e+00
      4.445      4.482    12.6817  38.705504    33.1297    224.788     0.3659      8.178    94.6598 2.4650e+02  3.2108855    25.0066  0.000e+00
      4.043      4.077    12.6810  38.704547    33.1295    223.757     0.3366      8.178    95.0729 3.0012e+02  3.6083214    25.0067  0.000e+00
      3.902      3.935    12.6816  38.705183    33.1297    224.030     0.3513      8.178    95.0471 3.7163e+02  3.9063983    25.0066  0.000e+00
      3.873      3.905    12.6821  38.705502    33.1295    226.102     0.3513      8.178    95.0471 3.1217e+02  4.1713556    25.0065  0.000e+00
      3.832      3.864    12.6826  38.706011    33.1297    225.572     0.3293      8.178    95.0729 3.0352e+02  3.8401590    25.0065  0.000e+00
      3.650      3.681    12.6855  38.708749    33.1297    224.096     0.3219      8.178    95.0729 3.6031e+02  3.5089624    25.0059  0.000e+00
      3.315      3.343    12.6853  38.708366    33.1298    224.893     0.3293      8.178    95.0471 3.8873e+02  3.3433641    25.0060  0.000e+00
      3.218      3.245    12.6864  38.709321    33.1297    224.731     0.3293      8.178    94.9696 3.7059e+02  3.8070393    25.0057  0.000e+00
      3.360      3.388    12.6868  38.709831    33.1298    225.259     0.3586      8.178    94.9954 3.9202e+02  4.4694325    25.0057  0.000e+00
      3.262      3.289    12.6853  38.708111    33.1295    225.109     0.3586      8.178    95.0471 3.6851e+02  4.4694325    25.0058  0.000e+00
      2.901      2.925    12.6816  38.704861    33.1298    224.682     0.3293      8.178    94.9954 3.9757e+02  4.2375949    25.0067  0.000e+00
      2.546      2.567    12.6827  38.705943    33.1300    225.626     0.3219      8.178    95.0471 4.7462e+02  3.9726376    25.0066  0.000e+00
      2.229      2.248    12.6834  38.706260    33.1298    224.500     0.2707      8.178    94.9696 5.1206e+02  4.0719966    25.0064  0.000e+00
      1.983      1.999    12.6826  38.705304    33.1298    224.805     0.3000      8.178    95.0471 4.4867e+02  3.7408000    25.0065  0.000e+00
      1.718      1.732    12.6827  38.705366    33.1298    225.448     0.3000      8.178    95.0471 6.5951e+02  4.0388769    25.0065  0.000e+00
      1.527      1.539    12.6826  38.704983    33.1296    226.123     0.2560      8.178    95.0213 6.4484e+02  4.3369538    25.0064  0.000e+00
      1.697      1.711    12.6825  38.705048    33.1297    225.015     0.2633      8.178    94.7372 5.4320e+02  4.1382359    25.0065  0.000e+00
      1.714      1.728    12.6817  38.704347    33.1297    224.368     0.2707      8.178    94.6339 5.6820e+02  3.5420821    25.0066  0.000e+00
      1.427      1.439    12.6812  38.703773    33.1297    225.384     0.2633      8.178    94.8405 8.0976e+02  3.6745607    25.0067  0.000e+00
      1.344      1.355    12.6818  38.704282    33.1297    224.636     0.2780      8.178    94.9954 6.5030e+02  3.6745607    25.0066  0.000e+00
      1.373      1.385    12.6821  38.704537    33.1297    225.161     0.3000      8.178    95.0471 5.0776e+02  3.1446462    25.0065  0.000e+00
      1.573      1.586    12.6810  38.703710    33.1298    225.235     0.3146      8.178    95.0213 5.5400e+02  3.6083214    25.0068  0.000e+00
      1.649      1.663    12.6809  38.703583    33.1297    225.175     0.3219      8.178    94.9954 5.8935e+02  3.5089624    25.0068  0.000e+00
      1.310      1.321    12.6804  38.703008    33.1298    226.498     0.3219      8.178    94.9696 7.8510e+02  3.4096034    25.0069  0.000e+00
      1.264      1.274    12.6803  38.703008    33.1298    225.538     0.2926      8.178    94.7889 6.4665e+02  3.4758427    25.0070  0.000e+00
      1.783      1.798    12.6804  38.703329    33.1298    224.901     0.2560      8.178    94.6856 5.5556e+02  3.7739197    25.0070  0.000e+00
      1.781      1.795    12.6801  38.702883    33.1297    225.337     0.2560      8.178    94.9696 4.8406e+02  3.6745607    25.0069  0.000e+00
      1.182      1.192    12.6800  38.702626    33.1297    226.062     0.2487      8.178    94.9696 7.4426e+02  3.8070393    25.0070  0.000e+00
      1.110      1.119    12.6806  38.703262    33.1299    225.315     0.1315      8.178    94.8663 7.4426e+02  3.8732786    25.0069  0.000e+00
      1.512      1.524    12.6838  38.706576    33.1301    225.620     0.1608      8.178    94.7889 4.4490e+02  3.5089624    25.0065  0.000e+00
      1.592      1.605    12.6929  38.714474    33.1295    226.013     0.2560      8.178    94.7631 5.9101e+02  3.9063983    25.0043  0.000e+00
      1.476      1.489    12.6993  38.720270    33.1296    225.546     0.2194      8.178    94.6856 7.2363e+02  4.1713556    25.0031  0.000e+00
      1.550      1.563    12.7022  38.722691    33.1293    224.422     0.2707      8.183    95.0213 6.0787e+02  4.0057573    25.0023  0.000e+00
      1.419      1.431    12.7075  38.727468    33.1292    224.393     0.2633      8.178    94.8663 6.7831e+02  3.0452872    25.0012  0.000e+00
      1.398      1.409    12.7014  38.721798    33.1292    226.184     0.2707      8.178    94.7372 7.0357e+02  2.5153726    25.0024  0.000e+00
      1.779      1.794    12.7063  38.726705    33.1294    226.171     0.1754      8.178    94.6598 4.6800e+02  3.3764838    25.0016  0.000e+00
      1.699      1.713    12.7022  38.722309    33.1289    225.911     0.2340      8.183    94.8663 5.2224e+02  3.7739197    25.0020  0.000e+00
      1.116      1.125    12.6911  38.712306    33.1292    226.317     0.2560      8.183    94.7631 6.9766e+02  3.0452872    25.0044  0.000e+00
      1.157      1.166    12.6944  38.715173    33.1291    225.344     0.3000      8.183    94.1692 6.0958e+02  3.0121675    25.0036  0.000e+00
      1.430      1.442    12.6938  38.714855    33.1292    224.766     0.2633      8.183    94.1433 5.8440e+02  4.1382359    25.0039  0.000e+00
      1.716      1.730    12.6963  38.717086    33.1291    225.939     0.2560      8.183    94.9438 5.7301e+02  4.0388769    25.0033  0.000e+00
      1.722      1.736    12.6953  38.716512    33.1294    226.531     0.2560      8.183    94.9180 4.0548e+02  3.2440051    25.0037  0.000e+00
      1.657      1.671    12.6946  38.715812    33.1293    225.728     0.2633      8.183    94.8147 4.5375e+02  2.9790479    25.0038  0.000e+00
      1.334      1.345    12.6886  38.709759    33.1289    224.417     0.2780      8.183    94.6598 5.8113e+02  3.5420821    25.0047  0.000e+00
      1.143      1.152    12.6879  38.709313    33.1292    225.003     0.2926      8.183    94.3241 6.9180e+02  3.9063983    25.0050  0.000e+00
      1.544      1.557    12.6898  38.711544    33.1295    226.769     0.2707      8.183    94.2208 4.0320e+02  3.9063983    25.0049  0.000e+00
      1.602      1.615    12.6854  38.707404    33.1294    226.946     0.2780      8.183    94.6339 4.1939e+02  3.7076803    25.0057  0.000e+00
      1.548      1.561    12.6817  38.704283    33.1297    225.197     0.2487      8.183    94.6598 5.5245e+02  3.6414410    25.0066  0.000e+00
      1.537      1.550    12.6813  38.703901    33.1297    224.982     0.3073      8.183    94.8405 4.2294e+02  3.7408000    25.0067  0.000e+00
      1.377      1.388    12.6809  38.703645    33.1299    226.001     0.3219      8.183    94.6081 6.8985e+02  3.8401590    25.0069  0.000e+00
      1.493      1.506    12.6835  38.706002    33.1298    225.621     0.2340      8.183    94.3241 4.2176e+02  3.7076803    25.0063  0.000e+00
      1.695      1.709    12.6829  38.705685    33.1299    224.670     0.2487      8.183    94.6856 3.8655e+02  4.0057573    25.0065  0.000e+00
      1.517      1.530    12.6833  38.705939    33.1299    225.251     0.2853      8.183    94.7631 4.4490e+02  4.0388769    25.0065  0.000e+00
      1.391      1.402    12.6835  38.705811    33.1297    226.423     0.2560      8.183    94.5823 5.9435e+02  3.6083214    25.0062  0.000e+00
      1.408      1.419    12.6834  38.705938    33.1298    225.835     0.2047      8.183    94.8405 6.1129e+02  2.9128085    25.0064  0.000e+00
      1.409      1.421    12.6836  38.706002    33.1298    225.772     0.2267      8.183    94.7631 5.6660e+02  3.8070393    25.0063  0.000e+00
      1.370      1.381    12.6844  38.706830    33.1298    225.613     0.3219      8.183    94.9696 6.9766e+02  3.9395179    25.0062  0.000e+00
      1.609      1.622    12.6843  38.706703    33.1297    225.403     0.2707      8.183    94.9696 5.2077e+02  3.8401590    25.0061  0.000e+00
      1.654      1.668    12.6842  38.706704    33.1298    227.107     0.2267      8.183    94.8922 5.1350e+02  3.7076803    25.0062  0.000e+00
      1.441      1.453    12.6840  38.706512    33.1299    225.988     0.2780      8.183    94.8405 7.1152e+02  3.4096034    25.0063  0.000e+00
      1.526      1.539    12.6835  38.706130    33.1299    224.754     0.2707      8.183    94.7631 5.4016e+02  3.1446462    25.0064  0.000e+00
      1.622      1.635    12.6842  38.706894    33.1299    225.032     0.2853      8.183    94.8922 4.8270e+02  3.2108855    25.0063  0.000e+00
      1.468      1.480    12.6841  38.706512    33.1298    225.617     0.2780      8.183    94.8663 6.8022e+02  3.3433641    25.0062  0.000e+00
      1.416      1.428    12.6849  38.707340    33.1299    226.571     0.2414      8.183    94.8405 5.8440e+02  3.6745607    25.0061  0.000e+00
      1.472      1.485    12.6848  38.707085    33.1297    225.614     0.2633      8.183    94.9696 5.8605e+02  3.8401590    25.0060  0.000e+00
      1.354      1.365    12.6863  38.708486    33.1297    225.170     0.2780      8.183    95.0213 6.9180e+02  3.9726376    25.0057  0.000e+00
      1.434      1.446    12.6852  38.707467    33.1298    225.611     0.2707      8.183    94.8922 5.5245e+02  4.0719966    25.0060  0.000e+00
      1.623      1.637    12.6888  38.710843    33.1297    225.599     0.2780      8.183    94.8922 5.0919e+02  4.1051162    25.0052  0.000e+00
      1.508      1.520    12.6888  38.710715    33.1296    225.596     0.2560      8.183    94.9696 7.2363e+02  4.4363128    25.0051  0.000e+00
      1.471      1.483    12.6892  38.710843    33.1294    225.965     0.2414      8.183    94.8147 6.8214e+02  3.5420821    25.0050  0.000e+00
      1.606      1.620    12.6870  38.708869    33.1294    226.721     0.2560      8.183    94.9180 5.5400e+02  3.7408000    25.0054  0.000e+00
      1.660      1.674    12.6865  38.708423    33.1294    225.024     0.2926      8.183    94.9438 5.6027e+02  4.4031932    25.0055  0.000e+00
      1.285      1.296    12.6858  38.707530    33.1293    225.325     0.2340      8.183    94.8663 6.7262e+02  3.7076803    25.0055  0.000e+00
      0.787      0.793    12.6868  38.708292    33.1294    226.544     0.2047      8.183    94.5823 6.4122e+02  4.1713556    25.0053  0.000e+00
      0.772      0.779    12.6881  38.709375    33.1293    225.733     0.2707      8.183    94.5823 5.9101e+02  4.2707145    25.0050  0.000e+00
      0.722      0.728    12.6874  38.708674    33.1292    226.260     0.1754      8.183    94.6856 6.9374e+02  4.2044752    25.0051  0.000e+00
      0.560      0.564    12.6874  38.708610    33.1293    225.730     0.1974      8.183    94.7114 3.6439e+02  4.0388769    25.0051  0.000e+00
      0.675      0.681    12.6865  38.707910    33.1293    224.933     0.2926      8.183    94.8405 3.9982e+02  3.3433641    25.0053  0.000e+00
      0.494      0.498    12.6861  38.707272    33.1291    226.106     0.1754      8.183    94.9696 2.7353e+02  3.5752017    25.0053  0.000e+00
      0.418      0.421    12.6854  38.706699    33.1292    226.324     0.0509      8.183    94.8922 4.4116e+02  3.9063983    25.0055  0.000e+00
      0.343      0.346    12.6861  38.706889    33.1288    225.514     0.3219      8.183    94.7631 3.9092e+02  3.6414410    25.0050  0.000e+00
      0.143      0.144    12.6872  38.708099    33.1291    225.874     0.2707      8.183    94.5307 2.9262e+02  3.6083214    25.0050  0.000e+00
      0.260      0.262    12.6874  38.708609    33.1294    226.464    -0.0737      8.183    93.6011 2.7896e+02  3.8070393    25.0052  0.000e+00
      0.372      0.376    12.6871  38.708100    33.1291    226.623     0.2853      8.183    94.2466 3.3870e+02  3.8070393    25.0051  0.000e+00
     -0.240     -0.242    12.6718  17.478764    13.8324    264.832    -0.0150      8.183    89.1081 3.2198e+02  3.6414410    10.1069  0.000e+00
      0.198      0.199    12.6819  36.509988    31.0467    225.776    25.1058      8.188    62.7957 3.1042e+02  2.9128085    23.3933  0.000e+00
     -0.032     -0.032    12.6832  38.689882    33.1153    212.636     6.9886      8.183     6.3494 3.7583e+02  3.0784068    24.9951  0.000e+00
     -0.266     -0.268    12.6872  38.640791    33.0651    207.283     0.6663      8.183    39.8660 4.9368e+02  3.3433641    24.9554  0.000e+00
      0.056      0.056    12.6838  38.606807    33.0356    202.185     0.1535      8.188    53.9389 6.5581e+02  3.4758427    24.9332  0.000e+00
     -0.260     -0.262    12.6921  38.643718    33.0636    201.125    -0.1616      8.183    13.2438 8.2586e+02  4.5356718    24.9533  0.000e+00
     -0.270     -0.272    12.7669  38.650775    33.0048    198.920    -0.0517      8.183    70.5939 8.3755e+02  5.0655863    24.8932  0.000e+00
     -0.275     -0.278    12.8283  38.651277    32.9516    196.942    -0.1542      8.182    81.8780 5.7301e+02  5.2311846    24.8400  0.000e+00
     -0.278     -0.281    12.9543  38.652916    32.8435    193.909    -0.1176      8.182    86.5259 3.0695e+02  5.2643043    24.7316  0.000e+00
     -0.266     -0.268    12.8531  38.652738    32.9314    189.491    -0.1176      8.173    88.2818 5.9268e+02  5.2311846    24.8195  0.000e+00
     -0.271     -0.273    12.7821  38.653574    32.9941    187.102    -0.1176      8.173    88.5142 9.0870e+02  2.6147316    24.8820  0.000e+00
     -0.297     -0.299    12.7930  38.654782    32.9858    190.705    -0.1249      8.164    85.4672 9.0870e+02  2.1179368    24.8734  0.000e+00
     -0.291     -0.293    12.7623  38.655296    33.0131    193.930    -0.1176      8.155    73.5634 8.1892e+02  1.7536205    24.9006  0.000e+00
     -0.291     -0.293    12.7230  38.657274    33.0494    191.723    -0.1249      8.146    73.7442 5.1785e+02  0.9587487    24.9363  0.000e+00
     -0.284     -0.286    12.7101  38.660523    33.0638    188.109    -0.1176      8.141    73.9249 6.0958e+02  0.7931504    24.9500  0.000e+00
     -0.290     -0.292    12.7045  38.660714    33.0689    185.776    -0.1249      8.132    73.7442 8.6629e+02  0.6937915    24.9551  0.000e+00
     -0.287     -0.289    12.6816  38.659508    33.0878    184.509    -0.1103      8.127    73.7442 7.1152e+02  1.1574667    24.9741  0.000e+00
     -0.278     -0.281    12.6757  38.658935    33.0925    188.025    -0.0883      8.118    73.7442 3.2654e+02  1.8198598    24.9789  0.000e+00
     -0.285     -0.288    12.6759  38.661164    33.0945    203.187    -0.0956      8.099    73.8474 2.0999e+02 -0.2997983    24.9804  0.000e+00
     -0.280     -0.282    12.6804  38.659189    33.0886    211.805    -0.1689      8.085    73.5118 2.0706e+02 -0.5316359    24.9750  0.000e+00
     -0.275     -0.278    12.6837  38.658234    33.0848    203.462    -0.2422      8.076    73.5376 2.0302e+02  0.4619538    24.9714  0.000e+00
     -0.274     -0.276    12.6887  38.657851    33.0800    192.089    -0.1249      8.071    73.5634 2.0706e+02  3.0121675    24.9667  0.000e+00
