Arg_Leg3_G8_NV.cnv
* Sea-Bird SBE 9 Data File:
* FileName = S:\CTD_Data\CTD\Data\Argentina 2014\Data\Leg3\Arg_Leg3_G8.hex
* Software Version Seasave V 7.21g
* Temperature SN = 5769
* Conductivity SN = 4244
* Number of Bytes Per Scan = 31
* Number of Voltage Words = 4
* Number of Scans Averaged by the Deck Unit = 24
* NMEA Latitude = 46 13.57 S
* NMEA Longitude = 066 11.85 W
* NMEA UTC (Time) = Feb 14 2014 05:51:45
* NMEA baud rate = 9600
** R/V Coriolis II
** MARES project, ARGENTINA 2014
** Chief scientist : Dr. Gustavo Ferreyra
** Co-Chief scientist : Dr. José Luis Esteves
# nquan = 13
# nvalues = 710                                   
# units = specified
# name 0 = depSM: Depth [salt water, m]
# name 1 = prDM: Pressure, Digiquartz [db]
# name 2 = t090C: Temperature [ITS-90, deg C]
# name 3 = c0mS/cm: Conductivity [mS/cm]
# name 4 = sal00: Salinity, Practical [PSU]
# name 5 = sbeox0Mm/Kg: Oxygen, SBE 43 [umol/Kg]
# name 6 = flECO-AFL: Fluorescence, WET Labs ECO-AFL/FL [mg/m^3]
# name 7 = ph: pH
# name 8 = CStarTr0: Beam Transmission, WET Labs C-Star [%]
# name 9 = par: PAR/Irradiance, Biospherical/Licor
# name 10 = upoly0: Upoly 0, Nitrate
# name 11 = sigma-é00: Density [sigma-theta, Kg/m^3]
# name 12 = flag:  0.000e+00
# span 0 =     -0.012,     92.928                 
# span 1 =     -0.012,     93.721                 
# span 2 =     7.7164,    15.5540                 
# span 3 =   6.285440,  41.856272                 
# span 4 =     4.2839,    34.2084                 
# span 5 =    143.748,    258.064                 
# span 6 =    -0.1249,     2.7908                 
# span 7 =      7.734,      8.218                 
# span 8 =    60.8591,    95.8734                 
# span 9 = 1.0000e-12, 8.5773e-01                 
# span 10 = -0.7634735,  5.7610991                
# span 11 =     2.3440,    26.0744                
# span 12 = 0.0000e+00, 0.0000e+00                
# interval = seconds: 1
# start_time = Feb 14 2014 05:51:45 [NMEA time, header]
# bad_flag = -9.990e-29
*END*
[from data line 334]
     68.015     68.591     8.1110  34.845080    33.3959    148.423    -0.0004      7.766    85.5963 2.3069e-03  0.6937915    25.9988  0.000e+00
     67.387     67.958     8.1275  34.859557    33.3959    148.525     0.0069      7.761    85.0024 4.3455e-03  0.9918684    25.9964  0.000e+00
     66.717     67.281     8.1414  34.871226    33.3954    148.162    -0.0004      7.766    84.5376 2.1643e-03  0.2963556    25.9939  0.000e+00
     65.987     66.545     8.1598  34.887296    33.3953    147.783    -0.0077      7.766    84.4344 4.1972e-03  0.0313983    25.9911  0.000e+00
     65.288     65.840     8.1725  34.896278    33.3931    147.728    -0.0004      7.766    84.4085 3.7548e-03  0.3957145    25.9875  0.000e+00
     64.701     65.248     8.1798  34.900616    33.3911    147.694     0.0069      7.766    84.6151 2.0221e-03  1.1243470    25.9848  0.000e+00
     64.126     64.668     8.1864  34.905137    33.3899    148.134     0.0143      7.771    85.1057 2.1643e-03  2.1179368    25.9828  0.000e+00
     63.352     63.887     8.1863  34.903300    33.3884    148.121     0.0143      7.771    86.0095 3.4620e-03  3.5752017    25.9817  0.000e+00
     62.588     63.117     8.2028  34.916258    33.3868    148.222     0.0069      7.775    86.6034 2.4498e-03  2.7472103    25.9780  0.000e+00
     61.973     62.497     8.2185  34.927322    33.3839    149.102     0.0143      7.780    87.5588 2.1643e-03  1.6873812    25.9733  0.000e+00
     61.380     61.899     8.2474  34.947928    33.3786    150.108     0.0216      7.789    87.8945 1.1775e-03  1.6873812    25.9649  0.000e+00
     60.676     61.189     8.2750  34.967866    33.3739    151.283     0.0582      7.799    89.1339 2.7370e-03 -0.6641145    25.9571  0.000e+00
     59.850     60.356     8.2855  34.975265    33.3722    153.153     0.0729      7.803    90.6832 3.7548e-03  0.4619538    25.9541  0.000e+00
     59.104     59.603     8.3003  34.986397    33.3702    155.177     0.1095      7.808    91.5095 2.1643e-03  0.3294752    25.9504  0.000e+00
     58.521     59.015     8.3091  34.992637    33.3688    156.159     0.1022      7.808    91.7161 1.7390e-03 -0.5647556    25.9480  0.000e+00
     58.018     58.508     8.3204  35.000345    33.3665    156.837     0.1608      7.813    91.7677 2.5932e-03 -0.5978752    25.9444  0.000e+00
     57.450     57.935     8.3292  35.005116    33.3634    157.352     0.1754      7.813    92.2067 3.4620e-03 -0.5647556    25.9407  0.000e+00
     56.919     57.399     8.3363  35.009949    33.3621    157.405     0.1901      7.813    92.5682 5.3953e-03 -0.0017214    25.9386  0.000e+00
     56.602     57.079     8.3464  35.019496    33.3628    157.278     0.2047      7.817    93.0846 4.4942e-03  1.2237060    25.9376  0.000e+00
     56.202     56.676     8.3759  35.048758    33.3660    157.371     0.2267      7.817    93.9109 3.6082e-03  0.8262701    25.9357  0.000e+00
     55.803     56.274     8.4035  35.072578    33.3652    157.773     0.2414      7.822    93.8076 3.7548e-03 -0.3991573    25.9309  0.000e+00
     55.563     56.032     8.4029  35.070801    33.3640    157.817     0.2707      7.822    93.7818 2.7370e-03 -0.7303538    25.9300  0.000e+00
     55.355     55.822     8.3912  35.056776    33.3603    158.372     0.2926      7.817    93.7044 2.3069e-03 -0.7303538    25.9289  0.000e+00
     55.246     55.712     8.3804  35.044284    33.3574    158.289     0.2487      7.817    93.6527 3.6082e-03 -0.5978752    25.9282  0.000e+00
     55.175     55.641     8.3781  35.041406    33.3565    157.408     0.2707      7.817    93.6785 3.4620e-03 -0.5978752    25.9279  0.000e+00
     54.927     55.391     8.3752  35.037242    33.3550    156.653     0.2633      7.817    93.6269 2.5932e-03 -0.5647556    25.9272  0.000e+00
     54.569     55.029     8.3721  35.033873    33.3546    156.190     0.2633      7.817    93.5494 3.4620e-03 -0.3991573    25.9273  0.000e+00
     54.139     54.595     8.3702  35.032158    33.3548    156.485     0.2780      7.817    93.4203 2.4498e-03 -0.0348410    25.9277  0.000e+00
     53.710     54.162     8.3713  35.032401    33.3542    156.302     0.2780      7.817    93.3687 1.7390e-03  0.3957145    25.9271  0.000e+00
     53.285     53.734     8.3689  35.029278    33.3533    156.303     0.3000      7.817    93.5753 2.8812e-03 -0.3660376    25.9267  0.000e+00
     52.874     53.320     8.3695  35.027194    33.3508    156.592     0.3439      7.817    93.7044 2.0221e-03 -0.4653966    25.9247  0.000e+00
     52.672     53.116     8.3711  35.026826    33.3489    156.584     0.3659      7.817    93.6011 2.0221e-03  0.3625949    25.9230  0.000e+00
     52.598     53.041     8.3724  35.027071    33.3481    156.579     0.3586      7.817    93.5236 3.4620e-03 -0.7303538    25.9221  0.000e+00
     52.280     52.720     8.3751  35.028906    33.3476    156.097     0.3513      7.817    93.5494 3.7548e-03 -0.5978752    25.9213  0.000e+00
     51.781     52.217     8.3797  35.032210    33.3469    156.071     0.3806      7.817    93.6269 3.4620e-03 -0.3660376    25.9200  0.000e+00
     51.508     51.942     8.3813  35.034107    33.3476    155.888     0.4758      7.817    93.5753 3.4620e-03 -0.1010803    25.9203  0.000e+00
     51.328     51.761     8.3872  35.038147    33.3464    155.399     0.4904      7.822    93.7302 4.7929e-03 -0.7634735    25.9185  0.000e+00
     50.935     51.364     8.3915  35.041819    33.3463    156.137     0.4465      7.822    93.9626 3.1707e-03 -0.7303538    25.9178  0.000e+00
     50.502     50.927     8.3957  35.045307    33.3463    155.942     0.5051      7.822    93.9884 3.7548e-03 -0.7303538    25.9171  0.000e+00
     50.472     50.897     8.3999  35.049103    33.3463    155.631     0.5344      7.822    93.9368 5.0932e-03 -0.5647556    25.9165  0.000e+00
     50.661     51.088     8.4025  35.051063    33.3458    156.387     0.5417      7.822    93.9368 5.8515e-03  0.0976376    25.9157  0.000e+00
     50.605     51.031     8.4026  35.051369    33.3460    156.385     0.4904      7.822    93.9368 7.2437e-03 -0.2997983    25.9159  0.000e+00
     50.337     50.761     8.4078  35.055777    33.3459    156.066     0.4465      7.822    93.8851 5.3953e-03 -0.4653966    25.9150  0.000e+00
     50.301     50.724     8.4142  35.061288    33.3457    156.043     0.4758      7.822    93.9368 4.9428e-03 -0.6972342    25.9139  0.000e+00
     50.537     50.963     8.4098  35.057553    33.3458    156.063     0.5271      7.822    93.9368 5.0932e-03 -0.5978752    25.9146  0.000e+00
     50.673     51.100     8.4045  35.053145    33.3461    155.619     0.5198      7.822    93.8593 4.0493e-03 -0.5647556    25.9157  0.000e+00
     50.629     51.055     8.4059  35.054370    33.3461    155.613     0.4538      7.822    93.8851 4.9428e-03 -0.4653966    25.9155  0.000e+00
     50.586     51.013     8.4079  35.056206    33.3461    155.435     0.4538      7.822    93.9109 6.0045e-03 -0.5647556    25.9152  0.000e+00
     50.574     51.000     8.4084  35.056513    33.3460    155.433     0.4538      7.822    93.9368 4.4942e-03 -0.5647556    25.9150  0.000e+00
     50.574     51.000     8.4085  35.056696    33.3462    155.728     0.4611      7.822    93.8593 4.9428e-03 -0.4653966    25.9151  0.000e+00
     50.653     51.080     8.4074  35.055839    33.3462    155.733     0.4758      7.822    93.8335 4.4942e-03 -0.3991573    25.9153  0.000e+00
     50.717     51.144     8.4061  35.054737    33.3463    155.739     0.4758      7.822    93.8335 4.3455e-03  0.2301162    25.9156  0.000e+00
     50.727     51.154     8.4070  35.055472    33.3462    155.736     0.4904      7.822    93.8593 5.5469e-03  1.0581077    25.9153  0.000e+00
     50.775     51.202     8.4063  35.054860    33.3462    156.205     0.4904      7.822    93.8851 4.4942e-03  1.0249880    25.9155  0.000e+00
     50.857     51.285     8.4044  35.053329    33.3463    156.214     0.4758      7.822    93.9109 5.3953e-03  2.1510564    25.9159  0.000e+00
     50.862     51.291     8.4037  35.052778    33.3464    155.921     0.4758      7.822    93.9368 6.0045e-03  2.4160137    25.9161  0.000e+00
     50.868     51.297     8.4043  35.053329    33.3464    155.919     0.4758      7.822    93.9626 4.3455e-03  1.7205009    25.9159  0.000e+00
     50.902     51.331     8.4030  35.052166    33.3463    155.925     0.4904      7.822    93.9884 4.6433e-03 -0.6972342    25.9161  0.000e+00
     50.854     51.282     8.4027  35.052105    33.3466    155.924     0.4978      7.822    93.9884 6.1579e-03 -0.6309949    25.9163  0.000e+00
     50.732     51.160     8.4050  35.053941    33.3464    156.380     0.4758      7.822    93.9626 7.0872e-03 -0.6309949    25.9158  0.000e+00
     50.807     51.235     8.4054  35.054125    33.3463    156.380     0.4831      7.822    93.9368 5.6990e-03 -0.5316359    25.9157  0.000e+00
     50.983     51.412     8.4014  35.050942    33.3465    156.102     0.5198      7.822    94.0142 5.6990e-03  0.1638769    25.9165  0.000e+00
     50.950     51.379     8.4007  35.050329    33.3466    156.104     0.5051      7.822    94.0917 5.5469e-03 -0.6309949    25.9166  0.000e+00
     50.898     51.327     8.4021  35.051370    33.3464    156.564     0.5124      7.822    94.0659 7.2437e-03 -0.7634735    25.9163  0.000e+00
     51.059     51.489     8.3995  35.049105    33.3464    156.577     0.5051      7.822    94.0917 5.6990e-03 -0.1010803    25.9167  0.000e+00
     51.192     51.624     8.3960  35.046289    33.3467    156.297     0.4904      7.827    94.1692 4.9428e-03  1.7867402    25.9174  0.000e+00
     51.107     51.538     8.3968  35.047024    33.3467    156.292     0.4831      7.827    94.1692 4.6433e-03  1.9854581    25.9173  0.000e+00
     51.001     51.431     8.3982  35.048125    33.3466    156.751     0.4904      7.827    94.1692 4.3455e-03  1.6873812    25.9170  0.000e+00
     50.963     51.392     8.3993  35.049105    33.3466    156.746     0.4978      7.827    94.0917 4.0493e-03  1.1243470    25.9168  0.000e+00
     50.946     51.375     8.3989  35.048615    33.3465    156.452     0.4978      7.827    94.1692 3.6082e-03  0.4288342    25.9169  0.000e+00
     50.969     51.398     8.3983  35.048125    33.3465    156.455     0.4978      7.827    94.1950 3.6082e-03  0.7600308    25.9169  0.000e+00
     51.093     51.524     8.3965  35.046656    33.3466    156.930     0.4978      7.827    94.1692 4.0493e-03  1.5217829    25.9173  0.000e+00
     51.226     51.658     8.3946  35.045065    33.3466    156.939     0.4978      7.827    94.0917 5.0932e-03  0.6606718    25.9176  0.000e+00
     51.289     51.721     8.3947  35.045249    33.3468    156.645     0.4904      7.827    94.1175 6.4659e-03 -0.4985162    25.9177  0.000e+00
     51.289     51.721     8.3948  35.045126    33.3465    156.645     0.5124      7.827    94.1433 7.7156e-03 -0.6309949    25.9175  0.000e+00
     51.307     51.739     8.3945  35.044943    33.3466    156.646     0.5124      7.827    94.1433 4.7929e-03  0.0976376    25.9176  0.000e+00
     51.238     51.669     8.3950  35.045493    33.3467    156.177     0.5051      7.827    94.1175 6.9313e-03 -0.0348410    25.9176  0.000e+00
     51.069     51.499     8.3968  35.046901    33.3466    156.167     0.5198      7.827    94.1175 7.0872e-03 -0.6641145    25.9172  0.000e+00
     51.133     51.564     8.3970  35.047024    33.3466    156.463     0.5710      7.827    94.1433 6.3117e-03 -0.1673197    25.9172  0.000e+00
     51.413     51.846     8.3938  35.044392    33.3467    156.481     0.5784      7.827    94.1175 5.3953e-03 -0.6641145    25.9178  0.000e+00
     51.448     51.882     8.3925  35.043351    33.3467    156.486     0.5198      7.827    94.0917 4.3455e-03  0.2301162    25.9180  0.000e+00
     51.239     51.671     8.3951  35.045432    33.3466    156.472     0.4831      7.827    94.1175 3.6082e-03  0.8925094    25.9175  0.000e+00
     51.235     51.666     8.3949  35.045248    33.3466    156.473     0.5198      7.827    94.1175 5.2440e-03  0.8925094    25.9175  0.000e+00
     51.419     51.852     8.3933  35.044025    33.3467    156.482     0.5491      7.827    94.1433 5.5469e-03  0.9918684    25.9178  0.000e+00
     51.369     51.802     8.3930  35.043902    33.3469    156.483     0.4904      7.827    94.0917 4.9428e-03 -0.1342000    25.9181  0.000e+00
     51.147     51.578     8.3940  35.044452    33.3467    156.475     0.4685      7.827    94.0917 4.1972e-03 -0.5647556    25.9177  0.000e+00
     51.137     51.568     8.3943  35.044758    33.3466    156.473     0.5637      7.827    94.1433 5.6990e-03 -0.5316359    25.9176  0.000e+00
     51.363     51.796     8.3927  35.043412    33.3466    156.484     0.5637      7.827    94.0917 4.9428e-03  2.4822530    25.9179  0.000e+00
     51.550     51.985     8.3894  35.040780    33.3469    156.499     0.5124      7.827    94.0659 3.0257e-03  0.1969966    25.9186  0.000e+00
     51.533     51.967     8.3889  35.040413    33.3470    156.501     0.4758      7.827    93.9884 2.7370e-03 -0.6309949    25.9188  0.000e+00
     51.496     51.930     8.3887  35.040045    33.3468    156.501     0.4611      7.827    93.9884 2.5932e-03 -0.5978752    25.9186  0.000e+00
     51.562     51.996     8.3881  35.039617    33.3469    156.038     0.4611      7.827    94.0142 1.1775e-03 -0.3329179    25.9188  0.000e+00
     51.508     51.942     8.3860  35.037841    33.3471    156.045     0.4611      7.827    93.9626 3.4620e-03  1.0581077    25.9192  0.000e+00
     51.226     51.658     8.3886  35.039922    33.3469    156.325     0.4538      7.827    94.0400 3.1707e-03  0.5281932    25.9187  0.000e+00
     51.082     51.512     8.3916  35.042248    33.3466    156.312     0.5051      7.827    94.0917 4.3455e-03 -0.5647556    25.9180  0.000e+00
     51.342     51.775     8.3897  35.040841    33.3468    156.324     0.6003      7.827    94.1175 3.7548e-03  0.3957145    25.9184  0.000e+00
     51.597     52.032     8.3839  35.036250    33.3473    156.350     0.5710      7.827    93.9884 3.0257e-03  0.6937915    25.9198  0.000e+00
     51.461     51.894     8.3845  35.036739    33.3473    156.345     0.4318      7.822    93.9109 5.3953e-03 -0.2666786    25.9197  0.000e+00
     51.138     51.569     8.3892  35.040289    33.3468    155.856     0.4611      7.822    94.0659 3.1707e-03 -0.2335590    25.9185  0.000e+00
     50.699     51.126     8.3929  35.043287    33.3467    155.834     0.5344      7.827    94.0917 2.5932e-03  1.0912274    25.9179  0.000e+00
     50.033     50.454     8.3979  35.047387    33.3466    156.098     0.5564      7.827    94.1433 3.7548e-03 -0.7303538    25.9170  0.000e+00
     49.302     49.718     8.4069  35.054977    33.3464    156.516     0.6077      7.827    94.1433 4.6433e-03  0.5281932    25.9155  0.000e+00
     48.643     49.052     8.4213  35.067161    33.3460    156.451     0.6809      7.827    94.1950 6.4659e-03  0.5944325    25.9130  0.000e+00
     47.941     48.345     8.4401  35.083573    33.3458    156.538     0.6809      7.827    94.1950 3.3161e-03 -0.4653966    25.9100  0.000e+00
     47.221     47.618     8.4815  35.120330    33.3458    156.373     0.6223      7.831    94.5565 4.1972e-03  2.3166547    25.9038  0.000e+00
     46.636     47.029     8.5315  35.162865    33.3437    156.814     0.6882      7.831    94.7889 4.9428e-03  0.0976376    25.8945  0.000e+00
     46.073     46.461     8.5805  35.205421    33.3425    157.547     0.7615      7.831    94.9438 3.3161e-03 -0.1010803    25.8861  0.000e+00
     45.277     45.658     8.6693  35.285621    33.3434    157.540     0.7249      7.835    95.0213 4.6433e-03  0.8262701    25.8731  0.000e+00
     44.322     44.695     8.7805  35.384881    33.3432    156.994     0.6296      7.845    94.9438 5.0932e-03 -0.5647556    25.8558  0.000e+00
     43.593     43.960     8.8176  35.406820    33.3316    157.194     0.7102      7.854    95.2020 4.3455e-03  0.4950735    25.8410  0.000e+00
