Arg_L2_SF13_NV.cnv
* Sea-Bird SBE 9 Data File:
* FileName = S:\CTD_Data\CTD\Data\Argentina 2014\Data\Arg_L2_SF13.hex
* Software Version Seasave V 7.21g
* Temperature SN = 5769
* Conductivity SN = 4244
* Number of Bytes Per Scan = 31
* Number of Voltage Words = 4
* Number of Scans Averaged by the Deck Unit = 24
* NMEA Latitude = 45 56.75 S
* NMEA Longitude = 065 33.81 W
* NMEA UTC (Time) = Feb 08 2014 01:58:05
* NMEA baud rate = 9600
** R/V Coriolis II
** MARES project, ARGENTINA 2014
** Chief scientist : Dr. Gustavo Ferreyra
** Co-Chief scientist : Dr. José Luis Esteves
# nquan = 13
# nvalues = 357                                   
# units = specified
# name 0 = depSM: Depth [salt water, m]
# name 1 = prDM: Pressure, Digiquartz [db]
# name 2 = t090C: Temperature [ITS-90, deg C]
# name 3 = c0mS/cm: Conductivity [mS/cm]
# name 4 = sal00: Salinity, Practical [PSU]
# name 5 = sbeox0Mm/Kg: Oxygen, SBE 43 [umol/Kg]
# name 6 = flECO-AFL: Fluorescence, WET Labs ECO-AFL/FL [mg/m^3]
# name 7 = ph: pH
# name 8 = CStarTr0: Beam Transmission, WET Labs C-Star [%]
# name 9 = par: PAR/Irradiance, Biospherical/Licor
# name 10 = upoly0: Upoly 0, Nitrate
# name 11 = sigma-é00: Density [sigma-theta, Kg/m^3]
# name 12 = flag:  0.000e+00
# span 0 =     -0.280,     87.349                 
# span 1 =     -0.282,     88.090                 
# span 2 =     9.7825,    13.7967                 
# span 3 =   3.876285,  39.849986                 
# span 4 =     2.6829,    33.2373                 
# span 5 =    152.965,    264.163                 
# span 6 =    -0.1249,     1.3696                 
# span 7 =      7.879,      8.211                 
# span 8 =    10.7133,    97.5776                 
# span 9 = 1.0000e-12, 7.2354e-01                 
# span 10 = -0.6972342,  2.9128085                
# span 11 =     1.3935,    25.6135                
# span 12 = 0.0000e+00, 0.0000e+00                
# interval = seconds: 1
# start_time = Feb 08 2014 01:58:05 [NMEA time, header]
# bad_flag = -9.990e-29
*END*
[from data line 223]
     54.419     54.876    10.4819  36.712604    33.1258    191.933    -0.0004      7.995    87.1715 7.3199e-05  0.5944325    25.4080  0.000e+00
     54.005     54.459    10.4844  36.714410    33.1255    192.307    -0.0150      7.999    87.3780 1.0000e-12  1.5880222    25.4073  0.000e+00
     53.326     53.774    10.4875  36.715905    33.1245    192.511    -0.0297      7.999    88.1269 1.0000e-12  0.2632359    25.4060  0.000e+00
     52.384     52.825    10.5065  36.729372    33.1212    193.061    -0.0297      8.009    90.1668 1.0000e-12  0.0313983    25.4001  0.000e+00
     51.709     52.144    10.5168  36.737478    33.1202    194.744    -0.0077      8.018    91.8452 1.0000e-12  0.1638769    25.3975  0.000e+00
     51.426     51.858    10.5209  36.741157    33.1203    197.880    -0.0004      8.018    91.7936 1.0000e-12  0.4619538    25.3969  0.000e+00
     50.941     51.368    10.5260  36.745273    33.1200    200.912    -0.0224      8.018    93.7044 1.0000e-12  0.6275521    25.3958  0.000e+00
     50.056     50.476    10.5306  36.748950    33.1199    202.076    -0.0004      8.023    93.7302 1.0000e-12  0.0645179    25.3949  0.000e+00
     49.126     49.539    10.5428  36.759366    33.1197    201.696     0.0216      8.023    93.8076 1.0000e-12  0.5281932    25.3926  0.000e+00
     48.587     48.995    10.5455  36.761298    33.1193    201.881     0.0216      8.027    93.9884 1.4574e-03  1.1574667    25.3919  0.000e+00
     48.249     48.654    10.5587  36.773776    33.1200    202.369     0.0143      8.027    94.2466 1.0000e-12  0.7600308    25.3901  0.000e+00
     47.793     48.194    10.5716  36.784196    33.1190    202.441     0.0069      8.027    95.4861 1.0000e-12 -0.1673197    25.3871  0.000e+00
     47.173     47.569    10.5756  36.787689    33.1191    202.801     0.0143      8.027    95.4086 1.0000e-12 -0.4322769    25.3864  0.000e+00
     46.431     46.820    10.5841  36.795488    33.1195    203.392     0.0143      8.027    95.5377 1.0000e-12 -0.1673197    25.3853  0.000e+00
     45.595     45.977    10.5996  36.809592    33.1199    203.948     0.0289      8.032    95.7185 1.0000e-12  1.2899453    25.3829  0.000e+00
     44.777     45.152    10.6500  36.855420    33.1204    203.929     0.0289      8.032    95.8476 1.0000e-12  0.2301162    25.3745  0.000e+00
     44.085     44.455    10.7097  36.909583    33.1207    203.458     0.0509      8.032    96.2349 1.0000e-12 -0.2666786    25.3643  0.000e+00
     43.659     44.025    10.7833  36.977786    33.1223    203.596     0.0655      8.036    96.4673 1.0000e-12 -0.4322769    25.3526  0.000e+00
     43.242     43.604    10.9688  37.155815    33.1318    203.873     0.0436      8.040    96.6997 1.0000e-12 -0.2997983    25.3274  0.000e+00
     42.426     42.781    11.2447  37.402759    33.1279    204.299     0.0289      8.053    96.7513 7.3199e-05 -0.4653966    25.2751  0.000e+00
     41.580     41.929    11.4294  37.575302    33.1322    205.665     0.0582      8.066    96.9063 7.6046e-04 -0.4653966    25.2450  0.000e+00
     41.354     41.700    11.4943  37.638136    33.1358    206.708     0.0582      8.080    97.0612 1.0000e-12 -0.4653966    25.2360  0.000e+00
     41.070     41.414    11.6439  37.785373    33.1461    207.657     0.0362      8.084    97.1645 1.0000e-12 -0.4653966    25.2166  0.000e+00
     40.233     40.570    11.9210  38.034922    33.1424    207.852     0.0582      8.093    97.4485 7.3199e-05 -0.4653966    25.1623  0.000e+00
     39.126     39.453    12.0945  38.207165    33.1554    209.572     0.0655      8.106    97.3969 2.0988e-04 -0.4653966    25.1399  0.000e+00
     38.409     38.730    12.0739  38.184672    33.1523    212.068     0.0802      8.120    97.4485 7.3199e-05 -0.4653966    25.1413  0.000e+00
     38.140     38.459    12.3296  38.442071    33.1739    211.547     0.1022      8.124    97.3969 1.0000e-12 -0.4653966    25.1096  0.000e+00
     37.825     38.141    12.5099  38.600033    33.1663    212.040     0.1095      8.132    97.3969 1.0000e-12 -0.4653966    25.0692  0.000e+00
     37.200     37.511    12.7129  38.793310    33.1724    212.837     0.1095      8.136    97.3969 1.0000e-12 -0.4653966    25.0345  0.000e+00
     36.574     36.880    12.8425  38.919036    33.1784    214.493     0.1388      8.145    97.3194 1.0000e-12 -0.4653966    25.0139  0.000e+00
     36.065     36.367    12.9220  38.994702    33.1806    216.382     0.1901      8.154    97.2161 1.0000e-12 -0.4653966    25.0000  0.000e+00
     35.383     35.678    12.9960  39.067359    33.1848    216.745     0.2047      8.158    97.2419 1.0000e-12 -0.4653966    24.9887  0.000e+00
     34.595     34.885    13.0375  39.107191    33.1865    216.163     0.2121      8.163    97.1645 3.4694e-04 -0.4653966    24.9818  0.000e+00
     34.044     34.329    13.0874  39.158174    33.1913    216.189     0.2560      8.163    97.1128 2.0988e-04 -0.4653966    24.9755  0.000e+00
     33.504     33.784    13.1653  39.234155    33.1951    217.459     0.2853      8.167    97.0612 3.4694e-04 -0.4653966    24.9630  0.000e+00
     32.730     33.003    13.2103  39.276362    33.1958    217.781     0.3513      8.172    96.9579 7.6046e-04 -0.4653966    24.9546  0.000e+00
     32.089     32.357    13.2458  39.311217    33.1980    217.727     0.3586      8.176    96.8030 1.0000e-12 -0.4653966    24.9491  0.000e+00
     31.737     32.002    13.2720  39.338650    33.2011    218.720     0.4099      8.176    96.7255 1.0000e-12 -0.4653966    24.9463  0.000e+00
     31.285     31.546    13.3096  39.374746    33.2023    218.932     0.4392      8.180    96.5447 4.8439e-04 -0.4653966    24.9397  0.000e+00
     30.585     30.841    13.3268  39.391740    33.2036    219.747     0.4538      8.180    96.5447 1.3173e-03 -0.4653966    24.9372  0.000e+00
     29.897     30.147    13.3649  39.431384    33.2079    218.708     0.5491      8.185    96.3640 1.0381e-03 -0.6641145    24.9329  0.000e+00
     29.123     29.366    13.3869  39.451147    33.2076    219.501     0.6370      8.185    96.2865 1.4574e-03 -0.4653966    24.9282  0.000e+00
     28.274     28.510    13.3938  39.457626    33.2080    220.167     0.6223      8.189    96.1832 1.0381e-03 -0.4653966    24.9271  0.000e+00
     27.726     27.958    13.4073  39.473094    33.2110    219.916     0.6296      8.189    95.7701 4.8439e-04 -0.4653966    24.9266  0.000e+00
     27.522     27.751    13.4125  39.477715    33.2109    219.831     0.7395      8.189    95.6926 2.4498e-03 -0.4653966    24.9255  0.000e+00
     27.029     27.254    13.4172  39.482656    33.2116    219.891     0.7102      8.189    95.5635 4.8439e-04 -0.4653966    24.9252  0.000e+00
     26.022     26.239    13.4164  39.481304    33.2115    220.740     0.7029      8.189    95.6152 6.2223e-04 -0.4653966    24.9252  0.000e+00
     25.095     25.305    13.4150  39.479246    33.2111    221.026     0.8641      8.194    95.5119 1.5980e-03 -0.4653966    24.9251  0.000e+00
     24.687     24.893    13.4098  39.475907    33.2127    220.412     0.8128      8.194    95.5119 6.2223e-04 -0.4653966    24.9274  0.000e+00
     24.227     24.429    13.4353  39.502422    33.2155    220.223     0.8055      8.194    95.4861 1.0000e-12 -0.4653966    24.9245  0.000e+00
     23.377     23.572    13.4425  39.508968    33.2157    221.604     0.8274      8.194    95.2795 2.0988e-04 -0.4653966    24.9231  0.000e+00
     22.606     22.795    13.4434  39.508837    33.2152    221.372     0.9154      8.194    95.3569 3.4694e-04 -0.4653966    24.9225  0.000e+00
     22.112     22.296    13.4363  39.499331    33.2126    220.205     0.9813      8.194    95.3828 3.4694e-04 -0.4653966    24.9220  0.000e+00
     21.621     21.801    13.4328  39.493999    33.2109    220.570     0.9593      8.194    95.2020 1.0000e-12 -0.4653966    24.9213  0.000e+00
     20.785     20.958    13.4347  39.495473    33.2110    221.465     0.8861      8.194    95.0729 1.0000e-12 -0.4653966    24.9210  0.000e+00
     19.987     20.153    13.4474  39.507157    33.2112    221.176     0.8714      8.194    95.1504 2.0988e-04 -0.4653966    24.9185  0.000e+00
     19.587     19.750    13.4649  39.524881    33.2127    221.027     0.9593      8.198    95.1762 6.2223e-04 -0.4653966    24.9161  0.000e+00
     19.181     19.340    13.4953  39.554107    33.2137    220.516     0.9227      8.198    95.0987 1.0000e-12 -0.4653966    24.9108  0.000e+00
     18.345     18.498    13.5229  39.578778    33.2132    221.952     0.8128      8.198    94.9696 7.3199e-05 -0.4653966    24.9048  0.000e+00
     17.406     17.550    13.5481  39.604483    33.2157    221.653     0.9300      8.198    94.9696 4.8439e-04 -0.4653966    24.9016  0.000e+00
     16.644     16.782    13.5830  39.637140    33.2162    220.801     0.9886      8.198    94.9696 2.8812e-03 -0.4653966    24.8949  0.000e+00
     16.092     16.226    13.5992  39.652507    33.2167    221.272     1.0472      8.198    94.9954 1.1775e-03 -0.4653966    24.8919  0.000e+00
     15.683     15.813    13.6163  39.669549    33.2180    220.264     1.0326      8.198    94.8922 1.4574e-03 -0.4653966    24.8894  0.000e+00
     15.212     15.338    13.6432  39.695216    33.2187    220.990     0.9080      8.202    94.8147 3.1707e-03 -0.4653966    24.8845  0.000e+00
     14.442     14.562    13.6268  39.678421    33.2176    220.030     0.8787      8.198    94.6856 7.6046e-04 -0.4653966    24.8869  0.000e+00
     13.545     13.657    13.6175  39.670635    33.2187    221.212     0.9593      8.202    94.7372 8.9907e-04 -0.4653966    24.8897  0.000e+00
     12.907     13.014    13.6264  39.678737    33.2188    221.970     1.0472      8.202    94.8147 8.9907e-04 -0.4653966    24.8880  0.000e+00
     12.576     12.680    13.6271  39.680344    33.2199    220.224     1.0912      8.202    94.7631 1.8804e-03 -0.4653966    24.8887  0.000e+00
     12.023     12.123    13.6489  39.703826    33.2231    221.171     1.0106      8.202    94.8147 1.5980e-03 -0.4653966    24.8867  0.000e+00
     10.947     11.038    13.7020  39.754345    33.2245    220.948     0.8787      8.202    94.6598 2.3069e-03 -0.4653966    24.8769  0.000e+00
      9.931     10.013    13.7099  39.758912    33.2223    220.632     0.9959      8.202    94.6856 2.3069e-03 -0.4653966    24.8735  0.000e+00
      9.604      9.683    13.7017  39.753053    33.2241    220.506     0.9813      8.202    94.6339 4.6433e-03 -0.4653966    24.8766  0.000e+00
      9.402      9.480    13.7109  39.763095    33.2256    220.253     1.0033      8.202    94.7114 4.3455e-03 -0.4653966    24.8758  0.000e+00
      8.570      8.641    13.7328  39.783568    33.2260    221.747     0.9886      8.202    94.6081 4.3455e-03 -0.4653966    24.8716  0.000e+00
      7.472      7.534    13.7584  39.808296    33.2272    221.596     0.9886      8.207    94.4790 5.5469e-03 -0.4653966    24.8673  0.000e+00
      6.876      6.933    13.7432  39.793737    33.2271    221.194     1.0106      8.207    94.5048 6.3117e-03 -0.4653966    24.8704  0.000e+00
      6.862      6.919    13.7592  39.808422    33.2269    221.474     1.0326      8.207    94.5823 9.6436e-03 -0.4653966    24.8669  0.000e+00
      6.542      6.596    13.7701  39.820660    33.2290    221.210     1.0252      8.206    94.4532 1.0632e-02 -0.4653966    24.8663  0.000e+00
      5.624      5.671    13.7828  39.831867    33.2288    220.573     0.9740      8.206    94.4274 1.2489e-02 -0.4653966    24.8635  0.000e+00
      4.742      4.781    13.7849  39.834118    33.2294    220.538     0.9886      8.206    94.4274 1.3526e-02 -0.4653966    24.8636  0.000e+00
      4.629      4.667    13.7889  39.838048    33.2297    220.365     1.0545      8.206    94.3757 1.6744e-02 -0.4653966    24.8629  0.000e+00
      4.797      4.837    13.7907  39.840111    33.2299    221.066     0.9813      8.206    94.4015 1.6744e-02 -0.4653966    24.8627  0.000e+00
      4.553      4.591    13.7880  39.837533    33.2300    220.920     1.0399      8.206    94.3499 2.0323e-02 -0.4653966    24.8633  0.000e+00
      3.889      3.921    13.7746  39.822905    33.2283    221.267     0.9154      8.206    94.3499 2.1690e-02 -0.4653966    24.8648  0.000e+00
      3.509      3.538    13.7643  39.813434    33.2285    221.505     1.0692      8.207    94.5048 2.1101e-02 -0.4653966    24.8670  0.000e+00
      3.564      3.593    13.7634  39.812661    33.2286    219.697     1.1351      8.207    94.4015 2.5957e-02 -0.4653966    24.8672  0.000e+00
      3.716      3.746    13.7732  39.822711    33.2294    219.656     1.0545      8.206    94.3757 2.6377e-02 -0.4653966    24.8659  0.000e+00
      3.669      3.700    13.7699  39.819103    33.2288    222.239     0.9959      8.206    94.4015 2.8080e-02 -0.4653966    24.8661  0.000e+00
      3.114      3.140    13.7810  39.831084    33.2306    221.112     0.9373      8.206    94.4532 2.5540e-02 -0.4653966    24.8652  0.000e+00
      2.484      2.505    13.7866  39.835527    33.2302    219.711     0.9520      8.206    94.4274 3.4350e-02 -0.4653966    24.8637  0.000e+00
      2.546      2.568    13.7802  39.829020    33.2296    220.699     1.0106      8.206    94.5565 3.2964e-02 -0.4653966    24.8646  0.000e+00
      2.945      2.970    13.7785  39.827862    33.2298    221.623     0.9959      8.206    94.4274 3.0706e-02 -0.4653966    24.8651  0.000e+00
      2.449      2.470    13.7844  39.834110    33.2307    221.379     0.9666      8.206    94.4015 3.6233e-02 -0.4653966    24.8646  0.000e+00
      1.498      1.511    13.7934  39.842096    33.2308    220.206     0.9227      8.206    94.4015 4.3947e-02 -0.4653966    24.8627  0.000e+00
      1.453      1.465    13.7873  39.836490    33.2309    219.880     1.0399      8.211    94.4015 3.7433e-02 -0.4653966    24.8641  0.000e+00
      1.936      1.952    13.7928  39.841968    33.2310    220.271     1.0179      8.206    94.1692 4.9844e-02 -0.4653966    24.8630  0.000e+00
      1.829      1.844    13.7886  39.837651    33.2307    221.896     0.9959      8.206    94.1175 5.0121e-02 -0.4653966    24.8637  0.000e+00
      0.915      0.923    13.7854  39.834039    33.2305    221.534     0.9520      8.206    94.1692 6.2479e-02 -0.4653966    24.8641  0.000e+00
      0.595      0.600    13.7843  39.832878    33.2305    221.077     1.0252      8.206    93.8076 8.2130e-02 -0.4653966    24.8643  0.000e+00
      1.426      1.438    13.7864  39.835265    33.2305    221.644     0.9886      8.206    93.3687 8.6232e-02 -0.4985162    24.8640  0.000e+00
      1.889      1.904    13.7899  39.839326    33.2310    221.438     0.9959      8.206    93.8851 2.6799e-02 -0.5647556    24.8637  0.000e+00
      1.118      1.127    13.7875  39.835071    33.2295    221.229     0.9886      8.206    92.1034 8.2497e-02 -0.4653966    24.8630  0.000e+00
     -0.088     -0.088    13.7858  34.686294    28.4919    229.350     1.0252      8.206    62.1760 1.3198e-01 -0.4653966    21.2062  0.000e+00
     -0.079     -0.080    13.7906  39.333398    32.7611    222.257     1.2743      8.206    10.7133 1.3047e-01 -0.4653966    24.5003  0.000e+00
     -0.109     -0.110    13.7893  39.498173    32.9152    220.210     1.3696      8.206    19.2603 2.4256e-01 -0.4653966    24.6197  0.000e+00
     -0.267     -0.269    13.7115   6.731665     4.8077    264.163     0.9520      8.207    19.6734 2.9507e-01 -0.4653966     3.0019  0.000e+00
     -0.258     -0.261    13.6773   4.533491     3.1546    261.874     0.4538      8.207    72.3240 3.3813e-01 -0.4653966     1.7325  0.000e+00
     -0.258     -0.261    13.6486   4.543052     3.1641    252.293    -0.1249      8.207    58.7159 4.3292e-01 -0.4653966     1.7439  0.000e+00
     -0.251     -0.254    13.6261   8.712470     6.3550    234.297    -0.1249      8.188    52.0023 5.9100e-01 -0.4653966     4.2058  0.000e+00
     -0.270     -0.272    13.6139  14.448651    10.9749    219.089    -0.1176      8.161    52.4929 2.7996e-01 -0.4653966     7.7604  0.000e+00
