Arg_L2_SF06_NV.cnv
* Sea-Bird SBE 9 Data File:
* FileName = S:\CTD_Data\CTD\Data\Argentina 2014\Data\Arg_L2_SF06.hex
* Software Version Seasave V 7.21g
* Temperature SN = 5769
* Conductivity SN = 4244
* Number of Bytes Per Scan = 31
* Number of Voltage Words = 4
* Number of Scans Averaged by the Deck Unit = 24
* NMEA Latitude = 45 56.70 S
* NMEA Longitude = 065 33.71 W
* NMEA UTC (Time) = Feb 07 2014 03:00:59
* NMEA baud rate = 9600
** R/V Coriolis II
** MARES project, ARGENTINA 2014
** Chief scientist : Dr. Gustavo Ferreyra
** Co-Chief scientist : Dr. José Luis Esteves
# nquan = 13
# nvalues = 413                                   
# units = specified
# name 0 = depSM: Depth [salt water, m]
# name 1 = prDM: Pressure, Digiquartz [db]
# name 2 = t090C: Temperature [ITS-90, deg C]
# name 3 = c0mS/cm: Conductivity [mS/cm]
# name 4 = sal00: Salinity, Practical [PSU]
# name 5 = sbeox0Mm/Kg: Oxygen, SBE 43 [umol/Kg]
# name 6 = flECO-AFL: Fluorescence, WET Labs ECO-AFL/FL [mg/m^3]
# name 7 = ph: pH
# name 8 = CStarTr0: Beam Transmission, WET Labs C-Star [%]
# name 9 = par: PAR/Irradiance, Biospherical/Licor
# name 10 = upoly0: Upoly 0, Nitrate
# name 11 = sigma-é00: Density [sigma-theta, Kg/m^3]
# name 12 = flag:  0.000e+00
# span 0 =     -0.403,     84.520                 
# span 1 =     -0.406,     85.237                 
# span 2 =     9.8716,    13.9856                 
# span 3 =   4.837814,  39.838940                 
# span 4 =     3.3550,    33.2350                 
# span 5 =    159.156,    254.751                 
# span 6 =    -0.1249,     1.3769                 
# span 7 =      7.902,      8.221                 
# span 8 =     8.4410,    97.5776                 
# span 9 = 1.0000e-12, 1.1352e+00                 
# span 10 = -0.6309949,  3.7739197                
# span 11 =     1.8443,    25.5877                
# span 12 = 0.0000e+00, 0.0000e+00                
# interval = seconds: 1
# start_time = Feb 07 2014 03:00:59 [NMEA time, header]
# bad_flag = -9.990e-29
*END*
      1.905      1.921    13.7754  39.828052    33.2332    222.045     1.1791      8.220    94.4790 1.0000e-12 -0.6309949    24.8683  0.000e+00
      1.555      1.567    13.7771  39.828823    33.2326    221.676     1.0472      8.220    94.5307 1.0000e-12 -0.6309949    24.8675  0.000e+00
      1.407      1.418    13.7786  39.831271    33.2336    220.607     1.1351      8.220    94.4790 1.0000e-12 -0.6309949    24.8679  0.000e+00
      1.528      1.541    13.7788  39.831529    33.2336    220.107     1.0252      8.220    94.3241 1.0000e-12 -0.6309949    24.8679  0.000e+00
      1.548      1.561    13.7791  39.831658    33.2334    223.175     0.9959      8.220    94.3757 1.0000e-12 -0.6309949    24.8677  0.000e+00
      1.987      2.004    13.7807  39.833722    33.2338    222.526     0.9886      8.220    94.4532 1.0000e-12 -0.6309949    24.8677  0.000e+00
      2.109      2.126    13.7813  39.833207    33.2327    220.766     1.0692      8.220    94.4274 1.0000e-12 -0.6309949    24.8667  0.000e+00
      1.752      1.767    13.7775  39.830628    33.2337    220.672     1.0252      8.220    94.4015 1.0000e-12 -0.6309949    24.8683  0.000e+00
      1.609      1.622    13.7829  39.835331    33.2336    222.606     1.1132      8.220    94.4532 1.0000e-12 -0.5978752    24.8671  0.000e+00
      1.493      1.506    13.7827  39.835073    33.2335    220.894     1.1425      8.220    94.4274 1.0000e-12 -0.5978752    24.8670  0.000e+00
      1.568      1.581    13.7832  39.835460    33.2335    221.999     1.1058      8.220    94.2983 1.0000e-12 -0.5978752    24.8669  0.000e+00
      1.877      1.892    13.7822  39.834752    33.2335    222.516     1.0692      8.220    94.1175 1.0000e-12 -0.6309949    24.8671  0.000e+00
      1.963      1.979    13.7849  39.837136    33.2334    220.947     1.0765      8.220    94.4790 1.0000e-12 -0.5978752    24.8665  0.000e+00
      1.857      1.873    13.7851  39.837007    33.2331    222.402     1.1351      8.220    94.6081 1.0000e-12 -0.6309949    24.8662  0.000e+00
      1.336      1.347    13.7825  39.834492    33.2332    220.840     0.9813      8.220    94.6856 1.0000e-12 -0.6309949    24.8668  0.000e+00
      1.168      1.178    13.7820  39.834427    33.2337    220.233     1.0545      8.220    94.4532 1.0000e-12 -0.5978752    24.8673  0.000e+00
      1.915      1.931    13.7871  39.838940    33.2331    222.646     0.9300      8.220    94.1950 1.0000e-12 -0.6309949    24.8659  0.000e+00
      2.827      2.850    13.7834  39.836302    33.2335    221.632     0.9593      8.220    94.2208 1.0000e-12 -0.6309949    24.8669  0.000e+00
      3.059      3.085    13.7838  39.836819    33.2335    221.535     1.0399      8.220    94.3757 1.0000e-12 -0.6309949    24.8669  0.000e+00
      2.983      3.008    13.7834  39.836303    33.2334    222.491     1.0839      8.220    94.2983 1.0000e-12 -0.6309949    24.8669  0.000e+00
      3.141      3.167    13.7829  39.835917    33.2335    221.039     1.1937      8.220    94.5048 1.0000e-12 -0.6309949    24.8670  0.000e+00
      3.726      3.757    13.7820  39.835726    33.2339    220.505     1.1718      8.220    94.4532 1.0000e-12 -0.5978752    24.8675  0.000e+00
      4.600      4.638    13.7806  39.834763    33.2338    222.197     1.0179      8.220    94.5048 1.0000e-12 -0.5316359    24.8678  0.000e+00
      5.448      5.493    13.7764  39.831351    33.2339    221.737     0.9300      8.220    94.6339 1.0000e-12 -0.5316359    24.8688  0.000e+00
      5.903      5.952    13.7782  39.832770    33.2335    221.842     0.9886      8.220    94.6598 1.0000e-12 -0.4985162    24.8681  0.000e+00
      6.030      6.080    13.7777  39.831998    33.2332    221.547     1.0619      8.220    94.6081 1.0000e-12 -0.5647556    24.8679  0.000e+00
      6.394      6.447    13.7771  39.832064    33.2336    221.861     0.9373      8.220    94.6856 1.0000e-12 -0.6309949    24.8684  0.000e+00
      7.077      7.136    13.7768  39.832195    33.2337    222.637     0.9227      8.220    94.8147 1.0000e-12 -0.5316359    24.8686  0.000e+00
      7.975      8.042    13.7768  39.832650    33.2337    222.964     0.8934      8.220    94.8147 1.0000e-12 -0.4653966    24.8686  0.000e+00
      8.896      8.970    13.7795  39.835359    33.2336    223.129     0.8787      8.220    94.9180 1.0000e-12 -0.4653966    24.8680  0.000e+00
      9.490      9.568    13.7805  39.836457    33.2334    224.502     0.9080      8.220    94.8405 1.0000e-12 -0.4653966    24.8677  0.000e+00
      9.746      9.827    13.7804  39.836587    33.2335    221.485     1.0839      8.220    94.9438 1.0000e-12 -0.4985162    24.8678  0.000e+00
     10.022     10.105    13.7801  39.836330    33.2335    221.896     1.0912      8.220    94.9438 1.0000e-12 -0.4653966    24.8678  0.000e+00
     10.564     10.651    13.7801  39.836461    33.2334    222.821     1.0252      8.220    94.7889 1.0000e-12 -0.4985162    24.8678  0.000e+00
     11.332     11.426    13.7802  39.837109    33.2336    222.034     0.9593      8.220    94.7889 1.0000e-12 -0.4985162    24.8679  0.000e+00
     12.091     12.191    13.7806  39.837627    33.2334    221.752     0.9373      8.220    94.9696 1.0000e-12 -0.4985162    24.8677  0.000e+00
     12.749     12.855    13.7801  39.837501    33.2335    223.185     1.0033      8.220    94.8922 1.0000e-12 -0.4985162    24.8679  0.000e+00
     13.438     13.550    13.7802  39.838019    33.2336    222.195     1.0545      8.220    94.8922 1.0000e-12 -0.4985162    24.8680  0.000e+00
     14.063     14.180    13.7772  39.835444    33.2336    223.537     0.9740      8.220    94.9954 1.0000e-12 -0.4985162    24.8686  0.000e+00
     14.366     14.486    13.7733  39.832224    33.2338    224.373     1.0399      8.220    95.0471 1.0000e-12 -0.4985162    24.8696  0.000e+00
     14.605     14.726    13.7676  39.826877    33.2337    221.425     0.9959      8.220    94.8663 1.0000e-12 -0.5978752    24.8706  0.000e+00
     15.241     15.367    13.7690  39.828426    33.2336    221.083     0.9813      8.220    95.0729 1.0000e-12 -0.6309949    24.8704  0.000e+00
     16.266     16.401    13.7620  39.822116    33.2335    221.802     0.8641      8.220    95.1246 1.0000e-12 -0.6309949    24.8717  0.000e+00
     17.184     17.327    13.7607  39.821282    33.2334    222.037     0.8494      8.220    95.1504 1.0000e-12 -0.5647556    24.8719  0.000e+00
     17.478     17.623    13.7596  39.820382    33.2334    223.314     0.9227      8.220    95.1246 1.0000e-12 -0.5316359    24.8722  0.000e+00
     17.524     17.670    13.7627  39.823152    33.2333    223.301     1.0252      8.220    94.9954 1.0000e-12 -0.4985162    24.8715  0.000e+00
     17.945     18.094    13.7660  39.826761    33.2336    222.336     1.0033      8.220    94.9696 1.0000e-12 -0.5647556    24.8710  0.000e+00
     18.788     18.945    13.7629  39.823930    33.2333    221.667     0.9007      8.220    95.0987 1.0000e-12 -0.5316359    24.8715  0.000e+00
     19.732     19.896    13.7625  39.823611    33.2330    223.314     0.8641      8.220    95.0987 1.0000e-12 -0.4985162    24.8713  0.000e+00
     20.308     20.477    13.7609  39.822647    33.2332    221.618     0.8714      8.220    95.0471 1.0000e-12 -0.4985162    24.8718  0.000e+00
     20.572     20.743    13.7651  39.826514    33.2330    222.566     0.9593      8.220    95.0987 1.0000e-12 -0.4985162    24.8708  0.000e+00
     20.782     20.955    13.7600  39.821747    33.2330    223.104     1.0692      8.220    95.0471 1.0000e-12 -0.4653966    24.8719  0.000e+00
     21.272     21.449    13.7595  39.821749    33.2332    221.397     1.0326      8.220    95.0987 1.0000e-12 -0.5978752    24.8722  0.000e+00
     22.155     22.340    13.7527  39.815117    33.2326    222.214     0.8714      8.221    95.0729 1.0000e-12 -0.5647556    24.8730  0.000e+00
     23.245     23.439    13.7180  39.781823    33.2312    221.747     0.7835      8.216    95.3053 1.0000e-12 -0.4985162    24.8791  0.000e+00
     23.800     23.998    13.6549  39.724401    33.2323    220.776     0.7469      8.216    95.3828 1.0000e-12 -0.4653966    24.8929  0.000e+00
     23.380     23.575    13.7153  39.783370    33.2350    220.745     0.8201      8.216    95.3569 1.0000e-12 -0.4985162    24.8826  0.000e+00
     23.339     23.534    13.7530  39.815122    33.2319    221.897     0.9300      8.216    95.0987 1.0000e-12 -0.4985162    24.8725  0.000e+00
     24.116     24.317    13.7230  39.787043    33.2314    221.551     0.9080      8.216    95.2795 1.0000e-12 -0.5978752    24.8783  0.000e+00
     25.190     25.400    13.6311  39.696993    33.2268    221.598     0.7469      8.216    95.2795 1.0000e-12 -0.5647556    24.8935  0.000e+00
     26.111     26.328    13.5051  39.574182    33.2212    221.545     0.5564      8.212    95.5635 1.0000e-12 -0.4653966    24.9148  0.000e+00
     26.207     26.425    13.4837  39.554585    33.2215    220.568     0.4465      8.212    96.2091 1.0000e-12 -0.5647556    24.9193  0.000e+00
     26.523     26.744    13.4634  39.528697    33.2147    221.300     0.5491      8.212    95.8217 1.0000e-12 -0.5316359    24.9182  0.000e+00
     27.137     27.363    13.2522  39.323377    33.2058    221.475     0.4099      8.209    96.1574 1.0000e-12 -0.4653966    24.9538  0.000e+00
     27.826     28.058    13.1703  39.247519    33.2056    220.775     0.2707      8.204    96.7255 1.0000e-12 -0.5316359    24.9700  0.000e+00
     28.497     28.735    13.1317  39.203019    33.1972    220.369     0.2487      8.200    97.1128 1.0000e-12 -0.4985162    24.9712  0.000e+00
     29.205     29.448    12.8445  38.929478    33.1895    221.245     0.2340      8.192    97.3969 1.0000e-12 -0.4653966    25.0219  0.000e+00
     30.020     30.270    12.7057  38.799214    33.1873    220.169     0.1901      8.183    97.4227 1.0000e-12 -0.4653966    25.0473  0.000e+00
     30.606     30.861    12.5944  38.692301    33.1830    219.106     0.1754      8.179    97.5518 1.0000e-12 -0.4985162    25.0656  0.000e+00
     30.774     31.031    12.5486  38.651427    33.1843    217.475     0.2047      8.174    97.5260 1.0000e-12 -0.4985162    25.0754  0.000e+00
     30.970     31.229    12.5439  38.643217    33.1805    216.575     0.2340      8.174    97.4743 1.0000e-12 -0.4985162    25.0734  0.000e+00
     31.619     31.883    12.2593  38.366366    33.1661    218.000     0.2047      8.166    97.5518 1.0000e-12 -0.4985162    25.1168  0.000e+00
     32.613     32.886    11.7093  37.834240    33.1390    218.849     0.1535      8.150    97.5776 1.0000e-12 -0.4653966    25.1988  0.000e+00
     33.502     33.782    11.1105  37.319716    33.1706    217.964     0.1461      8.115    97.5002 1.0000e-12 -0.4985162    25.3322  0.000e+00
     33.840     34.123    11.0330  37.222224    33.1438    212.212     0.0582      8.105    97.1645 1.0000e-12 -0.4653966    25.3251  0.000e+00
     34.118     34.403    10.8708  37.075240    33.1443    207.706     0.1022      8.097    96.9579 1.0000e-12 -0.4653966    25.3542  0.000e+00
     34.725     35.015    10.8041  37.009781    33.1392    205.595     0.0362      8.078    96.9321 1.0000e-12 -0.4985162    25.3620  0.000e+00
     35.639     35.937    10.7339  36.946558    33.1394    204.319     0.0289      8.069    96.6997 1.0000e-12 -0.4653966    25.3745  0.000e+00
     36.633     36.939    10.7135  36.926183    33.1371    203.581     0.0069      8.069    96.3382 1.0000e-12 -0.4653966    25.3762  0.000e+00
     37.167     37.478    10.6680  36.885504    33.1375    203.673    -0.0004      8.065    96.1574 1.0000e-12 -0.4653966    25.3845  0.000e+00
     37.359     37.672    10.6635  36.879694    33.1357    204.077     0.0289      8.065    96.1832 1.0000e-12 -0.4985162    25.3839  0.000e+00
     37.766     38.082    10.6541  36.869950    33.1343    204.579     0.0289      8.065    96.1574 1.0000e-12  0.2301162    25.3845  0.000e+00
     38.463     38.785    10.6445  36.860521    33.1333    204.749     0.0143      8.060    95.9250 1.0000e-12  0.7931504    25.3854  0.000e+00
     39.286     39.615    10.6296  36.846409    33.1324    204.856    -0.0077      8.055    95.8217 1.0000e-12  1.1243470    25.3873  0.000e+00
     40.161     40.497    10.5979  36.817502    33.1318    204.787    -0.0224      8.055    95.5893 1.0000e-12  1.1905863    25.3923  0.000e+00
     41.104     41.448    10.5799  36.801337    33.1316    204.405    -0.0224      8.056    95.4344 1.0000e-12  0.5613128    25.3953  0.000e+00
     41.847     42.197    10.5696  36.791728    33.1310    204.399    -0.0150      8.051    95.3311 1.0000e-12  1.3893043    25.3966  0.000e+00
     42.313     42.668    10.5672  36.788983    33.1301    204.352    -0.0224      8.051    95.2795 1.0000e-12  1.9192188    25.3964  0.000e+00
     42.794     43.153    10.5647  36.786114    33.1294    204.052    -0.0150      8.051    95.2278 1.0000e-12  2.2835350    25.3963  0.000e+00
     43.434     43.797    10.5618  36.783245    33.1288    204.174    -0.0150      8.051    95.1246 1.0000e-12  1.3561846    25.3963  0.000e+00
     44.139     44.509    10.5578  36.779441    33.1283    204.303    -0.0224      8.046    94.9954 1.0000e-12  0.2632359    25.3966  0.000e+00
     44.933     45.310    10.5536  36.775200    33.1275    204.598    -0.0224      8.046    94.9438 1.0000e-12  0.5944325    25.3968  0.000e+00
     45.909     46.294    10.5419  36.764471    33.1271    204.515    -0.0224      8.046    94.6856 1.0000e-12  1.4555436    25.3984  0.000e+00
     46.911     47.304    10.5318  36.755802    33.1270    203.751    -0.0224      8.042    94.6339 1.0000e-12 -0.4322769    25.4002  0.000e+00
     47.283     47.679    10.5275  36.751748    33.1268    203.618    -0.0224      8.042    94.3499 1.0000e-12 -0.4322769    25.4007  0.000e+00
     47.073     47.468    10.5288  36.752434    33.1263    204.117    -0.0224      8.042    94.0917 1.0000e-12  0.3625949    25.4001  0.000e+00
     47.214     47.610    10.5287  36.751935    33.1259    203.542    -0.0150      8.042    94.3241 1.0000e-12  0.7600308    25.3998  0.000e+00
     48.034     48.437    10.5227  36.746573    33.1256    203.590    -0.0077      8.042    94.2208 1.0000e-12  0.2963556    25.4007  0.000e+00
     49.203     49.616    10.5090  36.735037    33.1260    204.192    -0.0370      8.042    93.9626 1.0000e-12  0.6937915    25.4033  0.000e+00
     50.409     50.832    10.4859  36.716019    33.1274    203.907    -0.0370      8.037    93.7302 1.0000e-12  0.0313983    25.4085  0.000e+00
     51.085     51.514    10.4612  36.697128    33.1305    203.192    -0.0370      8.037    93.2396 1.0000e-12 -0.3660376    25.4151  0.000e+00
     50.666     51.092    10.4889  36.720573    33.1291    202.060    -0.0297      8.032    92.9297 1.0000e-12 -0.1010803    25.4093  0.000e+00
     50.606     51.030    10.4870  36.715646    33.1259    200.489    -0.0150      8.032    93.3945 1.0000e-12  0.7600308    25.4071  0.000e+00
     51.288     51.719    10.4597  36.694510    33.1292    200.550    -0.0297      8.032    93.2654 1.0000e-12  1.2237060    25.4143  0.000e+00
     52.376     52.816    10.4257  36.668644    33.1337    201.586    -0.0370      8.023    92.7748 1.0000e-12  1.5880222    25.4237  0.000e+00
     53.546     53.996    10.4043  36.652257    33.1362    200.538    -0.0444      8.019    91.2771 1.0000e-12  1.3230650    25.4294  0.000e+00
     54.438     54.895    10.3884  36.639860    33.1378    197.094    -0.0444      8.014    89.2888 1.0000e-12  2.1179368    25.4334  0.000e+00
     54.576     55.035    10.3838  36.636308    33.1384    193.934    -0.0297      8.009    87.8428 1.0000e-12  1.8529795    25.4346  0.000e+00
     54.875     55.337    10.3828  36.635126    33.1380    192.476    -0.0224      8.009    88.1269 1.0000e-12  1.6542615    25.4345  0.000e+00
     55.565     56.032    10.3789  36.632075    33.1381    192.139    -0.0224      8.009    87.3522 1.0000e-12  1.5880222    25.4353  0.000e+00
     56.446     56.920    10.3754  36.629586    33.1385    191.969    -0.0370      8.005    85.5963 1.0000e-12  1.2568256    25.4362  0.000e+00
