Arg_L2_SF03_NV.cnv
* Sea-Bird SBE 9 Data File:
* FileName = S:\CTD_Data\CTD\Data\Argentina 2014\Data\Arg_L2_SF03.hex
* Software Version Seasave V 7.21g
* Temperature SN = 5769
* Conductivity SN = 4244
* Number of Bytes Per Scan = 31
* Number of Voltage Words = 4
* Number of Scans Averaged by the Deck Unit = 24
* NMEA Latitude = 45 56.69 S
* NMEA Longitude = 065 33.77 W
* NMEA UTC (Time) = Feb 07 2014 21:08:30
* NMEA baud rate = 9600
** R/V Coriolis II
** MARES project, ARGENTINA 2014
** Chief scientist : Dr. Gustavo Ferreyra
** Co-Chief scientist : Dr. José Luis Esteves
# nquan = 13
# nvalues = 641                                   
# units = specified
# name 0 = depSM: Depth [salt water, m]
# name 1 = prDM: Pressure, Digiquartz [db]
# name 2 = t090C: Temperature [ITS-90, deg C]
# name 3 = c0mS/cm: Conductivity [mS/cm]
# name 4 = sal00: Salinity, Practical [PSU]
# name 5 = sbeox0Mm/Kg: Oxygen, SBE 43 [umol/Kg]
# name 6 = flECO-AFL: Fluorescence, WET Labs ECO-AFL/FL [mg/m^3]
# name 7 = ph: pH
# name 8 = CStarTr0: Beam Transmission, WET Labs C-Star [%]
# name 9 = par: PAR/Irradiance, Biospherical/Licor
# name 10 = upoly0: Upoly 0, Nitrate
# name 11 = sigma-é00: Density [sigma-theta, Kg/m^3]
# name 12 = flag:  0.000e+00
# span 0 =     -0.415,     80.841                 
# span 1 =     -0.418,     81.525                 
# span 2 =     9.4636,    14.0688                 
# span 3 =   3.735515,  39.751513                 
# span 4 =     2.5633,    33.2971                 
# span 5 =    140.075,    273.972                 
# span 6 =    -0.0810,     1.2011                 
# span 7 =      7.828,      8.235                 
# span 8 =    44.1008,    97.2936                 
# span 9 = 1.0000e-12, 2.5282e+02                 
# span 10 = -0.7634735,  14.736526                
# span 11 =     1.2671,    25.7101                
# span 12 = 0.0000e+00, 0.0000e+00                
# interval = seconds: 1
# start_time = Feb 07 2014 21:08:30 [NMEA time, header]
# bad_flag = -9.990e-29
*END*
[from data line 556]
      5.885      5.934    13.7136  39.743572    33.2064    226.229     1.0033      8.230    94.5048 6.6653e+01 -0.4985162    24.8604  0.000e+00
      5.520      5.566    13.7132  39.742992    33.2064    225.664     0.9593      8.230    94.4790 6.9526e+01 -0.5978752    24.8604  0.000e+00
      5.113      5.155    13.7151  39.744535    33.2063    225.794     0.9447      8.230    94.4532 6.9526e+01 -0.5978752    24.8600  0.000e+00
      4.727      4.766    13.7156  39.744855    33.2064    225.984     0.9593      8.230    94.2466 7.8909e+01 -0.5647556    24.8600  0.000e+00
      4.375      4.411    13.7165  39.745433    33.2063    225.060     0.9740      8.230    94.4532 8.1389e+01 -0.6309949    24.8597  0.000e+00
      4.149      4.183    13.7176  39.746269    33.2062    225.402     0.9520      8.230    94.2983 8.9307e+01 -0.6641145    24.8594  0.000e+00
      4.186      4.220    13.7188  39.747493    33.2063    226.509     0.9300      8.230    94.5048 8.1619e+01 -0.4985162    24.8592  0.000e+00
      3.840      3.872    13.7184  39.746976    33.2063    227.359     0.9227      8.230    94.5048 8.5617e+01 -0.5978752    24.8592  0.000e+00
      2.925      2.949    13.7171  39.745492    33.2064    225.520     0.9447      8.230    94.4532 9.9662e+01 -0.6641145    24.8596  0.000e+00
      2.161      2.179    13.7167  39.744845    33.2065    225.247     0.9447      8.230    94.5048 1.1999e+02 -0.5316359    24.8597  0.000e+00
      2.034      2.051    13.7169  39.744909    33.2065    226.052     0.9227      8.230    94.4274 1.1999e+02 -0.6972342    24.8596  0.000e+00
      2.095      2.112    13.7177  39.745618    33.2064    225.847     0.9227      8.230    94.5048 1.2909e+02 -0.5647556    24.8594  0.000e+00
      1.999      2.016    13.7182  39.746132    33.2065    226.548     0.9373      8.230    94.4790 1.3656e+02 -0.6309949    24.8594  0.000e+00
      1.557      1.570    13.7178  39.745551    33.2064    227.244     0.9666      8.230    94.5048 1.5111e+02 -0.6309949    24.8594  0.000e+00
      1.367      1.378    13.7169  39.744520    33.2064    225.779     0.9666      8.230    94.4532 1.3428e+02 -0.5978752    24.8595  0.000e+00
      1.013      1.021    13.7164  39.744068    33.2065    226.426     0.9666      8.230    94.5307 1.5027e+02 -0.4985162    24.8597  0.000e+00
      0.581      0.586    13.7161  39.743616    33.2065    225.962     0.9666      8.230    94.4790 1.5763e+02 -0.4985162    24.8598  0.000e+00
      1.151      1.161    13.7167  39.744455    33.2066    226.075     0.9154      8.230    94.4790 1.5111e+02 -0.4985162    24.8597  0.000e+00
      1.754      1.769    13.7169  39.744973    33.2065    226.345     0.9373      8.230    94.4790 1.0164e+02 -0.4985162    24.8597  0.000e+00
      1.639      1.652    13.7173  39.745165    33.2064    226.642     0.9227      8.230    94.4532 1.2101e+02 -0.4985162    24.8595  0.000e+00
      1.116      1.125    13.7170  39.744777    33.2065    226.477     0.9373      8.230    93.6011 1.5154e+02 -0.5647556    24.8596  0.000e+00
      0.884      0.891    13.7174  39.745034    33.2065    225.358     0.9593      8.235    85.6738 1.5240e+02 -0.4985162    24.8596  0.000e+00
      0.892      0.900    13.7170  39.744454    33.2063    227.328     0.9959      8.235    73.0470 1.5807e+02 -0.4985162    24.8595  0.000e+00
      1.164      1.174    13.7156  39.743490    33.2066    226.687     0.9520      8.230    86.3968 1.4569e+02 -0.4985162    24.8600  0.000e+00
      1.870      1.885    13.7162  39.744458    33.2067    226.400     0.9666      8.235    91.5870 1.4046e+02 -0.5978752    24.8599  0.000e+00
      2.384      2.404    13.7168  39.745104    33.2066    225.959     0.9740      8.235    93.8593 9.8270e+01 -0.6309949    24.8598  0.000e+00
      2.057      2.074    13.7169  39.745038    33.2066    226.251     0.9740      8.235    94.2724 1.0366e+02 -0.5978752    24.8597  0.000e+00
      1.063      1.072    13.7169  39.744584    33.2065    226.829     0.9813      8.235    93.0072 1.4205e+02 -0.5647556    24.8597  0.000e+00
      0.943      0.951    13.7168  39.744390    33.2065    225.716     0.9373      8.235    90.2184 1.5154e+02 -0.4985162    24.8596  0.000e+00
      1.681      1.695    13.7168  39.744908    33.2066    225.736     0.9447      8.235    91.1222 7.9355e+01 -0.4985162    24.8598  0.000e+00
      2.053      2.070    13.7165  39.744716    33.2066    226.506     0.8934      8.235    93.0846 9.7444e+01 -0.4985162    24.8598  0.000e+00
      1.788      1.803    13.7167  39.744844    33.2066    226.498     0.9154      8.235    93.7560 1.1568e+02 -0.5647556    24.8598  0.000e+00
      1.625      1.638    13.7168  39.744779    33.2065    226.290     0.9740      8.235    93.7044 1.1932e+02 -0.4985162    24.8597  0.000e+00
      1.796      1.811    13.7168  39.744780    33.2065    226.649     0.9154      8.235    93.5236 1.1028e+02 -0.4985162    24.8597  0.000e+00
      1.581      1.594    13.7167  39.744779    33.2066    226.643     0.9666      8.235    93.9109 1.2551e+02 -0.5647556    24.8598  0.000e+00
      1.272      1.283    13.7171  39.744778    33.2064    226.077     0.9740      8.235    93.7044 1.4610e+02 -0.5978752    24.8596  0.000e+00
      1.682      1.696    13.7165  39.744715    33.2067    226.091     0.9520      8.235    93.7818 7.5649e+01 -0.4985162    24.8599  0.000e+00
      2.319      2.338    13.7166  39.744910    33.2066    227.018     0.9813      8.235    93.9626 7.6720e+01 -0.5647556    24.8598  0.000e+00
      2.103      2.121    13.7165  39.744845    33.2067    227.012     1.0106      8.235    94.2724 9.3418e+01 -0.5647556    24.8599  0.000e+00
      1.353      1.364    13.7169  39.744327    33.2061    226.231     0.9813      8.235    93.4203 1.2481e+02 -0.6309949    24.8593  0.000e+00
      1.085      1.094    13.7169  39.744584    33.2065    225.517     0.9593      8.235    92.3358 1.3967e+02 -0.6309949    24.8597  0.000e+00
      1.323      1.334    13.7170  39.744907    33.2066    226.431     0.9520      8.235    93.0330 1.3928e+02 -0.6309949    24.8597  0.000e+00
      1.709      1.723    13.7170  39.745230    33.2067    226.493     0.9154      8.235    93.6011 1.2411e+02 -0.5316359    24.8598  0.000e+00
      1.937      1.953    13.7174  39.745553    33.2066    226.800     0.9373      8.235    94.1950 1.1536e+02 -0.5647556    24.8596  0.000e+00
      2.005      2.022    13.7172  39.745489    33.2067    226.299     1.1937      8.235    94.2466 1.0844e+02 -0.6972342    24.8597  0.000e+00
      1.799      1.814    13.7168  39.744973    33.2067    225.891     1.0106      8.235    94.3241 1.1666e+02 -0.6309949    24.8598  0.000e+00
      1.515      1.527    13.7167  39.744650    33.2066    226.641     0.9740      8.235    94.4015 1.2658e+02 -0.4985162    24.8598  0.000e+00
      1.743      1.757    13.7167  39.744715    33.2066    225.941     0.9593      8.235    94.3757 1.2135e+02 -0.5978752    24.8597  0.000e+00
      1.742      1.756    13.7168  39.744908    33.2066    226.444     0.9447      8.235    94.3241 1.2238e+02 -0.5316359    24.8598  0.000e+00
      1.471      1.483    13.7159  39.744006    33.2066    225.785     0.9447      8.235    94.4274 1.4817e+02 -0.4985162    24.8599  0.000e+00
      1.764      1.779    13.7162  39.744393    33.2067    226.095     0.9593      8.235    94.5307 1.1028e+02 -0.5316359    24.8599  0.000e+00
      1.905      1.921    13.7163  39.744587    33.2067    226.705     0.9593      8.235    94.4532 1.0136e+02 -0.4985162    24.8599  0.000e+00
      1.389      1.401    13.7165  39.744521    33.2066    225.931     0.9520      8.235    94.4532 1.1503e+02 -0.5647556    24.8598  0.000e+00
      1.262      1.273    13.7165  39.744391    33.2066    226.281     0.9593      8.235    94.3241 1.3928e+02 -0.4985162    24.8598  0.000e+00
      1.536      1.548    13.7162  39.744392    33.2068    226.845     0.8861      8.235    94.3499 1.3850e+02 -0.4985162    24.8600  0.000e+00
      1.934      1.950    13.7165  39.744651    33.2066    226.654     0.9520      8.235    94.4532 1.1471e+02 -0.5647556    24.8598  0.000e+00
      1.915      1.931    13.7163  39.744651    33.2068    227.158     0.9373      8.235    94.4532 1.0997e+02 -0.5316359    24.8600  0.000e+00
      1.815      1.830    13.7164  39.744587    33.2066    227.155     0.9520      8.235    94.4790 1.1798e+02 -0.5647556    24.8598  0.000e+00
      1.774      1.789    13.7162  39.744329    33.2066    225.690     0.9666      8.235    94.4274 1.1865e+02 -0.4985162    24.8599  0.000e+00
      1.581      1.594    13.7153  39.743491    33.2066    225.689     0.9740      8.235    94.4274 1.2376e+02 -0.4985162    24.8601  0.000e+00
      1.611      1.624    13.7152  39.743427    33.2066    227.003     0.9520      8.235    94.4790 1.2516e+02 -0.5316359    24.8601  0.000e+00
      1.757      1.772    13.7151  39.743363    33.2066    227.714     0.9520      8.235    94.4790 1.1932e+02 -0.5316359    24.8601  0.000e+00
      1.505      1.517    13.7161  39.744135    33.2066    226.592     0.9740      8.235    94.5823 1.1999e+02 -0.5316359    24.8599  0.000e+00
      0.840      0.847    13.7159  39.743682    33.2066    226.875     0.9886      8.235    94.4015 1.3850e+02 -0.5647556    24.8599  0.000e+00
      0.943      0.951    13.7160  39.743746    33.2066    226.576     0.9666      8.235    94.1950 1.4942e+02 -0.5647556    24.8599  0.000e+00
      1.295      1.306    13.7137  39.741752    33.2065    226.546     0.9593      8.235    94.2724 1.0425e+02 -0.6309949    24.8603  0.000e+00
      0.487      0.491    13.7155  39.743165    33.2066    226.212     1.0033      8.235    94.1950 1.4651e+02 -0.5316359    24.8600  0.000e+00
     -0.415     -0.418    13.7109  10.315500     7.6055    270.521     0.9373      8.230    63.3122 1.8194e+02 -0.4985162     5.1551  0.000e+00
     -0.397     -0.400    13.7184   5.611558     3.9565    273.598     0.4172      8.235    44.1008 1.9519e+02 -0.4985162     2.3451  0.000e+00
     -0.401     -0.404    13.7305   4.758096     3.3168    264.505     0.1754      8.230    61.4530 1.9907e+02 -0.4985162     1.8501  0.000e+00
     -0.401     -0.404    13.7276   4.136547     2.8578    253.044    -0.0810      8.230    56.5211 2.0417e+02 -0.4985162     1.4963  0.000e+00
     -0.397     -0.400    13.7410   3.735515     2.5633    243.528     0.0143      8.225    49.3684 2.0417e+02 -0.4985162     1.2671  0.000e+00
     -0.390     -0.393    13.7549   4.904809     3.4238    237.870     0.1461      8.211    50.5821 2.0245e+02 -0.4985162     1.9291  0.000e+00
     -0.401     -0.404    13.7655   5.894050     4.1647    237.285     0.1608      8.179    55.2816 2.0881e+02 -0.2997983     2.4986  0.000e+00
     -0.395     -0.399    13.7826   5.712221     4.0257    240.272     0.1681      8.155    59.4389 2.0590e+02  3.4758427     2.3891  0.000e+00
     -0.374     -0.377    13.8056   8.775812     6.3750    240.021     0.1974      8.141    59.9554 1.9907e+02  2.1510564     4.1943  0.000e+00
     -0.370     -0.373    13.8125   6.968419     4.9761    246.913     0.2121      8.127    58.5093 1.8924e+02  0.8262701     3.1167  0.000e+00
     -0.377     -0.380    13.8342  14.246269    10.7468    246.592     0.2194      8.123    56.9342 1.7344e+02 -0.4985162     7.5500  0.000e+00
     -0.388     -0.391    13.8754  17.100591    13.0890    252.113     0.2194      8.122    53.5257 1.4859e+02 -0.4985162     9.3422  0.000e+00
     -0.387     -0.390    13.9176  13.555187    10.1613    260.097     0.2267      8.127    52.8802 1.2033e+02  2.2835350     7.0869  0.000e+00
     -0.387     -0.390    13.9478   3.960421     2.7131    273.972     0.1681      8.117    53.4999 1.0874e+02  8.0794752     1.3531  0.000e+00
     -0.387     -0.390    13.9943   4.774885     3.3068    271.094     0.1754      8.113    53.5516 1.0844e+02  14.736526     1.8041  0.000e+00
     -0.384     -0.387    14.0469  20.380522    15.7756    247.107     0.1681      8.108    53.5516 1.0783e+02  14.736526    11.3761  0.000e+00
     -0.381     -0.384    14.0688  21.434279    16.6588    245.655     0.1754      8.103    53.3708 1.0722e+02  14.736526    12.0505  0.000e+00
     -0.384     -0.387    14.0150  37.144639    30.5594    223.510     0.1535      8.099    52.4929 1.0783e+02  14.736526    22.7551  0.000e+00
