Arg_L2_SF06_NV.cnv
* Sea-Bird SBE 9 Data File:
* FileName = S:\CTD_Data\CTD\Data\Argentina 2014\Data\Arg_L2_SF06.hex
* Software Version Seasave V 7.21g
* Temperature SN = 5769
* Conductivity SN = 4244
* Number of Bytes Per Scan = 31
* Number of Voltage Words = 4
* Number of Scans Averaged by the Deck Unit = 24
* NMEA Latitude = 45 56.70 S
* NMEA Longitude = 065 33.71 W
* NMEA UTC (Time) = Feb 07 2014 03:00:59
* NMEA baud rate = 9600
** R/V Coriolis II
** MARES project, ARGENTINA 2014
** Chief scientist : Dr. Gustavo Ferreyra
** Co-Chief scientist : Dr. José Luis Esteves
# nquan = 13
# nvalues = 413                                   
# units = specified
# name 0 = depSM: Depth [salt water, m]
# name 1 = prDM: Pressure, Digiquartz [db]
# name 2 = t090C: Temperature [ITS-90, deg C]
# name 3 = c0mS/cm: Conductivity [mS/cm]
# name 4 = sal00: Salinity, Practical [PSU]
# name 5 = sbeox0Mm/Kg: Oxygen, SBE 43 [umol/Kg]
# name 6 = flECO-AFL: Fluorescence, WET Labs ECO-AFL/FL [mg/m^3]
# name 7 = ph: pH
# name 8 = CStarTr0: Beam Transmission, WET Labs C-Star [%]
# name 9 = par: PAR/Irradiance, Biospherical/Licor
# name 10 = upoly0: Upoly 0, Nitrate
# name 11 = sigma-é00: Density [sigma-theta, Kg/m^3]
# name 12 = flag:  0.000e+00
# span 0 =     -0.403,     84.520                 
# span 1 =     -0.406,     85.237                 
# span 2 =     9.8716,    13.9856                 
# span 3 =   4.837814,  39.838940                 
# span 4 =     3.3550,    33.2350                 
# span 5 =    159.156,    254.751                 
# span 6 =    -0.1249,     1.3769                 
# span 7 =      7.902,      8.221                 
# span 8 =     8.4410,    97.5776                 
# span 9 = 1.0000e-12, 1.1352e+00                 
# span 10 = -0.6309949,  3.7739197                
# span 11 =     1.8443,    25.5877                
# span 12 = 0.0000e+00, 0.0000e+00                
# interval = seconds: 1
# start_time = Feb 07 2014 03:00:59 [NMEA time, header]
# bad_flag = -9.990e-29
*END*
[from data line 223]
     71.406     72.010    10.1975  36.500079    33.1636    173.472    -0.0077      7.944    62.9249 1.0000e-12  1.6211419    25.4864  0.000e+00
     71.340     71.942    10.2040  36.504683    33.1623    174.531     0.0143      7.949    63.1572 1.0000e-12  1.6542615    25.4842  0.000e+00
     71.126     71.726    10.2087  36.508353    33.1619    175.428     0.0289      7.949    63.7770 1.0000e-12  2.3497744    25.4831  0.000e+00
     70.058     70.649    10.2273  36.521976    33.1590    175.727    -0.0004      7.953    65.6620 1.0000e-12  1.8860991    25.4777  0.000e+00
     68.522     69.101    10.2548  36.541326    33.1542    175.818    -0.0224      7.958    64.7066 1.0000e-12  1.3561846    25.4692  0.000e+00
     67.466     68.035    10.2815  36.559997    33.1491    176.775    -0.0224      7.963    66.2559 1.0000e-12  1.2899453    25.4607  0.000e+00
     67.344     67.912    10.2947  36.569211    33.1464    178.489    -0.0224      7.962    66.4366 1.0000e-12  0.4619538    25.4563  0.000e+00
     67.768     68.340    10.2923  36.567967    33.1471    180.177    -0.0297      7.962    66.6174 1.0000e-12  0.7269111    25.4573  0.000e+00
     67.535     68.105    10.2931  36.568776    33.1473    181.576    -0.0297      7.967    68.1667 1.0000e-12  0.9918684    25.4573  0.000e+00
     66.200     66.758    10.3022  36.574562    33.1454    182.231    -0.0224      7.967    70.7488 1.0000e-12  0.7931504    25.4543  0.000e+00
     64.720     65.266    10.3053  36.576362    33.1451    182.058    -0.0077      7.967    69.3803 1.0000e-12  0.9918684    25.4535  0.000e+00
     63.945     64.484    10.3076  36.577355    33.1444    182.166    -0.0297      7.972    70.4132 1.0000e-12  0.4619538    25.4525  0.000e+00
     63.809     64.347    10.3082  36.577666    33.1442    182.815    -0.0370      7.967    70.6456 1.0000e-12  0.4950735    25.4523  0.000e+00
     63.840     64.378    10.3082  36.577915    33.1444    183.047    -0.0297      7.972    70.9812 1.0000e-12  1.3561846    25.4524  0.000e+00
     63.674     64.211    10.3080  36.577790    33.1446    183.275    -0.0224      7.972    71.9625 1.0000e-12  0.8593897    25.4526  0.000e+00
     62.780     63.309    10.3082  36.577413    33.1444    183.320    -0.0297      7.972    73.6667 1.0000e-12  0.8262701    25.4523  0.000e+00
     61.426     61.943    10.3087  36.577346    33.1445    183.354    -0.0224      7.972    72.8920 1.0000e-12  1.2899453    25.4523  0.000e+00
     60.400     60.908    10.3232  36.587929    33.1423    183.177    -0.0150      7.976    73.0728 1.0000e-12  1.6211419    25.4482  0.000e+00
     59.949     60.454    10.3675  36.621125    33.1356    183.320    -0.0224      7.981    73.3568 1.0000e-12  0.1307573    25.4354  0.000e+00
     59.734     60.237    10.3773  36.627790    33.1335    184.708    -0.0297      7.981    73.5892 1.0000e-12  0.8262701    25.4320  0.000e+00
     59.551     60.052    10.3813  36.630905    33.1330    187.125    -0.0297      7.986    77.6949 1.0000e-12  0.3625949    25.4309  0.000e+00
     59.101     59.598    10.3847  36.633458    33.1327    189.441    -0.0224      7.990    81.9038 1.0000e-12 -0.0348410    25.4301  0.000e+00
     58.188     58.678    10.3848  36.633205    33.1327    190.562    -0.0224      7.990    81.0517 1.0000e-12  1.3230650    25.4301  0.000e+00
     57.251     57.732    10.3844  36.632766    33.1330    191.003    -0.0297      7.990    80.5353 1.0000e-12  1.0249880    25.4304  0.000e+00
     56.703     57.180    10.3834  36.631767    33.1332    190.451    -0.0150      7.990    81.3874 1.0000e-12  1.1905863    25.4307  0.000e+00
     56.347     56.821    10.3861  36.633946    33.1331    190.146    -0.0297      7.990    81.6714 1.0000e-12  1.4224239    25.4301  0.000e+00
     55.653     56.121    10.3892  36.636187    33.1328    190.606    -0.0297      7.995    82.8334 1.0000e-12  1.5549026    25.4294  0.000e+00
     54.720     55.180    10.3997  36.644346    33.1319    191.029    -0.0297      7.995    83.6855 1.0000e-12  0.6275521    25.4268  0.000e+00
     54.017     54.471    10.4280  36.665906    33.1281    191.385    -0.0224      8.000    84.2536 1.0000e-12  1.1574667    25.4191  0.000e+00
     53.691     54.142    10.4508  36.683608    33.1253    192.191    -0.0224      8.004    84.7700 1.0000e-12  1.6873812    25.4129  0.000e+00
     53.443     53.892    10.4650  36.694829    33.1237    193.454    -0.0297      8.004    85.2348 1.0000e-12  1.6542615    25.4092  0.000e+00
     52.870     53.314    10.4804  36.706861    33.1221    196.123    -0.0224      8.009    88.9532 1.0000e-12 -0.2335590    25.4053  0.000e+00
     51.825     52.260    10.4920  36.716023    33.1212    198.116    -0.0224      8.014    89.8311 1.0000e-12  0.7600308    25.4026  0.000e+00
     50.771     51.197    10.5024  36.724002    33.1202    199.508    -0.0224      8.018    89.6245 1.0000e-12  0.7931504    25.4000  0.000e+00
     50.180     50.602    10.5089  36.729489    33.1201    200.765    -0.0224      8.018    90.7607 1.0000e-12  0.4288342    25.3988  0.000e+00
     49.869     50.288    10.5143  36.733916    33.1197    201.361    -0.0297      8.018    90.6058 1.0000e-12  0.5613128    25.3976  0.000e+00
     49.593     50.009    10.5164  36.735537    33.1196    201.810    -0.0224      8.018    91.5095 1.0000e-12  0.9256291    25.3971  0.000e+00
     49.434     49.849    10.5174  36.736472    33.1197    202.523    -0.0150      8.023    92.4907 1.0000e-12  1.0249880    25.3970  0.000e+00
     48.921     49.331    10.5186  36.737468    33.1198    203.062    -0.0150      8.023    92.9555 1.0000e-12  0.9587487    25.3969  0.000e+00
     47.589     47.988    10.5312  36.748692    33.1202    202.273    -0.0297      8.023    93.0588 7.3199e-05  0.0313983    25.3950  0.000e+00
     46.016     46.402    10.5503  36.764970    33.1198    202.124    -0.0370      8.027    93.3429 7.3199e-05  1.1574667    25.3913  0.000e+00
     45.074     45.451    10.5606  36.773765    33.1197    202.795    -0.0224      8.027    93.7560 1.0000e-12  0.8925094    25.3895  0.000e+00
     45.008     45.386    10.5685  36.780941    33.1197    202.828    -0.0150      8.027    93.6527 1.0000e-12  0.3957145    25.3881  0.000e+00
     45.238     45.617    10.5661  36.778757    33.1196    202.916    -0.0224      8.027    94.0400 1.0000e-12  0.3625949    25.3885  0.000e+00
     44.897     45.273    10.5677  36.780504    33.1201    203.224    -0.0077      8.027    94.6598 1.0000e-12  0.3625949    25.3885  0.000e+00
     43.834     44.202    10.5761  36.787739    33.1202    203.067    -0.0077      8.027    94.7889 1.0000e-12  0.3625949    25.3871  0.000e+00
     42.805     43.163    10.5808  36.791418    33.1201    202.928    -0.0004      8.027    94.5307 1.0000e-12  1.0249880    25.3862  0.000e+00
     42.146     42.499    10.5895  36.799467    33.1205    203.033    -0.0004      8.027    94.7372 1.0000e-12  2.3166547    25.3850  0.000e+00
     41.668     42.017    10.6103  36.817631    33.1200    203.090    -0.0004      8.032    94.8663 1.0000e-12 -0.0017214    25.3810  0.000e+00
     41.188     41.533    10.6314  36.836797    33.1202    203.974     0.0069      8.032    94.9180 1.0000e-12  1.0581077    25.3775  0.000e+00
     40.647     40.987    10.6555  36.857341    33.1192    203.600     0.0069      8.032    95.0471 1.0000e-12  0.6937915    25.3725  0.000e+00
     39.971     40.305    10.6811  36.880264    33.1192    203.125     0.0069      8.032    95.2795 1.0000e-12 -0.5316359    25.3680  0.000e+00
     39.156     39.484    10.7054  36.901066    33.1183    202.996    -0.0004      8.032    95.4861 1.0000e-12 -0.0348410    25.3631  0.000e+00
     38.345     38.666    10.7483  36.939438    33.1181    203.357     0.0069      8.031    95.6926 1.0000e-12  0.1307573    25.3554  0.000e+00
     37.792     38.108    10.8144  37.000657    33.1194    203.455     0.0216      8.036    95.8217 1.0000e-12  0.5281932    25.3449  0.000e+00
     37.473     37.786    10.9483  37.123467    33.1207    203.166     0.0216      8.040    95.8476 1.0000e-12  0.9587487    25.3223  0.000e+00
     36.971     37.280    11.0229  37.194083    33.1237    203.788     0.0216      8.049    96.0541 1.0000e-12 -0.4985162    25.3114  0.000e+00
     36.165     36.467    11.1517  37.317210    33.1298    205.114     0.0362      8.053    96.3640 1.0000e-12  0.0976376    25.2931  0.000e+00
     35.420     35.716    11.3620  37.514815    33.1359    205.406     0.0729      8.062    96.3898 1.0000e-12  0.2301162    25.2600  0.000e+00
     34.909     35.200    11.6074  37.743286    33.1403    206.011     0.0436      8.075    96.4931 1.0000e-12  0.0313983    25.2187  0.000e+00
     34.434     34.721    11.8687  37.984887    33.1428    207.928     0.0436      8.088    96.7771 1.0000e-12 -0.5647556    25.1723  0.000e+00
     33.809     34.091    12.0077  38.120065    33.1505    210.445     0.0582      8.102    97.0870 1.0000e-12 -0.4653966    25.1523  0.000e+00
     33.015     33.291    12.4507  38.544555    33.1674    211.161     0.0948      8.114    97.2161 1.0000e-12 -0.4985162    25.0812  0.000e+00
     32.159     32.427    12.6962  38.766775    33.1639    213.866     0.1241      8.132    97.2936 1.0000e-12 -0.4985162    25.0311  0.000e+00
     31.458     31.720    12.7945  38.861011    33.1675    216.646     0.1828      8.141    97.4485 1.0000e-12 -0.4653966    25.0147  0.000e+00
     31.102     31.361    12.9164  38.978011    33.1718    216.959     0.1754      8.154    97.5518 1.0000e-12 -0.4653966    24.9941  0.000e+00
     30.969     31.228    13.0426  39.101548    33.1782    217.479     0.1535      8.158    97.5002 1.0000e-12 -0.4985162    24.9742  0.000e+00
     30.565     30.820    13.0691  39.125595    33.1779    218.971     0.2047      8.163    97.5002 1.0000e-12 -0.4985162    24.9687  0.000e+00
     29.614     29.861    13.1725  39.236829    33.1929    219.321     0.2414      8.167    97.4485 1.0000e-12 -0.4985162    24.9597  0.000e+00
     28.503     28.740    13.3189  39.371912    33.1928    219.337     0.2707      8.176    97.4227 1.0000e-12 -0.4653966    24.9304  0.000e+00
     27.806     28.038    13.3708  39.425600    33.1982    219.505     0.2707      8.180    97.3710 1.0000e-12 -0.4653966    24.9241  0.000e+00
     27.700     27.931    13.4286  39.481694    33.2005    220.238     0.2340      8.180    97.2161 1.0000e-12 -0.4653966    24.9142  0.000e+00
     27.676     27.907    13.4501  39.505516    33.2041    220.117     0.3073      8.185    97.1645 1.0000e-12 -0.4653966    24.9128  0.000e+00
     27.103     27.329    13.5014  39.558763    33.2096    220.710     0.3806      8.189    97.0354 1.0000e-12 -0.4985162    24.9066  0.000e+00
     26.078     26.295    13.6065  39.663286    33.2163    220.431     0.3732      8.193    96.9579 1.0000e-12 -0.4653966    24.8904  0.000e+00
     25.291     25.502    13.6983  39.752019    33.2198    220.683     0.4245      8.197    96.9063 1.0000e-12 -0.4653966    24.8744  0.000e+00
     24.988     25.196    13.7251  39.777449    33.2203    221.003     0.4611      8.202    96.6997 3.4694e-04 -0.4985162    24.8693  0.000e+00
     24.786     24.992    13.7290  39.782150    33.2214    220.466     0.5344      8.202    96.5964 1.0000e-12 -0.5647556    24.8694  0.000e+00
     24.239     24.441    13.7232  39.776867    33.2217    221.641     0.6809      8.202    95.6926 1.0000e-12 -0.4653966    24.8708  0.000e+00
     23.382     23.577    13.7256  39.780535    33.2234    222.616     0.8201      8.207    95.7443 8.9907e-04 -0.5316359    24.8716  0.000e+00
     22.582     22.770    13.7371  39.791801    33.2242    222.585     0.8787      8.207    95.6926 6.2223e-04 -0.5647556    24.8698  0.000e+00
     22.151     22.336    13.7577  39.812282    33.2256    221.309     0.8421      8.207    95.6152 1.0000e-12 -0.4653966    24.8666  0.000e+00
     22.067     22.250    13.7758  39.828387    33.2250    221.678     0.8128      8.206    95.5635 1.0000e-12 -0.5316359    24.8624  0.000e+00
     21.924     22.107    13.7755  39.828837    33.2257    221.169     0.9520      8.211    95.3569 7.3199e-05 -0.5978752    24.8631  0.000e+00
     21.377     21.554    13.7771  39.830768    33.2263    221.245     1.0912      8.211    94.9696 7.3199e-05 -0.4985162    24.8632  0.000e+00
     20.487     20.658    13.7775  39.831409    33.2270    221.977     1.0033      8.211    95.1504 1.0000e-12 -0.5316359    24.8636  0.000e+00
     19.612     19.775    13.7786  39.832565    33.2274    221.541     1.0399      8.211    95.0213 1.0000e-12 -0.6309949    24.8637  0.000e+00
     19.001     19.159    13.7786  39.832499    33.2275    220.967     1.0472      8.211    94.9438 1.0000e-12 -0.4653966    24.8638  0.000e+00
     18.630     18.785    13.7782  39.832239    33.2279    220.252     1.0252      8.211    95.0213 4.8439e-04 -0.4985162    24.8641  0.000e+00
     18.382     18.535    13.7796  39.834043    33.2284    221.147     1.0545      8.211    95.0729 7.6046e-04 -0.6309949    24.8642  0.000e+00
     18.087     18.237    13.7801  39.834299    33.2284    221.188     1.1132      8.216    94.9954 8.9907e-04 -0.4653966    24.8641  0.000e+00
     17.692     17.839    13.7791  39.833460    33.2286    219.716     1.0912      8.216    94.9438 7.6046e-04 -0.4985162    24.8644  0.000e+00
     17.114     17.256    13.7786  39.833393    33.2292    220.610     1.0399      8.216    94.9438 2.5932e-03 -0.5647556    24.8650  0.000e+00
     16.139     16.273    13.7779  39.832488    33.2294    221.900     1.0692      8.216    94.9438 3.4620e-03 -0.4653966    24.8653  0.000e+00
     15.041     15.166    13.7778  39.832161    33.2295    220.758     1.0326      8.216    94.9180 3.4694e-04 -0.4653966    24.8654  0.000e+00
     14.526     14.647    13.7778  39.832095    33.2297    220.692     1.0472      8.216    95.0213 1.0000e-12 -0.4653966    24.8655  0.000e+00
     14.837     14.960    13.7782  39.832676    33.2298    221.103     0.9593      8.216    94.9696 8.9907e-04 -0.4653966    24.8655  0.000e+00
     15.115     15.240    13.7785  39.833321    33.2300    221.260     0.9447      8.216    94.9438 4.3455e-03 -0.4985162    24.8656  0.000e+00
     14.491     14.611    13.7784  39.833061    33.2301    221.950     0.9813      8.216    94.8922 8.0324e-03 -0.4653966    24.8657  0.000e+00
     13.209     13.319    13.7782  39.832541    33.2303    221.359     1.0692      8.216    94.9180 7.7156e-03 -0.4653966    24.8659  0.000e+00
     11.984     12.083    13.7779  39.831892    33.2304    221.275     1.1498      8.216    94.8922 2.5932e-03 -0.4985162    24.8660  0.000e+00
     11.260     11.354    13.7781  39.831696    33.2304    222.162     1.1498      8.216    94.9438 3.0257e-03 -0.4653966    24.8659  0.000e+00
     11.071     11.163    13.7783  39.832082    33.2307    221.247     1.0619      8.216    94.9180 3.1707e-03 -0.4653966    24.8660  0.000e+00
     11.104     11.196    13.7782  39.832082    33.2308    221.197     1.0033      8.216    94.8147 8.6715e-03 -0.4653966    24.8661  0.000e+00
     11.083     11.174    13.7785  39.832597    33.2310    221.599     1.0399      8.216    94.8663 1.2833e-02 -0.5647556    24.8662  0.000e+00
     10.667     10.755    13.7783  39.832273    33.2310    221.739     1.0692      8.216    94.8405 1.3700e-02 -0.4985162    24.8663  0.000e+00
      9.854      9.936    13.7776  39.831497    33.2312    221.719     0.9959      8.216    94.8147 1.2833e-02 -0.5978752    24.8665  0.000e+00
      9.111      9.187    13.7775  39.831108    33.2312    220.791     1.0692      8.216    94.9180 1.1807e-02 -0.5978752    24.8666  0.000e+00
      8.602      8.674    13.7777  39.831041    33.2312    222.187     1.1058      8.216    94.9438 1.1807e-02 -0.5978752    24.8665  0.000e+00
      8.287      8.355    13.7784  39.831426    33.2311    222.226     1.0179      8.216    94.8663 1.0632e-02 -0.6309949    24.8663  0.000e+00
