Arg_L1_T1_NV.cnv
* Sea-Bird SBE 9 Data File:
* FileName = S:\CTD_Data\CTD\Data\Argentina 2014\Data\Arg_L1_T1.hex
* Software Version Seasave V 7.21g
* Temperature SN = 5769
* Conductivity SN = 4244
* Number of Bytes Per Scan = 31
* Number of Voltage Words = 4
* Number of Scans Averaged by the Deck Unit = 24
* NMEA Latitude = 45 56.53 S
* NMEA Longitude = 057 43.08 W
* NMEA UTC (Time) = Feb 01 2014 12:15:13
* NMEA baud rate = 9600
** R/V Coriolis II
** MARES project, ARGENTINA 2014
** Chief scientist : Dr. Gustavo Ferreyra
** Co-Chief scientist : Dr. José Luis Esteves
# nquan = 13
# nvalues = 2265                                  
# units = specified
# name 0 = depSM: Depth [salt water, m]
# name 1 = prDM: Pressure, Digiquartz [db]
# name 2 = t090C: Temperature [ITS-90, deg C]
# name 3 = c0mS/cm: Conductivity [mS/cm]
# name 4 = sal00: Salinity, Practical [PSU]
# name 5 = sbeox0Mm/Kg: Oxygen, SBE 43 [umol/Kg]
# name 6 = flECO-AFL: Fluorescence, WET Labs ECO-AFL/FL [mg/m^3]
# name 7 = ph: pH
# name 8 = CStarTr0: Beam Transmission, WET Labs C-Star [%]
# name 9 = par: PAR/Irradiance, Biospherical/Licor
# name 10 = upoly0: Upoly 0, Nitrate
# name 11 = sigma-é00: Density [sigma-theta, Kg/m^3]
# name 12 = flag:  0.000e+00
# span 0 =     -0.218,    603.160                 
# span 1 =     -0.219,    609.044                 
# span 2 =     2.9217,    12.9465                 
# span 3 =   4.422748,  40.011262                 
# span 4 =     3.1371,    34.2953                 
# span 5 =    169.263,    275.771                 
# span 6 =    -0.1396,     1.4795                 
# span 7 =      7.959,      8.255                 
# span 8 =    61.4530,    99.7983                 
# span 9 = 1.0799e-02, 5.5090e+02                 
# span 10 = -0.4985162,  24.871142                
# span 11 =     1.8287,    27.3330                
# span 12 = 0.0000e+00, 0.0000e+00                
# interval = seconds: 1
# start_time = Feb 01 2014 12:15:13 [NMEA time, header]
# bad_flag = -9.990e-29
*END*
[from data line 2001]
     54.768     55.228     7.1247  34.565396    34.0571    244.679     0.8567      8.154    97.7842 2.6567e+00  10.762168    26.6595  0.000e+00
     54.314     54.770     7.1446  34.599932    34.0755    244.689     0.8787      8.154    97.7067 2.7105e+00  10.497210    26.6712  0.000e+00
     53.657     54.108     7.3992  34.826785    34.0723    242.549     0.9520      8.153    97.6034 2.7812e+00  10.397851    26.6330  0.000e+00
     52.883     53.327     7.4453  34.863008    34.0666    243.905     0.9007      8.153    97.5518 2.9197e+00  10.397851    26.6220  0.000e+00
     52.400     52.840     7.4765  34.891973    34.0677    244.193     1.0619      8.153    97.5776 3.0302e+00  10.364732    26.6185  0.000e+00
     52.144     52.582     7.5007  34.914896    34.0689    243.274     1.1425      8.153    97.5260 3.0914e+00  10.662809    26.6159  0.000e+00
     51.746     52.181     7.5475  34.957702    34.0696    243.163     0.9959      8.157    97.4743 3.1900e+00  10.563450    26.6098  0.000e+00
     50.921     51.349     7.6116  35.023907    34.0787    242.922     0.9373      8.157    97.5002 3.4063e+00  10.033535    26.6077  0.000e+00
     49.853     50.271     7.9114  35.291679    34.0746    241.349     0.9813      8.156    97.5002 3.6998e+00  9.7685778    26.5609  0.000e+00
     48.930     49.341     8.0409  35.402563    34.0676    242.184     1.0692      8.155    97.4743 3.9055e+00  9.2717829    26.5362  0.000e+00
     48.135     48.539     8.1143  35.464606    34.0629    242.387     1.1425      8.155    97.4485 4.0296e+00  9.0730650    26.5216  0.000e+00
     47.376     47.773     8.1458  35.495181    34.0653    241.453     1.1864      8.155    97.3969 4.2053e+00  9.0399453    26.5187  0.000e+00
     46.780     47.173     8.2410  35.583587    34.0674    240.298     1.2377      8.154    97.3452 4.4136e+00  9.6360991    26.5061  0.000e+00
     46.352     46.740     8.3847  35.724503    34.0781    240.095     1.2817      8.159    97.2936 4.5797e+00  9.4373812    26.4927  0.000e+00
     45.879     46.264     8.8090  36.110829    34.0766    238.637     1.1644      8.152    97.2419 4.7519e+00  9.2386632    26.4260  0.000e+00
     45.230     45.610     9.1376  36.404647    34.0690    238.495     1.0765      8.151    97.2678 5.0153e+00  9.0730650    26.3679  0.000e+00
     44.520     44.894     9.2562  36.510737    34.0663    239.484     1.1351      8.155    97.2678 5.2932e+00  9.6360991    26.3467  0.000e+00
     43.821     44.188     9.3094  36.559095    34.0661    238.232     1.2597      8.155    97.2161 5.5705e+00  9.6360991    26.3379  0.000e+00
     42.995     43.355     9.3331  36.586988    34.0728    237.132     1.2450      8.155    97.0612 5.8788e+00  9.0068256    26.3393  0.000e+00
     42.084     42.437     9.4173  36.664115    34.0728    236.377     1.2230      8.159    97.0095 6.2747e+00  8.6756291    26.3256  0.000e+00
     41.326     41.672     9.4902  36.731949    34.0740    237.001     1.2817      8.159    96.9579 6.6971e+00  9.3049026    26.3146  0.000e+00
     40.860     41.202     9.5631  36.798961    34.0740    237.464     1.2743      8.158    96.9063 6.9286e+00  9.0730650    26.3026  0.000e+00
     40.333     40.670     9.6605  36.898321    34.0841    236.965     1.2597      8.163    96.6997 7.0672e+00  8.8412274    26.2944  0.000e+00
     39.467     39.798     9.8655  37.080390    34.0771    236.608     1.2890      8.162    96.5964 7.4788e+00  8.4106718    26.2547  0.000e+00
     38.592     38.915     9.8514  37.073877    34.0841    237.400     1.3110      8.167    96.6997 8.0497e+00  7.5826803    26.2626  0.000e+00
     37.979     38.297     9.9012  37.125474    34.0901    237.167     1.3549      8.166    96.7771 8.5180e+00  8.6093897    26.2589  0.000e+00
     37.439     37.752    10.0455  37.269840    34.1014    236.000     1.3769      8.166    96.7255 8.9627e+00  8.4106718    26.2433  0.000e+00
     36.812     37.120    10.2125  37.418699    34.0957    235.434     1.3915      8.165    96.6480 9.4839e+00  7.7813983    26.2103  0.000e+00
     36.248     36.551    10.2539  37.456657    34.0956    236.201     1.3256      8.170    96.5447 9.9787e+00  6.6553299    26.2031  0.000e+00
     35.666     35.964    10.3363  37.541492    34.1043    235.221     1.2963      8.169    96.5189 1.0294e+01  7.6820393    26.1957  0.000e+00
     34.859     35.150    10.4314  37.626779    34.1016    234.773     1.2817      8.174    96.5447 1.0770e+01  7.4502017    26.1771  0.000e+00
     33.994     34.279    10.5304  37.726138    34.1094    234.632     1.2890      8.173    96.5189 1.1525e+01  7.2846034    26.1659  0.000e+00
     33.339     33.618    10.7417  37.928015    34.1150    233.829     1.3036      8.177    96.4931 1.2229e+01  7.3177231    26.1331  0.000e+00
     32.890     33.165    10.8995  38.049950    34.0900    234.422     1.2963      8.176    96.4931 1.2793e+01  7.3839624    26.0856  0.000e+00
     32.396     32.666    11.1968  38.353871    34.1165    233.947     1.2524      8.175    96.2091 1.3460e+01  6.4897316    26.0527  0.000e+00
     32.102     32.370    11.3374  38.462566    34.0941    235.075     1.1937      8.179    95.9767 1.3924e+01  5.8935778    26.0096  0.000e+00
     32.068     32.336    11.3473  38.472922    34.0951    235.257     1.1718      8.179    95.8217 1.3767e+01  5.6286205    26.0086  0.000e+00
     31.869     32.135    11.3586  38.485375    34.0971    234.712     1.1791      8.184    95.6926 1.3767e+01  6.2578940    26.0081  0.000e+00
     31.269     31.530    11.3822  38.509141    34.0990    234.648     1.1058      8.184    95.6926 1.4444e+01  6.2578940    26.0053  0.000e+00
     30.506     30.761    11.4700  38.593456    34.1014    234.251     1.1791      8.188    96.0541 1.5543e+01  6.6884496    25.9910  0.000e+00
     29.775     30.023    11.5972  38.716883    34.1058    233.889     1.2524      8.188    95.8992 1.6678e+01  6.7878085    25.9709  0.000e+00
     29.179     29.422    11.8263  38.936183    34.1103    233.795     1.3036      8.187    95.7443 1.7745e+01  6.4897316    25.9315  0.000e+00
     29.157     29.400    11.9047  38.999405    34.1002    234.498     1.2524      8.191    95.6410 1.8048e+01  5.4630222    25.9089  0.000e+00
     29.631     29.879    11.8198  38.916458    34.0968    234.029     1.2157      8.196    95.6668 1.6867e+01  5.3636632    25.9223  0.000e+00
     30.170     30.421    11.7061  38.814453    34.1012    232.905     1.2377      8.197    95.5635 1.5942e+01  5.5955009    25.9470  0.000e+00
     30.163     30.415    11.7002  38.810819    34.1031    232.152     1.2817      8.201    95.4344 1.6352e+01  6.2910137    25.9496  0.000e+00
     29.789     30.037    11.7438  38.855651    34.1071    232.771     1.2670      8.201    95.3569 1.6820e+01  6.2910137    25.9445  0.000e+00
     29.505     29.751    11.8148  38.925077    34.1099    233.254     1.3183      8.201    95.4086 1.7349e+01  5.3305436    25.9334  0.000e+00
     29.394     29.639    11.9160  39.021450    34.1112    233.283     1.4208      8.205    95.3053 1.7448e+01  4.9331077    25.9153  0.000e+00
     29.354     29.599    11.9802  39.079550    34.1090    233.120     1.2524      8.205    95.2020 1.7645e+01  5.0324667    25.9015  0.000e+00
     29.449     29.695    11.9468  39.042665    34.1036    233.227     1.2377      8.205    95.1504 1.7846e+01  4.1713556    25.9037  0.000e+00
     29.771     30.020    11.7928  38.897632    34.1031    233.003     1.2670      8.210    95.2278 1.7301e+01  4.4031932    25.9323  0.000e+00
     30.154     30.406    11.7013  38.816366    34.1075    232.063     1.2230      8.211    95.3311 1.6444e+01  4.4031932    25.9528  0.000e+00
     30.269     30.522    11.6818  38.798069    34.1074    232.238     1.2890      8.211    95.3569 1.6123e+01  4.2707145    25.9564  0.000e+00
     29.906     30.156    11.7078  38.826058    34.1112    233.179     1.1937      8.215    95.4086 1.6260e+01  4.6350308    25.9544  0.000e+00
     29.233     29.476    11.8744  38.985418    34.1142    233.324     1.2597      8.215    95.2020 1.7301e+01  4.3369538    25.9256  0.000e+00
     28.850     29.091    11.9790  39.081211    34.1120    233.717     1.3549      8.214    95.2020 1.8304e+01  3.9395179    25.9041  0.000e+00
     29.155     29.399    11.9785  39.077055    34.1082    233.663     1.3183      8.214    95.2020 1.7946e+01  3.5089624    25.9013  0.000e+00
     29.776     30.024    11.7597  38.869813    34.1064    233.707     1.2304      8.220    95.2795 1.6678e+01  3.3102444    25.9410  0.000e+00
     30.047     30.298    11.6904  38.808970    34.1104    232.265     1.2890      8.220    95.3828 1.6678e+01  4.1051162    25.9571  0.000e+00
     30.037     30.288    11.6800  38.797494    34.1087    232.161     1.3769      8.220    95.3569 1.6867e+01  4.3038342    25.9577  0.000e+00
     30.215     30.468    11.6492  38.767664    34.1077    233.643     1.2597      8.220    95.3828 1.6491e+01  4.5687915    25.9627  0.000e+00
     30.203     30.455    11.6253  38.746700    34.1091    234.385     1.2230      8.220    95.3569 1.6123e+01  5.3305436    25.9682  0.000e+00
     29.669     29.917    11.7004  38.820000    34.1121    233.752     1.1864      8.220    95.3828 1.7010e+01  4.0719966    25.9565  0.000e+00
     29.178     29.421    11.7526  38.866812    34.1102    234.023     1.2670      8.220    95.2537 1.8356e+01  3.5420821    25.9453  0.000e+00
     29.299     29.544    11.7622  38.872746    34.1071    234.372     1.2817      8.220    95.3053 1.8150e+01  3.5089624    25.9411  0.000e+00
     29.737     29.986    11.6811  38.798577    34.1088    234.327     1.2304      8.220    95.3311 1.6772e+01  4.0388769    25.9576  0.000e+00
     29.777     30.026    11.6705  38.790418    34.1106    233.366     1.2890      8.225    95.3569 1.6491e+01  4.8006291    25.9609  0.000e+00
     29.349     29.594    11.7207  38.836451    34.1097    233.104     1.2524      8.225    95.4344 1.7301e+01  4.5687915    25.9508  0.000e+00
     29.159     29.402    11.7276  38.842828    34.1096    233.917     1.2963      8.225    95.3569 1.8304e+01  4.4363128    25.9495  0.000e+00
     29.665     29.912    11.6684  38.785381    34.1076    234.623     1.3769      8.225    95.4086 1.7645e+01  4.4694325    25.9590  0.000e+00
     30.391     30.645    11.5277  38.652764    34.1066    234.733     1.3769      8.225    95.4344 1.6032e+01  3.7076803    25.9844  0.000e+00
     30.596     30.852    11.4565  38.595303    34.1157    234.454     1.2963      8.226    95.4086 1.6032e+01  4.4694325    26.0045  0.000e+00
     30.129     30.380    11.6202  38.740646    34.1079    233.865     1.1791      8.225    95.4086 1.6444e+01  4.0057573    25.9682  0.000e+00
     29.461     29.707    11.7445  38.861136    34.1119    234.225     1.3110      8.224    95.3569 1.7448e+01  2.7140906    25.9482  0.000e+00
     29.002     29.244    11.7237  38.839957    34.1105    235.096     1.3696      8.225    95.2020 1.8099e+01  2.7140906    25.9509  0.000e+00
     28.889     29.130    11.7148  38.828796    34.1078    234.678     1.3622      8.225    95.2795 1.8201e+01  4.0057573    25.9505  0.000e+00
     29.058     29.300    11.6812  38.798256    34.1087    233.997     1.2963      8.225    95.3828 1.7997e+01  3.6083214    25.9575  0.000e+00
     29.453     29.699    11.6377  38.756446    34.1076    234.228     1.2817      8.225    95.3828 1.7645e+01  3.0784068    25.9647  0.000e+00
     30.045     30.296    11.4961  38.622786    34.1064    234.803     1.2450      8.226    95.3828 1.6725e+01  3.2440051    25.9900  0.000e+00
     30.671     30.927    11.3828  38.523189    34.1126    234.594     1.2157      8.231    95.3828 1.5897e+01  4.0057573    26.0157  0.000e+00
     30.855     31.113    11.3635  38.508062    34.1154    234.138     1.2450      8.231    95.4861 1.5719e+01  3.9395179    26.0214  0.000e+00
     30.162     30.414    11.4496  38.583787    34.1109    234.561     1.2230      8.226    95.5635 1.6214e+01  3.9726376    26.0021  0.000e+00
     28.974     29.216    11.5887  38.717454    34.1146    234.678     1.1937      8.225    95.3569 1.7997e+01  4.3369538    25.9792  0.000e+00
     28.117     28.351    11.6491  38.766828    34.1079    235.295     1.2597      8.225    95.3311 1.9640e+01  3.0784068    25.9628  0.000e+00
     28.152     28.387    11.6574  38.775751    34.1090    235.409     1.2597      8.225    95.3828 1.9696e+01  4.1382359    25.9621  0.000e+00
     28.843     29.084    11.5661  38.689366    34.1079    235.195     1.2304      8.225    95.3828 1.7896e+01  4.3700735    25.9782  0.000e+00
     29.829     30.078    11.5225  38.650662    34.1096    234.029     1.2377      8.230    95.3053 1.4899e+01  3.3764838    25.9876  0.000e+00
     30.484     30.738    11.3837  38.523569    34.1122    234.346     1.1498      8.231    95.3828 1.4773e+01  3.9395179    26.0152  0.000e+00
     30.111     30.362    11.5014  38.641626    34.1201    234.045     1.0985      8.230    95.4861 1.6867e+01  3.9395179    25.9996  0.000e+00
     29.569     29.815    11.5913  38.706563    34.1013    234.627     1.1791      8.230    95.4602 1.7107e+01  3.6083214    25.9684  0.000e+00
     29.269     29.514    11.5829  38.708601    34.1111    235.270     1.2743      8.230    95.3828 1.7398e+01  3.1777658    25.9776  0.000e+00
     29.049     29.292    11.6221  38.744402    34.1103    234.597     1.4575      8.230    95.2795 1.7695e+01  3.3433641    25.9697  0.000e+00
     28.816     29.057    11.6024  38.723950    34.1084    234.850     1.3769      8.230    95.3569 1.8564e+01  3.4096034    25.9719  0.000e+00
     28.893     29.134    11.5967  38.717580    34.1075    235.275     1.2450      8.230    95.3569 1.9257e+01  3.5420821    25.9722  0.000e+00
     29.516     29.762    11.4558  38.585120    34.1067    235.382     1.2743      8.230    95.3311 1.8048e+01  3.6083214    25.9976  0.000e+00
     30.347     30.600    11.3555  38.498971    34.1140    234.875     1.2963      8.231    95.4086 1.5897e+01  3.3102444    26.0218  0.000e+00
     30.724     30.981    11.3280  38.477240    34.1178    234.860     1.1791      8.231    95.4344 1.6032e+01  4.3700735    26.0298  0.000e+00
     30.101     30.353    11.3920  38.537809    34.1188    234.597     1.0985      8.231    95.6152 1.6444e+01  4.3369538    26.0188  0.000e+00
     29.086     29.329    11.5281  38.652377    34.1065    234.529     1.2377      8.230    95.4602 1.7997e+01  4.1051162    25.9841  0.000e+00
     28.467     28.705    11.5421  38.667717    34.1089    235.456     1.3696      8.230    95.3828 1.9530e+01  4.0719966    25.9834  0.000e+00
     28.692     28.931    11.5277  38.651293    34.1059    235.306     1.2377      8.230    95.4602 1.9203e+01  3.4758427    25.9838  0.000e+00
     29.473     29.719    11.4167  38.550268    34.1085    235.417     1.1498      8.231    95.4344 1.6772e+01  3.3433641    26.0062  0.000e+00
     29.959     30.209    11.3750  38.515304    34.1123    234.846     1.1351      8.231    95.3569 1.6352e+01  3.3433641    26.0169  0.000e+00
     29.762     30.010    11.4418  38.575453    34.1101    234.507     1.1425      8.230    95.5635 1.7448e+01  3.3433641    26.0028  0.000e+00
     29.591     29.838    11.3890  38.525282    34.1094    236.035     1.1864      8.231    95.5635 1.8356e+01  3.7739197    26.0121  0.000e+00
     29.735     29.983    11.3768  38.515303    34.1107    235.703     1.2304      8.231    95.5377 1.8201e+01  4.0719966    26.0153  0.000e+00
     29.757     30.005    11.3730  38.511870    34.1109    234.852     1.2377      8.231    95.5893 1.7795e+01  4.1051162    26.0161  0.000e+00
     29.525     29.772    11.3791  38.516827    34.1102    235.448     1.2084      8.231    95.5635 1.8201e+01  3.9063983    26.0145  0.000e+00
     29.496     29.742    11.3818  38.518989    34.1099    236.067     1.1498      8.226    95.5635 1.8201e+01  2.9790479    26.0137  0.000e+00
