Arg_L2_SF04_NV.cnv
* Sea-Bird SBE 9 Data File:
* FileName = S:\CTD_Data\CTD\Data\Argentina 2014\Data\Arg_L2_SF04.hex
* Software Version Seasave V 7.21g
* Temperature SN = 5769
* Conductivity SN = 4244
* Number of Bytes Per Scan = 31
* Number of Voltage Words = 4
* Number of Scans Averaged by the Deck Unit = 24
* NMEA Latitude = 45 56.66 S
* NMEA Longitude = 065 33.73 W
* NMEA UTC (Time) = Feb 07 2014 01:01:23
* NMEA baud rate = 9600
** R/V Coriolis II
** MARES project, ARGENTINA 2014
** Chief scientist : Dr. Gustavo Ferreyra
** Co-Chief scientist : Dr. José Luis Esteves
# nquan = 13
# nvalues = 705                                   
# units = specified
# name 0 = depSM: Depth [salt water, m]
# name 1 = prDM: Pressure, Digiquartz [db]
# name 2 = t090C: Temperature [ITS-90, deg C]
# name 3 = c0mS/cm: Conductivity [mS/cm]
# name 4 = sal00: Salinity, Practical [PSU]
# name 5 = sbeox0Mm/Kg: Oxygen, SBE 43 [umol/Kg]
# name 6 = flECO-AFL: Fluorescence, WET Labs ECO-AFL/FL [mg/m^3]
# name 7 = ph: pH
# name 8 = CStarTr0: Beam Transmission, WET Labs C-Star [%]
# name 9 = par: PAR/Irradiance, Biospherical/Licor
# name 10 = upoly0: Upoly 0, Nitrate
# name 11 = sigma-é00: Density [sigma-theta, Kg/m^3]
# name 12 = flag:  0.000e+00
# span 0 =     -0.411,     84.733                 
# span 1 =     -0.415,     85.452                 
# span 2 =    10.1097,    14.3702                 
# span 3 =   0.454511,  39.846282                 
# span 4 =     0.2812,    33.2258                 
# span 5 =    170.974,    275.404                 
# span 6 =    -0.1396,     1.2524                 
# span 7 =      7.879,      8.225                 
# span 8 =    50.9177,    97.4743                 
# span 9 = 1.0000e-12, 3.9954e+00                 
# span 10 = -0.7303538,  4.3700735                
# span 11 =    -0.5278,    25.5155                
# span 12 = 0.0000e+00, 0.0000e+00                
# interval = seconds: 1
# start_time = Feb 07 2014 01:01:23 [NMEA time, header]
# bad_flag = -9.990e-29
*END*
[from data line 112]
     64.837     65.384    10.4640  36.711832    33.1367    188.899    -0.0077      8.000    76.0939 1.0000e-12  0.5944325    25.4197  0.000e+00
     65.387     65.939    10.4600  36.708404    33.1367    189.024    -0.0077      8.000    76.0423 1.0000e-12  1.5217829    25.4205  0.000e+00
     66.029     66.586    10.4493  36.700363    33.1380    189.176    -0.0077      8.000    75.7841 1.0000e-12  2.3497744    25.4233  0.000e+00
     66.639     67.201    10.4448  36.696873    33.1384    188.625    -0.0004      8.000    75.4742 1.0000e-12  2.8134496    25.4244  0.000e+00
     67.033     67.598    10.4429  36.695690    33.1387    188.478    -0.0004      7.995    75.0869 1.0000e-12  1.7867402    25.4250  0.000e+00
     67.391     67.960    10.4411  36.693946    33.1385    188.168     0.0069      8.000    75.0611 1.0000e-12  2.0516974    25.4251  0.000e+00
     67.947     68.521    10.4337  36.687651    33.1386    188.048    -0.0077      7.995    74.8803 1.0000e-12  1.8860991    25.4265  0.000e+00
     68.643     69.223    10.4190  36.675871    33.1399    187.797    -0.0150      7.995    74.5188 1.0000e-12  1.1905863    25.4301  0.000e+00
     69.257     69.842    10.4070  36.666275    33.1409    187.696    -0.0077      7.995    74.2348 1.0000e-12  2.1179368    25.4329  0.000e+00
     69.772     70.361    10.3979  36.659109    33.1418    187.418    -0.0004      7.995    74.0540 1.0000e-12  2.1179368    25.4352  0.000e+00
     70.271     70.865    10.3936  36.655932    33.1422    186.860    -0.0004      7.990    73.8733 1.0000e-12  1.9523385    25.4363  0.000e+00
     70.623     71.219    10.3923  36.654999    33.1423    186.546    -0.0150      7.990    73.8474 1.0000e-12  1.9523385    25.4366  0.000e+00
     70.979     71.578    10.3895  36.652632    33.1424    186.662    -0.0004      7.990    73.8474 1.0000e-12  2.9128085    25.4371  0.000e+00
     71.577     72.182    10.3840  36.649082    33.1436    186.370    -0.0077      7.990    73.6409 1.0000e-12  2.5153726    25.4390  0.000e+00
     72.293     72.904    10.3739  36.642106    33.1454    185.839    -0.0150      7.990    73.1503 1.0000e-12  2.4160137    25.4422  0.000e+00
     72.797     73.412    10.3488  36.624164    33.1500    185.619    -0.0077      7.986    72.8146 1.0000e-12  2.1841761    25.4500  0.000e+00
     73.091     73.708    10.3508  36.624601    33.1485    185.292    -0.0150      7.986    72.0916 1.0000e-12  1.3561846    25.4486  0.000e+00
     73.510     74.132    10.3119  36.595015    33.1540    185.125    -0.0077      7.981    71.1103 1.0000e-12  2.5816120    25.4594  0.000e+00
     74.127     74.754    10.2844  36.574093    33.1577    184.493    -0.0077      7.981    70.1033 1.0000e-12  3.0784068    25.4671  0.000e+00
     74.909     75.543    10.2599  36.556290    33.1618    182.998    -0.0150      7.977    68.9671 1.0000e-12  3.5752017    25.4744  0.000e+00
     75.600     76.239    10.2464  36.545959    33.1634    181.719    -0.0004      7.972    67.0822 1.0000e-12  4.3700735    25.4780  0.000e+00
     75.979     76.622    10.2418  36.542475    33.1639    180.497     0.0069      7.967    65.9202 1.0000e-12  3.5420821    25.4791  0.000e+00
     76.274     76.919    10.2370  36.538990    33.1647    179.273     0.0069      7.967    65.5845 1.0000e-12  3.4758427    25.4806  0.000e+00
     76.755     77.404    10.2237  36.528847    33.1664    178.773     0.0143      7.967    65.0164 1.0000e-12  3.5089624    25.4842  0.000e+00
     77.457     78.113    10.2078  36.517524    33.1691    178.715    -0.0004      7.963    63.6995 1.0000e-12  3.3764838    25.4890  0.000e+00
     78.085     78.745    10.1985  36.510743    33.1705    177.941    -0.0150      7.963    62.3568 1.0000e-12  2.3166547    25.4917  0.000e+00
     78.385     79.049    10.2028  36.513545    33.1693    177.275     0.0069      7.958    61.6338 1.0000e-12  3.1115265    25.4900  0.000e+00
     78.568     79.234    10.1961  36.509065    33.1708    176.908     0.0216      7.958    61.6596 1.0000e-12  2.7472103    25.4923  0.000e+00
     78.753     79.420    10.1934  36.506764    33.1709    176.693     0.0069      7.958    61.8403 1.0000e-12  2.2172957    25.4928  0.000e+00
     78.998     79.667    10.1921  36.505645    33.1708    176.473     0.0069      7.958    61.6596 1.0000e-12  2.8134496    25.4930  0.000e+00
     79.407     80.080    10.1873  36.502037    33.1714    176.007     0.0069      7.958    61.4530 1.0000e-12  3.6745607    25.4943  0.000e+00
     79.878     80.555    10.1772  36.494822    33.1731    175.560     0.0143      7.958    60.7558 1.0000e-12  3.7408000    25.4973  0.000e+00
     80.281     80.961    10.1758  36.493953    33.1733    175.937     0.0216      7.953    60.7042 1.0000e-12  3.4096034    25.4977  0.000e+00
     80.493     81.175    10.1751  36.493580    33.1735    175.451     0.0289      7.953    60.6784 1.0000e-12  2.6147316    25.4980  0.000e+00
     80.482     81.163    10.1789  36.496318    33.1728    175.272     0.0216      7.953    60.7816 1.0000e-12  2.1841761    25.4968  0.000e+00
     80.507     81.189    10.1754  36.493394    33.1730    175.221     0.0069      7.953    60.7816 1.0000e-12  2.3166547    25.4976  0.000e+00
     80.811     81.495    10.1710  36.490098    33.1736    175.079     0.0143      7.953    60.6525 1.0000e-12  2.3166547    25.4988  0.000e+00
     81.173     81.861    10.1677  36.487797    33.1742    175.199     0.0069      7.953    60.4718 1.0000e-12  1.6873812    25.4998  0.000e+00
     81.102     81.789    10.1724  36.491467    33.1736    174.587     0.0143      7.953    60.3427 1.0000e-12  1.6873812    25.4986  0.000e+00
     80.572     81.255    10.1820  36.497997    33.1716    174.376     0.0143      7.953    59.7488 1.0000e-12  1.6211419    25.4954  0.000e+00
     80.253     80.933    10.1780  36.494948    33.1723    174.483     0.0069      7.953    60.0586 1.0000e-12  1.6542615    25.4966  0.000e+00
     80.563     81.245    10.1799  36.496380    33.1720    174.747     0.0069      7.953    58.7934 1.0000e-12  1.8198598    25.4960  0.000e+00
     81.191     81.879    10.1678  36.487424    33.1737    175.070    -0.0077      7.949    58.1220 1.0000e-12  4.0719966    25.4994  0.000e+00
     81.387     82.077    10.1652  36.485745    33.1743    175.084    -0.0004      7.949    59.4131 1.0000e-12  4.0719966    25.5003  0.000e+00
     81.000     81.686    10.1809  36.497564    33.1720    174.588    -0.0004      7.949    59.5164 1.0000e-12  3.3433641    25.4959  0.000e+00
     80.588     81.271    10.1771  36.493829    33.1718    174.594    -0.0004      7.949    59.2582 1.0000e-12  2.3166547    25.4964  0.000e+00
     80.682     81.365    10.1757  36.492959    33.1722    174.865    -0.0004      7.949    58.7676 1.0000e-12  2.3497744    25.4969  0.000e+00
     81.247     81.935    10.1672  36.486802    33.1736    174.909     0.0069      7.949    58.1478 1.0000e-12  2.3497744    25.4994  0.000e+00
     81.722     82.415    10.1633  36.484005    33.1741    174.935     0.0143      7.949    58.6901 1.0000e-12  2.7140906    25.5005  0.000e+00
     81.616     82.307    10.1678  36.487488    33.1736    174.487     0.0143      7.949    59.9812 1.0000e-12  3.1446462    25.4993  0.000e+00
     81.315     82.004    10.1686  36.487549    33.1730    174.048    -0.0004      7.949    59.1549 1.0000e-12  3.1777658    25.4987  0.000e+00
     81.487     82.177    10.1630  36.483630    33.1741    174.337     0.0069      7.949    59.2840 1.0000e-12  2.7803299    25.5005  0.000e+00
     82.213     82.910    10.1565  36.479092    33.1751    174.213     0.0216      7.949    58.5868 1.0000e-12  2.6809709    25.5025  0.000e+00
     82.834     83.536    10.1473  36.472626    33.1767    173.831     0.0216      7.949    58.0187 1.0000e-12  2.6809709    25.5053  0.000e+00
     82.766     83.467    10.1517  36.475984    33.1761    174.077    -0.0004      7.944    59.0258 1.0000e-12  2.6147316    25.5040  0.000e+00
     82.484     83.184    10.1560  36.478658    33.1750    173.462    -0.0004      7.944    58.3802 1.0000e-12  1.9854581    25.5024  0.000e+00
     82.511     83.211    10.1527  36.476232    33.1756    173.045     0.0069      7.944    58.5093 1.0000e-12  2.0185778    25.5035  0.000e+00
     83.094     83.798    10.1430  36.469330    33.1772    173.623     0.0143      7.944    58.4835 1.0000e-12  2.7140906    25.5064  0.000e+00
     83.676     84.385    10.1363  36.464855    33.1785    173.495     0.0069      7.944    57.8896 1.0000e-12  4.0719966    25.5085  0.000e+00
     83.507     84.215    10.1422  36.469208    33.1777    173.040     0.0069      7.944    58.6126 1.0000e-12  3.3764838    25.5069  0.000e+00
     82.846     83.549    10.1525  36.476358    33.1758    172.824    -0.0004      7.944    58.0962 1.0000e-12  2.4822530    25.5037  0.000e+00
     82.455     83.153    10.1537  36.476792    33.1752    173.076     0.0069      7.944    57.2957 1.0000e-12  2.3828940    25.5030  0.000e+00
     82.713     83.414    10.1499  36.474180    33.1760    173.360     0.0216      7.944    56.5469 1.0000e-12  2.8465692    25.5042  0.000e+00
     83.289     83.995    10.1405  36.467403    33.1775    173.408    -0.0004      7.944    56.3661 1.0000e-12  2.0848171    25.5070  0.000e+00
     83.590     84.299    10.1318  36.461247    33.1790    173.016     0.0069      7.944    58.1478 1.0000e-12  2.1841761    25.5097  0.000e+00
     83.268     83.974    10.1427  36.469331    33.1774    172.969     0.0069      7.944    58.6901 1.0000e-12  2.2172957    25.5066  0.000e+00
     82.768     83.470    10.1451  36.470386    33.1765    172.785    -0.0077      7.944    57.6830 1.0000e-12  2.2172957    25.5054  0.000e+00
     82.721     83.423    10.1462  36.471257    33.1764    172.351     0.0069      7.944    57.0633 1.0000e-12  2.2172957    25.5052  0.000e+00
     83.231     83.937    10.1387  36.465910    33.1777    172.654     0.0069      7.944    56.5211 1.0000e-12  3.6083214    25.5075  0.000e+00
     83.836     84.547    10.1287  36.458761    33.1793    172.969     0.0143      7.944    56.8567 1.0000e-12  3.9063983    25.5104  0.000e+00
     83.837     84.548    10.1291  36.459258    33.1794    172.537     0.0143      7.944    58.5093 1.0000e-12  3.6745607    25.5105  0.000e+00
     83.115     83.819    10.1419  36.468211    33.1770    172.045     0.0069      7.939    57.9671 1.0000e-12  2.7803299    25.5064  0.000e+00
     82.503     83.202    10.1453  36.470323    33.1764    172.285     0.0069      7.944    56.7018 1.0000e-12  2.9790479    25.5053  0.000e+00
     82.729     83.430    10.1420  36.467961    33.1769    172.567    -0.0004      7.944    55.9013 1.0000e-12  2.8796889    25.5063  0.000e+00
     83.542     84.250    10.1315  36.460501    33.1786    172.623    -0.0150      7.944    55.3333 1.0000e-12  2.6147316    25.5094  0.000e+00
     84.117     84.830    10.1220  36.453973    33.1804    172.670     0.0143      7.940    55.9788 1.0000e-12  2.0516974    25.5125  0.000e+00
     83.908     84.620    10.1304  36.460253    33.1792    172.205    -0.0004      7.939    57.8380 1.0000e-12  3.2771248    25.5100  0.000e+00
     83.106     83.811    10.1416  36.467962    33.1771    171.717    -0.0150      7.939    57.0891 1.0000e-12  2.5816120    25.5065  0.000e+00
     82.506     83.205    10.1449  36.470012    33.1764    171.957     0.0143      7.944    55.7464 1.0000e-12  2.1179368    25.5054  0.000e+00
     82.761     83.463    10.1441  36.469516    33.1766    172.231    -0.0004      7.944    55.2558 1.0000e-12  1.9854581    25.5057  0.000e+00
     83.648     84.358    10.1350  36.463113    33.1780    172.713    -0.0077      7.944    54.8943 1.0000e-12  3.5752017    25.5083  0.000e+00
     84.292     85.006    10.1207  36.453166    33.1807    172.780    -0.0004      7.940    55.1783 1.0000e-12  3.5752017    25.5129  0.000e+00
     83.903     84.614    10.1348  36.463674    33.1786    172.454    -0.0004      7.939    57.3215 1.0000e-12  3.1446462    25.5088  0.000e+00
     83.160     83.865    10.1434  36.469206    33.1767    171.977     0.0069      7.939    56.3920 1.0000e-12  2.7803299    25.5059  0.000e+00
     82.815     83.517    10.1438  36.469143    33.1764    171.969     0.0069      7.939    55.2042 1.0000e-12  3.5089624    25.5056  0.000e+00
     83.126     83.831    10.1403  36.466780    33.1771    172.253     0.0069      7.944    54.9718 1.0000e-12  1.2568256    25.5068  0.000e+00
     83.758     84.468    10.1341  36.462429    33.1781    172.290    -0.0004      7.939    55.0492 1.0000e-12  1.8198598    25.5086  0.000e+00
     84.133     84.846    10.1295  36.459321    33.1790    172.745     0.0216      7.939    56.7535 1.0000e-12  2.6147316    25.5100  0.000e+00
     83.861     84.572    10.1357  36.463985    33.1781    172.716     0.0069      7.939    58.8967 1.0000e-12  2.4822530    25.5083  0.000e+00
     83.360     84.067    10.1389  36.465662    33.1772    171.999    -0.0004      7.939    57.4248 1.0000e-12  3.1115265    25.5070  0.000e+00
     83.285     83.991    10.1388  36.465724    33.1774    171.998    -0.0004      7.939    56.6502 1.0000e-12  3.9063983    25.5072  0.000e+00
     83.683     84.392    10.1366  36.464108    33.1776    172.280     0.0143      7.939    56.0563 1.0000e-12  4.1713556    25.5078  0.000e+00
     83.968     84.680    10.1314  36.460627    33.1786    172.735     0.0069      7.939    56.5727 1.0000e-12  3.4096034    25.5095  0.000e+00
     83.810     84.521    10.1354  36.463549    33.1780    172.716    -0.0004      7.939    59.3356 1.0000e-12  2.9128085    25.5083  0.000e+00
     83.687     84.396    10.1364  36.463984    33.1776    172.016    -0.0004      7.939    57.6056 1.0000e-12  2.9790479    25.5078  0.000e+00
     83.839     84.549    10.1347  36.462865    33.1779    172.025     0.0069      7.939    58.3028 1.0000e-12  3.0121675    25.5084  0.000e+00
     84.011     84.723    10.1340  36.462430    33.1781    172.297     0.0216      7.939    59.3615 1.0000e-12  2.8796889    25.5086  0.000e+00
     84.052     84.764    10.1322  36.461124    33.1783    172.304     0.0216      7.939    59.6713 1.0000e-12  1.6211419    25.5091  0.000e+00
     83.917     84.628    10.1355  36.463487    33.1778    172.289     0.0069      7.939    59.4647 1.0000e-12  2.2835350    25.5081  0.000e+00
     83.708     84.418    10.1357  36.463486    33.1777    172.284    -0.0004      7.939    58.7159 1.0000e-12  2.6147316    25.5080  0.000e+00
     83.803     84.514    10.1345  36.462678    33.1779    172.290     0.0069      7.939    58.4060 1.0000e-12  2.7803299    25.5084  0.000e+00
     84.141     84.854    10.1316  36.460503    33.1783    172.309     0.0143      7.939    58.2769 1.0000e-12  3.1115265    25.5091  0.000e+00
     84.195     84.909    10.1291  36.458824    33.1788    172.319     0.0143      7.939    58.5352 1.0000e-12  3.2108855    25.5100  0.000e+00
     83.979     84.691    10.1310  36.459880    33.1782    171.878     0.0069      7.939    58.9483 1.0000e-12  3.2771248    25.5092  0.000e+00
     83.908     84.619    10.1304  36.459631    33.1785    171.878     0.0069      7.939    58.1220 1.0000e-12  3.1777658    25.5096  0.000e+00
     84.067     84.780    10.1291  36.458637    33.1787    172.152     0.0143      7.939    58.6384 1.0000e-12  2.4491333    25.5099  0.000e+00
     84.284     84.999    10.1234  36.454471    33.1796    172.177     0.0216      7.939    59.0774 1.0000e-12  2.1179368    25.5116  0.000e+00
     84.443     85.159    10.1234  36.454534    33.1796    171.751     0.0216      7.939    59.1549 1.0000e-12  2.9128085    25.5116  0.000e+00
     84.452     85.168    10.1240  36.454783    33.1793    171.749     0.0069      7.939    59.2582 1.0000e-12  3.3102444    25.5112  0.000e+00
     84.179     84.893    10.1249  36.455839    33.1797    171.574    -0.0004      7.939    58.9999 1.0000e-12  2.1841761    25.5114  0.000e+00
