Arg_L2_F5_NV.cnv
* Sea-Bird SBE 9 Data File:
* FileName = S:\CTD_Data\CTD\Data\Argentina 2014\Data\Arg_L2_F5.hex
* Software Version Seasave V 7.21g
* Temperature SN = 5769
* Conductivity SN = 4244
* Number of Bytes Per Scan = 31
* Number of Voltage Words = 4
* Number of Scans Averaged by the Deck Unit = 24
* NMEA Latitude = 46 30.59 S
* NMEA Longitude = 065 56.88 W
* NMEA UTC (Time) = Feb 06 2014 02:35:54
* NMEA baud rate = 9600
** R/V Coriolis II
** MARES project, ARGENTINA 2014
** Chief scientist : Dr. Gustavo Ferreyra
** Co-Chief scientist : Dr. José Luis Esteves
# nquan = 13
# nvalues = 683                                   
# units = specified
# name 0 = depSM: Depth [salt water, m]
# name 1 = prDM: Pressure, Digiquartz [db]
# name 2 = t090C: Temperature [ITS-90, deg C]
# name 3 = c0mS/cm: Conductivity [mS/cm]
# name 4 = sal00: Salinity, Practical [PSU]
# name 5 = sbeox0Mm/Kg: Oxygen, SBE 43 [umol/Kg]
# name 6 = flECO-AFL: Fluorescence, WET Labs ECO-AFL/FL [mg/m^3]
# name 7 = ph: pH
# name 8 = CStarTr0: Beam Transmission, WET Labs C-Star [%]
# name 9 = par: PAR/Irradiance, Biospherical/Licor
# name 10 = upoly0: Upoly 0, Nitrate
# name 11 = sigma-é00: Density [sigma-theta, Kg/m^3]
# name 12 = flag:  0.000e+00
# span 0 =     -0.268,     87.625                 
# span 1 =     -0.270,     88.373                 
# span 2 =    10.1465,    13.6894                 
# span 3 =   5.840446,  39.778414                 
# span 4 =     4.1826,    33.2604                 
# span 5 =    169.073,    253.860                 
# span 6 =     0.0069,     0.8641                 
# span 7 =      7.939,      8.223                 
# span 8 =    36.7674,    96.8804                 
# span 9 = 1.0000e-12, 3.0586e-01                 
# span 10 = -0.7634735,  6.7546889                
# span 11 =     2.5897,    25.5559                
# span 12 = 0.0000e+00, 0.0000e+00                
# interval = seconds: 1
# start_time = Feb 06 2014 02:35:54 [NMEA time, header]
# bad_flag = -9.990e-29
*END*
[from data line 667]
      1.558      1.571    13.6606  39.747168    33.2576    224.359     0.5857      8.221    95.2020 1.0000e-12 -0.5978752    24.9106  0.000e+00
      1.884      1.900    13.6606  39.747362    33.2576    224.571     0.6370      8.221    95.2278 1.0000e-12 -0.5978752    24.9107  0.000e+00
      2.279      2.298    13.6605  39.747364    33.2576    222.709     0.6077      8.221    95.2537 1.0000e-12 -0.5978752    24.9107  0.000e+00
      2.244      2.262    13.6613  39.748136    33.2576    223.058     0.6443      8.221    95.2537 1.0000e-12 -0.5978752    24.9105  0.000e+00
      1.880      1.896    13.6615  39.748199    33.2576    222.948     0.6370      8.216    95.2795 7.3199e-05 -0.5978752    24.9105  0.000e+00
      1.260      1.271    13.6603  39.746716    33.2575    224.149     0.6223      8.221    95.2795 1.0000e-12 -0.5978752    24.9106  0.000e+00
      0.982      0.990    13.6606  39.746844    33.2575    222.068     0.6516      8.221    95.2020 1.0000e-12 -0.5978752    24.9106  0.000e+00
      0.990      0.998    13.6599  39.746265    33.2576    221.967     0.6882      8.221    95.2278 3.4694e-04 -0.5978752    24.9108  0.000e+00
      0.796      0.802    13.6606  39.746779    33.2576    223.733     0.6736      8.221    95.3311 7.3199e-05 -0.5978752    24.9106  0.000e+00
      0.542      0.547    13.6618  39.748130    33.2579    223.668     0.6223      8.216    95.3053 3.4694e-04 -0.6309949    24.9106  0.000e+00
      0.076      0.076    13.6656  39.751218    33.2576    223.081     0.6443      8.221    93.2396 4.8439e-04 -0.5978752    24.9096  0.000e+00
     -0.255     -0.257    13.6651  39.623432    33.1390    253.860     0.6003      8.221    74.9061 4.0493e-03 -0.5978752    24.8180  0.000e+00
     -0.181     -0.182    13.6655  39.598679    33.1155    225.420     0.6882      8.221    63.7770 4.9293e-02 -0.5978752    24.7998  0.000e+00
     -0.022     -0.022    13.6674  39.558188    33.0761    200.025     0.6443      8.221    36.7674 1.9877e-01 -0.5647556    24.7689  0.000e+00
     -0.268     -0.270    13.3862   8.202206     5.9931    248.636     0.7029      8.217    37.3355 2.8088e-01 -0.5978752     3.9624  0.000e+00
     -0.262     -0.265    13.2234   5.840446     4.1826    248.496     0.1535      8.223    87.8945 3.0586e-01 -0.4653966     2.5897  0.000e+00
